  -2.2000000000000002      -0.29999999999999999       0.10070493454179255     
  -2.3324879387858299      -0.31569146797114161        9.4875210321309550E-002
  -2.4164635617599970      -0.32572013535416933        9.1362667083410218E-002
  -2.4772425446767903      -0.33302757038974562        8.8907555620565751E-002
  -2.5245589711618588      -0.33874694050615417        8.7046236218189854E-002
  -2.5631327552277723      -0.34342990100775106        8.5560811977124798E-002
  -2.5955950274057642      -0.34738524231915546        8.4332746282480484E-002
  -2.6235566162357178      -0.35080273746828178        8.3290911334223339E-002
  -2.6480725806580869      -0.35380711671264659        8.2389507502981241E-002
  -2.6698701476898035      -0.35648462400325692        8.1597430330268006E-002
  -2.6894710228386280      -0.35889730586977125        8.0892655901304428E-002
  -2.7072617123621492      -0.36109124829330502        8.0259057818761081E-002
  -2.7235362411436821      -0.36310159263991759        7.9684497688155650E-002
  -2.7385232939988624      -0.36495572999193793        7.9159625478689752E-002
  -2.7524041172697409      -0.36667541261523656        7.8677096344273140E-002
  -2.7653247057027830      -0.36827819431188313        7.8231042444656118E-002
  -2.7774043270489579      -0.36977843985670977        7.7816706680390174E-002
  -2.7887416268663978      -0.37118804919124004        7.7430182499909683E-002
  -2.7994190913983763      -0.37251698773454661        7.7068225111107905E-002
  -2.8095063700225200      -0.37377368180833720        7.6728111921481643E-002
  -2.8190627890471185      -0.37496531826889618        7.6407537642939241E-002
  -2.8281392814388688      -0.37609807484813507        7.6104534270328872E-002
  -2.8367798876541732      -0.37717729954124540        7.5817409212559014E-002
  -2.8450229367811768      -0.37820765196421674        7.5544696875030265E-002
  -2.8529019861419687      -0.37919321594130334        7.5285120348621157E-002
  -2.8604465761325448      -0.38013759005855519        7.5037560788574820E-002
  -2.8676828421251108      -0.38104396115144540        7.4801032712446244E-002
  -2.8746340146351455      -0.38191516443715801        7.4574663902639823E-002
  -2.8813208313040986      -0.38275373309527205        7.4357678926174314E-002
  -2.8877618786656520      -0.38356193943819267        7.4149385521844302E-002
  -2.8939738775412698      -0.38434182932309197        7.3949163279529703E-002
  -2.8999719228334491      -0.38509525109126452        7.3756454166161320E-002
  -2.9057696861641764      -0.38582388004460483        7.3570754550298392E-002
  -2.9113795880389266      -0.38652923925841703        7.3391608451169807E-002
  -2.9168129448589473      -0.38721271736790830        7.3218601794577093E-002
  -2.9220800950529040      -0.38787558384022452        7.3051357501694197E-002
  -2.9271905077778690      -0.38851900214582347        7.2889531270744448E-002
  -2.9321528769938499      -0.38914404116579160        7.2732807938137231E-002
  -2.9369752032045944      -0.38975168511052827        7.2580898326644078E-002
  -2.9416648647496881      -0.39034284217641035        7.2433536504875801E-002
  -2.9462286802059174      -0.39091835212787035        7.2290477395659705E-002
  -2.9506729631920030      -0.39147899296068395        7.2151494681643960E-002
  -2.9550035706567286      -0.39202548677657961        7.2016378965132327E-002
  -2.9592259455558834      -0.39255850497831907        7.1884936146208486E-002
  -2.9633451546803053      -0.39307867287720288        7.1756985988976396E-002
  -2.9673659222794382      -0.39358657379078382        7.1632360850478818E-002
  -2.9712926600272804      -0.39408275269683879        7.1510904550764517E-002
  -2.9751294937965547      -0.39456771949989439        7.1392471365813365E-002
  -2.9788802876393055      -0.39504195195845682        7.1276925127723503E-002
  -2.9825486653154765      -0.39550589831426924        7.1164138418817205E-002
  -2.9861380296633788      -0.39595997965917595        7.1053991848211442E-002
  -2.9896515800657593      -0.39640459207032142        7.0946373400988749E-002
  -2.9930923282311213      -0.39684010854030255        7.0841177851449069E-002
  -2.9964631124810177      -0.39726688072539773        7.0738306233061599E-002
  -2.9997666107093708      -0.39768524053201471        7.0637665358704388E-002
  -3.0030053521587767      -0.39809550155895107        7.0539167385607310E-002
  -3.0061817281406649      -0.39849796041087132        7.0442729420120379E-002
  -3.0092980018106252      -0.39889289789652210        7.0348273158036781E-002
  -3.0123563170967884      -0.39928058012358270        7.0255724556723340E-002
  -3.0153587068675476      -0.39966125950064152        7.0165013535761114E-002
  -3.0183071004148432      -0.40003517565557095        7.0076073703189676E-002
  -3.0212033303204895      -0.40040255627851107        6.9988842104786828E-002
  -3.0240491387654029      -0.40076361789675086        6.9903258994110221E-002
  -3.0268461833349360      -0.40111856658798611        6.9819267621283224E-002
  -3.0295960423677051      -0.40146759863772785        6.9736814038731873E-002
  -3.0323002198901863      -0.40181090114601453        6.9655846922275957E-002
  -3.0349601501748698      -0.40214865258803562        6.9576317406148960E-002
  -3.0375772019558083      -0.40248102333279401        6.9498178930673657E-002
  -3.0401526823319101      -0.40280817612351111        6.9421387101452139E-002
  -3.0426878403852373      -0.40313026652310213        6.9345899559048282E-002
  -3.0451838705388474      -0.40344744332771826        6.9271675858243217E-002
  -3.0476419156762824      -0.40375984895105604        6.9198677356037325E-002
  -3.0500630700426674      -0.40406761978187300        6.9126867107653964E-002
  -3.0524483819454491      -0.40437088651691411        6.9056209769872340E-002
  -3.0547988562711081      -0.40466977447124608        6.8986671511082023E-002
  -3.0571154568326371      -0.40496440386780924        6.8918219927509614E-002
  -3.0593991085612227      -0.40525489010783111        6.8850823965118602E-002
  -3.0616506995543356      -0.40554134402359532        6.8784453846730806E-002
  -3.0638710829913349      -0.40582387211492671        6.8719081003958210E-002
  -3.0660610789267131      -0.40610257677063133        6.8654678013571349E-002
  -3.0682214759702084      -0.40637755647602319        6.8591218537964016E-002
  -3.0703530328622177      -0.40664890600757053        6.8528677269403482E-002
  -3.0724564799522200      -0.40691671661560691        6.8467029877782831E-002
  -3.0745325205872645      -0.40718107619597210        6.8406252961616301E-002
  -3.0765818324169900      -0.40744206945137623        6.8346324002040340E-002
  -3.0786050686211071      -0.40769977804321456        6.8287221319603325E-002
  -3.0806028590647894      -0.40795428073450157        6.8228924033644417E-002
  -3.0825758113869788      -0.40820565352453858        6.8171412024079045E-002
  -3.0845245120262121      -0.40845396977588083        6.8114665895422588E-002
  -3.0864495271882095      -0.40869930033412494        6.8058666942898027E-002
  -3.0883514037591393      -0.40894171364099696        6.8003397120484796E-002
  -3.0902306701681601      -0.40918127584118508        6.7948839010778389E-002
  -3.0920878372025822      -0.40941805088332567        6.7894975796538776E-002
  -3.0939233987787187      -0.40965210061552232        6.7841791233816867E-002
  -3.0957378326712859      -0.40988348487574777        6.7789269626555279E-002
  -3.0975316012039809      -0.41011226157745345        6.7737395802567976E-002
  -3.0993051519036920      -0.41033848679068763        6.7686155090810815E-002
  -3.1010589181206023      -0.41056221481900085        6.7635533299860717E-002
  -3.1027933196162945      -0.41078349827239830        6.7585516697527617E-002
  -3.1045087631218116      -0.41100238813657969        6.7536091991529421E-002
  -3.1062056428674905      -0.41121893383868996        6.7487246311163498E-002
  -3.1078843410862595      -0.41143318330978995        6.7438967189915211E-002
  -3.1095452284919753      -0.41164518304424030        6.7391242548945754E-002
  -3.1111886647342630      -0.41185497815617961        6.7344060681407830E-002
  -3.1128149988312286      -0.41206261243326531        6.7297410237539365E-002
  -3.1144245695813182      -0.41226812838783455        6.7251280210490288E-002
  -3.1160177059555161      -0.41247156730563178        6.7205659922839209E-002
  -3.1175947274709914      -0.41267296929224034        6.7160539013760859E-002
  -3.1191559445472365      -0.41287237331734633        6.7115907426806787E-002
  -3.1207016588456660      -0.41306981725695474        6.7071755398264890E-002
  -3.1222321635935888      -0.41326533793367004        6.7028073446065400E-002
  -3.1237477438934063      -0.41345897115514690        6.6984852359202735E-002
  -3.1252486770178334      -0.41365075175080884        6.6942083187645399E-002
  -3.1267352326918911      -0.41384071360692837        6.6899757232706594E-002
  -3.1282076733623776      -0.41402888970015428        6.6857866037851335E-002
  -3.1296662544554712      -0.41421531212956864        6.6816401379916346E-002
  -3.1311112246230901      -0.41440001214734923        6.6775355260720856E-002
  -3.1325428259785877      -0.41458302018810972        6.6734719899047792E-002
  -3.1339612943223321      -0.41476436589698529        6.6694487722975926E-002
  -3.1353668593576849      -0.41494407815652717        6.6654651362544948E-002
  -3.1367597448978644      -0.41512218511246618        6.6615203642736251E-002
  -3.1381401690641475      -0.41529871419840164        6.6576137576753402E-002
  -3.1395083444758436      -0.41547369215946900        6.6537446359587277E-002
  -3.1408644784324431      -0.41564714507503597        6.6499123361851237E-002
  -3.1422087730883246      -0.41581909838047509        6.6461162123873485E-002
  -3.1435414256203802      -0.41598957688805666        6.6423556350033344E-002
  -3.1448626283889021      -0.41615860480700467        6.6386299903330073E-002
  -3.1461725690920472      -0.41632620576275564        6.6349386800172397E-002
  -3.1474714309141900      -0.41649240281545741        6.6312811205378602E-002
  -3.1487593926684463      -0.41665721847774412        6.6276567427376837E-002
  -3.1500366289336408      -0.41682067473182072        6.6240649913596211E-002
  -3.1513033101859764      -0.41698279304588881        6.6205053246039813E-002
  -3.1525596029256477      -0.41714359438994403        6.6169772137030888E-002
  -3.1538056697986305      -0.41730309925097381        6.6134801425124651E-002
  -3.1550416697138632      -0.41746132764758193        6.6100136071177318E-002
  -3.1562677579560288      -0.41761829914406623        6.6065771154566147E-002
  -3.1574840862941342      -0.41777403286397330        6.6031701869552747E-002
  -3.1586908030860705      -0.41792854750315345        6.5997923521783880E-002
  -3.1598880533793330      -0.41808186134233766        6.5964431524923164E-002
  -3.1610759790080674      -0.41823399225925773        6.5931221397408257E-002
  -3.1622547186866026      -0.41838495774032863        6.5898288759327420E-002
  -3.1634244080996177      -0.41853477489191254        6.5865629329411063E-002
  -3.1645851799890932      -0.41868346045118199        6.5833238922132470E-002
  -3.1657371642381755      -0.41883103079659928        6.5801113444913545E-002
  -3.1668804879520907      -0.41897750195802791        6.5769248895430760E-002
  -3.1680152755362276      -0.41912288962649191        6.5737641359017288E-002
  -3.1691416487715092      -0.41926720916359717        6.5706287006157063E-002
  -3.1702597268871635      -0.41941047561062894        6.5675182090066939E-002
  -3.1713696266310012      -0.41955270369733871        6.5644322944363551E-002
  -3.1724714623373007      -0.41969390785043303        6.5613705980810816E-002
  -3.1735653459923983      -0.41983410220177614        6.5583327687145421E-002
  -3.1746513872980762      -0.41997330059631821        6.5553184624976474E-002
  -3.1757296937328330      -0.42011151659975993        6.5523273427756878E-002
  -3.1768003706111250      -0.42024876350596369        6.5493590798823137E-002
  -3.1778635211406554      -0.42038505434412171        6.5464133509500991E-002
  -3.1789192464777885      -0.42052040188569018        6.5434898397274247E-002
  -3.1799676457811628      -0.42065481865109877        6.5405882364014456E-002
  -3.1810088162635703      -0.42078831691624419        6.5377082374268772E-002
  -3.1820428532421721      -0.42092090871877574        6.5348495453603828E-002
  -3.1830698501871093      -0.42105260586418114        6.5320118687003659E-002
  -3.1840898987685757      -0.42118341993168001        6.5291949217319206E-002
  -3.1851030889024035      -0.42131336227993221        6.5263984243767864E-002
  -3.1861095087942242      -0.42144244405256809        6.5236221020480670E-002
  -3.1871092449822536      -0.42157067618354710        6.5208656855095831E-002
  -3.1881023823787529      -0.42169806940235111        6.5181289107396526E-002
  -3.1890890043102158      -0.42182463423901884        6.5154115187991371E-002
  -3.1900691925563263      -0.42195038102902643        6.5127132557036033E-002
  -3.1910430273877330      -0.42207531991802072        6.5100338722994491E-002
  -3.1920105876026827      -0.42219946086640969        6.5073731241438393E-002
  -3.1929719505625536      -0.42232281365381569        6.5047307713883160E-002
  -3.1939271922263281      -0.42244538788339603        6.5021065786659518E-002
  -3.1948763871840424      -0.42256719298603596        6.4995003149819250E-002
  -3.1958196086892490      -0.42268823822441820        6.4969117536073651E-002
  -3.1967569286905269      -0.42280853269697355        6.4943406719764077E-002
  -3.1976884178620733      -0.42292808534171655        6.4917868515862634E-002
  -3.1986141456334076      -0.42304690493997033        6.4892500779002882E-002
  -3.1995341802182189      -0.42316500011998448        6.4867301402538755E-002
  -3.2004485886423857      -0.42328237936044938        6.4842268317630999E-002
  -3.2013574367711977      -0.42339905099391073        6.4817399492360303E-002
  -3.2022607893358042      -0.42351502321008755        6.4792692930866008E-002
  -3.2031587099589194      -0.42363030405909680        6.4768146672509380E-002
  -3.2040512611798038      -0.42374490145458804        6.4743758791061215E-002
  -3.2049385044785494      -0.42385882317679102        6.4719527393912124E-002
  -3.2058205002996938      -0.42397207687547861        6.4695450621305398E-002
  -3.2066973080751793      -0.42408467007284872        6.4671526645591323E-002
  -3.2075689862466841      -0.42419661016632704        6.4647753670502503E-002
  -3.2084355922873447      -0.42430790443129368        6.4624129930449095E-002
  -3.2092971827228851      -0.42441856002373618        6.4600653689833851E-002
  -3.2101538131521803      -0.42452858398283078        6.4577323242385673E-002
  -3.2110055382672633      -0.42463798323345475        6.4554136910511803E-002
  -3.2118524118727994      -0.42474676458863186        6.4531093044667254E-002
  -3.2126944869050429      -0.42485493475191294        6.4508190022741704E-002
  -3.2135318154502919      -0.42496250031969379        6.4485426249462588E-002
  -3.2143644487628573      -0.42506946778347227        6.4462800155814418E-002
  -3.2151924372825635      -0.42517584353204635        6.4440310198473544E-002
  -3.2160158306517905      -0.42528163385365547        6.4417954859257748E-002
  -3.2168346777320775      -0.42538684493806622        6.4395732644590711E-002
  -3.2176490266202959      -0.42549148287860467        6.4373642084980170E-002
  -3.2184589246644091      -0.42559555367413665        6.4351681734509988E-002
  -3.2192644184788302      -0.42569906323099765        6.4329850170345315E-002
  -3.2200655539593881      -0.42580201736487405        6.4308145992250612E-002
  -3.2208623762979185      -0.42590442180263671        6.4286567822120028E-002
  -3.2216549299964856      -0.42600628218412873        6.4265114303519749E-002
  -3.2224432588812482      -0.42610760406390874        6.4243784101242249E-002
  -3.2232274061159822      -0.42620839291295065        6.4222575900871604E-002
  -3.2240074142152664      -0.42630865412030183        6.4201488408359916E-002
  -3.2247833250573450      -0.42640839299470013        6.4180520349614301E-002
  -3.2255551798966722      -0.42650761476615162        6.4159670470094271E-002
  -3.2263230193761530      -0.42660632458746978        6.4138937534419099E-002
  -3.2270868835390853      -0.42670452753577753        6.4118320325984898E-002
  -3.2278468118408123      -0.42680222861397293        6.4097817646591254E-002
  -3.2286028431600968      -0.42689943275215986        6.4077428316076698E-002
  -3.2293550158102207      -0.42699614480904435        6.4057151171963547E-002
  -3.2301033675498210      -0.42709236957329783        6.4036985069110944E-002
  -3.2308479355934683      -0.42718811176488802        6.4016928879376600E-002
  -3.2315887566219965      -0.42728337603637878        6.3996981491286450E-002
  -3.2323258667925869      -0.42737816697419906        6.3977141809712382E-002
  -3.2330593017486193      -0.42747248909988250        6.3957408755557610E-002
  -3.2337890966292924      -0.42756634687127826        6.3937781265449453E-002
  -3.2345152860790192      -0.42765974468373363        6.3918258291439461E-002
  -3.2352379042566093      -0.42775268687124979        6.3898838800710595E-002
  -3.2359569848442367      -0.42784517770761066        6.3879521775291159E-002
  -3.2366725610562046      -0.42793722140748625        6.3860306211775561E-002
  -3.2373846656475096      -0.42802882212751098        6.3841191121051369E-002
  -3.2380933309222106      -0.42811998396733753        6.3822175528032904E-002
  -3.2387985887416120      -0.42821071097066693        6.3803258471400712E-002
  -3.2395004705322590      -0.42830100712625574        6.3784439003347279E-002
  -3.2401990072937581      -0.42839087636890055        6.3765716189328164E-002
  -3.2408942296064187      -0.42848032258040070        6.3747089107819260E-002
  -3.2415861676387294      -0.42856934959049986        6.3728556850079124E-002
  -3.2422748511546673      -0.42865796117780658        6.3710118519916897E-002
  -3.2429603095208455      -0.42874616107069491        6.3691773233465337E-002
  -3.2436425717135071      -0.42883395294818516        6.3673520118958937E-002
  -3.2443216663253636      -0.42892134044080577        6.3655358316516961E-002
  -3.2449976215722862      -0.42900832713143622        6.3637286977931265E-002
  -3.2456704652998529      -0.42909491655613202        6.3619305266458870E-002
  -3.2463402249897544      -0.42918111220493188        6.3601412356618980E-002
  -3.2470069277660607      -0.42926691752264762        6.3583607433994535E-002
  -3.2476706004013582      -0.42935233590963723        6.3565889695037944E-002
  -3.2483312693227520      -0.42943737072256177        6.3548258346881187E-002
  -3.2489889606177429      -0.42952202527512606        6.3530712607149861E-002
  -3.2496437000399818      -0.42960630283880380        6.3513251703781470E-002
  -3.2502955130149007      -0.42969020664354773        6.3495874874847147E-002
  -3.2509444246452284      -0.42977373987848477        6.3478581368377723E-002
  -3.2515904597163896      -0.42985690569259677        6.3461370442193035E-002
  -3.2522336427017926      -0.42993970719538721        6.3444241363735124E-002
  -3.2528739977680083      -0.43002214745753436        6.3427193409904811E-002
  -3.2535115487798416      -0.43010422951153066        6.3410225866901718E-002
  -3.2541463193053000      -0.43018595635230933        6.3393338030067664E-002
  -3.2547783326204605      -0.43026733093785807        6.3376529203733309E-002
  -3.2554076117142370      -0.43034835618982054        6.3359798701067879E-002
  -3.2560341792930521      -0.43042903499408541        6.3343145843932191E-002
  -3.2566580577854132      -0.43050937020136387        6.3326569962734461E-002
  -3.2572792693463990      -0.43058936462775521        6.3310070396289247E-002
  -3.2578978358620541      -0.43066902105530147        6.3293646491679192E-002
  -3.2585137789536969      -0.43074834223253100        6.3277297604119570E-002
  -3.2591271199821428      -0.43082733087499098        6.3261023096825533E-002
  -3.2597378800518420      -0.43090598966576987        6.3244822340882231E-002
  -3.2603460800149375      -0.43098432125600922        6.3228694715117176E-002
  -3.2609517404752428      -0.43106232826540575        6.3212639605975562E-002
  -3.2615548817921423      -0.43114001328270346        6.3196656407397744E-002
  -3.2621555240844140      -0.43121737886617628        6.3180744520699342E-002
  -3.2627536872339808      -0.43129442754410136        6.3164903354453669E-002
  -3.2633493908895876      -0.43137116181522323        6.3149132324376384E-002
  -3.2639426544704082      -0.43144758414920903        6.3133430853212547E-002
  -3.2645334971695821      -0.43152369698709520        6.3117798370625741E-002
  -3.2651219379576855      -0.43159950274172532        6.3102234313089534E-002
  -3.2657079955861334      -0.43167500379818008        6.3086738123780808E-002
  -3.2662916885905213      -0.43175020251419871        6.3071309252475366E-002
  -3.2668730352938997      -0.43182510122059281        6.3055947155445408E-002
  -3.2674520538099894      -0.43189970222165208        6.3040651295359060E-002
  -3.2680287620463360      -0.43197400779554274        6.3025421141181731E-002
  -3.2686031777074041      -0.43204802019469846        6.3010256168079495E-002
  -3.2691753182976169      -0.43212174164620398        6.2995155857324125E-002
  -3.2697452011243362      -0.43219517435217158        6.2980119696200002E-002
  -3.2703128433007889      -0.43226832049011077        6.2965147177912878E-002
  -3.2708782617489405      -0.43234118221329104        6.2950237801500164E-002
  -3.2714414732023132      -0.43241376165109818        6.2935391071743008E-002
  -3.2720024942087549      -0.43248606090938380        6.2920606499080059E-002
  -3.2725613411331573      -0.43255808207080876        6.2905883599522650E-002
  -3.2731180301601244      -0.43262982719518028        6.2891221894571706E-002
  -3.2736725772965913      -0.43270129831978305        6.2876620911136175E-002
  -3.2742249983743985      -0.43277249745970414        6.2862080181452895E-002
  -3.2747753090528189      -0.43284342660815250        6.2847599243007909E-002
  -3.2753235248210375      -0.43291408773677237        6.2833177638459331E-002
  -3.2758696610005904      -0.43298448279595136        6.2818814915561502E-002
  -3.2764137327477578      -0.43305461371512294        6.2804510627090498E-002
  -3.2769557550559165      -0.43312448240306373        6.2790264330771173E-002
  -3.2774957427578491      -0.43319409074818538        6.2776075589205282E-002
  -3.2780337105280135      -0.43326344061882144        6.2761943969800976E-002
  -3.2785696728847729      -0.43333253386350917        6.2747869044703641E-002
  -3.2791036441925865      -0.43340137231126658        6.2733850390727874E-002
  -3.2796356386641614      -0.43346995777186442        6.2719887589290646E-002
  -3.2801656703625692      -0.43353829203609362        6.2705980226345728E-002
  -3.2806937532033231      -0.43360637687602815        6.2692127892319260E-002
  -3.2812199009564220      -0.43367421404528328        6.2678330182046313E-002
  -3.2817441272483574      -0.43374180527926942        6.2664586694708785E-002
  -3.2822664455640873      -0.43380915229544165        6.2650897033774244E-002
  -3.2827868692489761      -0.43387625679354508        6.2637260806935782E-002
  -3.2833054115107005      -0.43394312045585581        6.2623677626053087E-002
  -3.2838220854211255      -0.43400974494741829        6.2610147107094283E-002
