  -2.2000000000000002      -0.29999999999999999       0.10070493454179255     
  -2.3987319081787444      -0.32353720195671248        9.2092978901426592E-002
  -2.5212313588082678      -0.33811562437020282        8.7176891730565212E-002
  -2.6082277702445782      -0.34852676552720308        8.3862203275515579E-002
  -2.6750269406151692      -0.35655969602959059        8.1413972142331967E-002
  -2.7289083195160129      -0.36306579252608628        7.9499108640961338E-002
  -2.7738678696697403      -0.36851351133984306        7.7941440804332685E-002
  -2.8123216321608986      -0.37318688498749891        7.6637622918800968E-002
  -2.8458357285143587      -0.37727054787587538        7.5522346191559994E-002
  -2.8754801900397950      -0.38089098875761840        7.4551956151912221E-002
  -2.9020168387635552      -0.38413848994120076        7.3695964036946685E-002
  -2.9260063320354353      -0.38707964969956465        7.2932312188127846E-002
  -2.9478726717298867      -0.38976494295756470        7.2244573893325129E-002
  -2.9679439025902274      -0.39223350021209497        7.1620216242954005E-002
  -2.9864787866362104      -0.39451624544397285        7.1049478759154377E-002
  -3.0036848591539966      -0.39663802392072312        7.0524624795025692E-002
  -3.0197309934743628      -0.39861908538603980        7.0039427198598819E-002
  -3.0347563566202469      -0.40047614291654776        6.9588806011301532E-002
  -3.0488769278494492      -0.40222314481336163        6.9168567632757791E-002
  -3.0621903319978792      -0.40387184777718105        6.8775213385722803E-002
  -3.0747794828116639      -0.40543224956380580        6.8405796590888246E-002
  -3.0867153700611016      -0.40691292040027321        6.8057814212217918E-002
  -3.0980592201617818      -0.40832126022952087        6.7729123570436339E-002
  -3.1088641913878265      -0.40966370078698211        6.7417877521169789E-002
  -3.1191767185553272      -0.41094586607743622        6.7122473428298551E-002
  -3.1290375903685934      -0.41217270108923759        6.6841512578136517E-002
  -3.1384828205256166      -0.41334857597821623        6.6573767589786781E-002
  -3.1475443580314040      -0.41447737110694072        6.6318156016354962E-002
  -3.1562506709292526      -0.41556254699740219        6.6073718787554594E-002
  -3.1646272294826572      -0.41660720228821146        6.5839602473624137E-002
  -3.1726969088187196      -0.41761412207464077        6.5615044591424920E-002
  -3.1804803265598069      -0.41858581847859555        6.5399361351870827E-002
  -3.1879961275964539      -0.41952456489554002        6.5191937381154891E-002
  -3.1952612255915578      -0.42043242506122180        6.4992217048919790E-002
  -3.2022910088413212      -0.42131127784767630        6.4799697113258031E-002
  -3.2090995165997138      -0.42216283851744774        6.4613920451426374E-002
  -3.2156995907899111      -0.42298867702417581        6.4434470690886925E-002
  -3.2221030070972914      -0.42379023383709630        6.4260967590999640E-002
  -3.2283205887042836      -0.42456883367950765        6.4093063053784732E-002
  -3.2343623053430695      -0.42532569750157917        6.3930437664420206E-002
  -3.2402373598742620      -0.42606195295204657        6.3772797679873525E-002
  -3.2459542642228314      -0.42677864356833717        6.3619872398284719E-002
  -3.2515209061972894      -0.42747673686819099        6.3471411853186763E-002
  -3.2569446084695470      -0.42815713149612045        6.3327184785948440E-002
  -3.2622321807894230      -0.42882066355370735        6.3186976857404001E-002
  -3.2673899663404296      -0.42946811222270331        6.3050589065843862E-002
  -3.2724238830052381      -0.43010020477333888        6.2917836343650349E-002
  -3.2773394601944896      -0.43071762103649508        6.2788546309086105E-002
  -3.2821418717970268      -0.43132099740692592        6.2662558153251363E-002
  -3.2868359657296442      -0.43191093043512235        6.2539721645148635E-002
  -3.2914262904972733      -0.43248798005734368        6.2419896240241253E-002
  -3.2959171191179060      -0.43305267250653867        6.2302950279947415E-002
  -3.3003124707186586      -0.43360550294112382        6.2188760271243954E-002
  -3.3046161300687240      -0.43414693782369546        6.2077210237021035E-002
  -3.3088316652803491      -0.43467741707758861        6.1968191129072293E-002
  -3.3129624438793970      -0.43519735604563592        6.1861600296665417E-002
  -3.3170116474217277      -0.43570714727242837        6.1757341004543040E-002
  -3.3209822848098636      -0.43620716212875815        6.1655321994978272E-002
  -3.3248772044456478      -0.43669775229466223        6.1555457089176771E-002
  -3.3286991053384076      -0.43717925111553180        6.1457664823889556E-002
  -3.3324505472741000      -0.43765197484405982        6.1361868119596902E-002
  -3.3361339601387265      -0.43811622377932763        6.1267993977053223E-002
  -3.3397516524787112      -0.43857228331305126        6.1175973199354174E-002
  -3.3433058193716652      -0.43902042489189019        6.1085740137012588E-002
  -3.3467985496728865      -0.43946090690374329        6.0997232453811584E-002
  -3.3502318326958442      -0.43989397549509984        6.0910390911450632E-002
  -3.3536075643786734      -0.44031986532576034        6.0825159171216808E-002
  -3.3569275529832274      -0.44073880026657836        6.0741483611103403E-002
  -3.3601935243684045      -0.44115099404529134        6.0659313156964739E-002
  -3.3634071268751975      -0.44155665084499007        6.0578599126444296E-002
  -3.3665699358571404      -0.44195596585931984        6.0499295084541799E-002
  -3.3696834578864734      -0.44234912580810071        6.0421356709801463E-002
  -3.3727491346633784      -0.44273630941669306        6.0344741670204399E-002
  -3.3757683466529897      -0.44311768786211492        6.0269409507939103E-002
  -3.3787424164725222      -0.44349342518863000        6.0195321532304516E-002
  -3.3816726120487588      -0.44386367869527127        6.0122440720071467E-002
  -3.3845601495642605      -0.44422859929753605        6.0050731622692526E-002
  -3.3874061962089668      -0.44458833186528351        5.9980160279807203E-002
  -3.3902118727523516      -0.44494301553868321        5.9910694138540797E-002
  -3.3929782559499451      -0.44529278402389660        5.9842301978140736E-002
  -3.3957063807968022      -0.44563776587002746        5.9774953839535495E-002
  -3.3983972426394082      -0.44597808472874145        5.9708620959438102E-002
  -3.4010517991565186      -0.44631385959783604        5.9643275708649662E-002
  -3.4036709722185345      -0.44664520504993249        5.9578891534247773E-002
  -3.4062556496342120      -0.44697223144736364        5.9515442905372425E-002
  -3.4088066867927584      -0.44729504514424168        5.9452905262346055E-002
  -3.4113249082087274      -0.44761374867660997        5.9391254968886038E-002
  -3.4138111089764980      -0.44792844094150908        5.9330469267189372E-002
  -3.4162660561405973      -0.44823921736572109        5.9270526235685371E-002
  -3.4186904899876147      -0.44854617006489550        5.9211404749270648E-002
  -3.4210851252650136      -0.44884938799370472        5.9153084441854194E-002
  -3.4234506523317259      -0.44914895708762742        5.9095545671054829E-002
  -3.4257877382450439      -0.44944496039691129        5.9038769484905294E-002
  -3.4280970277879796      -0.44973747821322585        5.8982737590428665E-002
  -3.4303791444409457      -0.45002658818947694        5.8927432323963094E-002
  -3.4326346913013253      -0.45031236545321940        5.8872836623120373E-002
  -3.4348642519542372      -0.45059488271407339        5.8818934000272119E-002
  -3.4370683912975593      -0.45087421036551839        5.8765708517465896E-002
  -3.4392476563240524      -0.45115041658141419        5.8713144762680136E-002
  -3.4414025768632230      -0.45142356740757150        5.8661227827333663E-002
  -3.4435336662853775      -0.45169372684867276        5.8609943284971787E-002
  -3.4456414221701461      -0.45196095695082289        5.8559277171056509E-002
  -3.4477263269416025      -0.45222531787998987        5.8509215963793028E-002
  -3.4497888484719472      -0.45248686799657750        5.8459746565930518E-002
  -3.4518294406556054      -0.45274566392635629        5.8410856287477997E-002
  -3.4538485439554463      -0.45300176062796277        5.8362532829282034E-002
  -3.4558465859227350      -0.45325521145716430        5.8314764267414533E-002
  -3.4578239816923055      -0.45350606822807260        5.8267539038324344E-002
  -3.4597811344543565      -0.45375438127147760        5.8220845924708185E-002
  -3.4617184359041775      -0.45400019949046250        5.8174674042059803E-002
  -3.4636362666710254      -0.45424357041344954        5.8129012825859014E-002
  -3.4655349967272979      -0.45448454024481777        5.8083852019364834E-002
  -3.4674149857790741      -0.45472315391322382        5.8039181661978856E-002
  -3.4692765836390311      -0.45495945511774999        5.7994992078147574E-002
  -3.4711201305826735      -0.45519348637199458        5.7951273866774171E-002
  -3.4729459576887658      -0.45542528904621404        5.7908017891112190E-002
  -3.4747543871647921      -0.45565490340761811        5.7865215269115165E-002
  -3.4765457326582303      -0.45588236865891485        5.7822857364217911E-002
  -3.4783202995543658      -0.45610772297519481        5.7780935776526716E-002
  -3.4800783852613399      -0.45633100353923983        5.7739442334397088E-002
  -3.4818202794830797      -0.45655224657533583        5.7698369086378765E-002
  -3.4835462644807205      -0.45677148738166495        5.7657708293509156E-002
  -3.4852566153230948      -0.45698876036134772        5.7617452421937512E-002
  -3.4869516001268308      -0.45720409905220211        5.7577594135862817E-002
  -3.4886314802865708      -0.45741753615528236        5.7538126290770097E-002
  -3.4902965106957931      -0.45762910356225661        5.7499041926949546E-002
  -3.4919469399586895      -0.45783883238167994        5.7460334263285236E-002
  -3.4935830105935315      -0.45804675296421504        5.7421996691299625E-002
  -3.4952049592279253      -0.45825289492685117        5.7384022769441802E-002
  -3.4968130167863456      -0.45845728717616796        5.7346406217607324E-002
  -3.4984074086703063      -0.45865995793068937        5.7309140911878872E-002
  -3.4999883549315105      -0.45886093474236955        5.7272220879477011E-002
  -3.5015560704383080      -0.45906024451725080        5.7235640293911205E-002
  -3.5031107650357631      -0.45925791353533163        5.7199393470321637E-002
  -3.5046526436996270      -0.45945396746968031        5.7163474861003129E-002
  -3.5061819066844859      -0.45964843140482847        5.7127879051102601E-002
  -3.5076987496663521      -0.45984132985447657        5.7092600754481977E-002
  -3.5092033638799398      -0.46003268677854192        5.7057634809739494E-002
  -3.5106959362508641      -0.46022252559957816        5.7022976176381648E-002
  -3.5121766495229849      -0.46041086921859392        5.6988619931139510E-002
  -3.5136456823811075      -0.46059774003029635        5.6954561264422769E-002
  -3.5151032095692392      -0.46078315993778479        5.6920795476905255E-002
  -3.5165494020045966      -0.46096715036671787        5.6887317976236661E-002
  -3.5179844268875415      -0.46114973227897654        5.6854124273874339E-002
  -3.5194084478076184      -0.46133092618584420        5.6821209982030552E-002
  -3.5208216248458593      -0.46151075216072435        5.6788570810729702E-002
  -3.5222241146735112      -0.46168922985141503        5.6756202564971318E-002
  -3.5236160706473334      -0.46186637849195827        5.6724101141993874E-002
  -3.5249976429016074      -0.46204221691408204        5.6692262528635531E-002
  -3.5263689784369943      -0.46221676355825153        5.6660682798787651E-002
  -3.5277302212063661      -0.46239003648434529        5.6629358110936980E-002
  -3.5290815121977372      -0.46256205338197176        5.6598284705793353E-002
  -3.5304229895144066      -0.46273283158044004        5.6567458903998856E-002
  -3.5317547884524272      -0.46290238805839934        5.6536877103915459E-002
  -3.5330770415755057      -0.46307073945315957        5.6506535779487978E-002
  -3.5343898787874357      -0.46323790206970583        5.6476431478179025E-002
  -3.5356934274021579      -0.46340389188941905        5.6446560818973479E-002
  -3.5369878122115428      -0.46356872457851350        5.6416920490449197E-002
  -3.5382731555509834      -0.46373241549620287        5.6387507248912082E-002
  -3.5395495773628776      -0.46389497970260446        5.6358317916592154E-002
  -3.5408171952580885      -0.46405643196639229        5.6329349379898877E-002
  -3.5420761245754520      -0.46421678677220801        5.6300598587733224E-002
  -3.5433264784394094      -0.46437605832783890        5.6272062549854139E-002
  -3.5445683678158346      -0.46453426057117186        5.6243738335297618E-002
  -3.5458019015661222      -0.46469140717693130        5.6215623070846266E-002
  -3.5470271864996010      -0.46484751156320925        5.6187713939547232E-002
  -3.5482443274243356      -0.46500258689779517        5.6160008179277160E-002
  -3.5494534271963731      -0.46515664610431279        5.6132503081351828E-002
  -3.5506545867674943      -0.46530970186817094        5.6105195989179478E-002
  -3.5518479052315191      -0.46546176664233513        5.6078084296955467E-002
  -3.5530334798692231      -0.46561285265292612        5.6051165448397486E-002
  -3.5542114061919117      -0.46576297190465205        5.6024436935519187E-002
  -3.5553817779836985      -0.46591213618607946        5.5997896297441396E-002
  -3.5565446873425377      -0.46606035707474941        5.5971541119239181E-002
  -3.5577002247200507      -0.46620764594214364        5.5945369030823554E-002
  -3.5588484789601904      -0.46635401395850651        5.5919377705856803E-002
  -3.5599895373367834      -0.46649947209752707        5.5893564860699921E-002
  -3.5611234855899876      -0.46664403114088676        5.5867928253391270E-002
  -3.5622504079617054      -0.46678770168267686        5.5842465682655246E-002
  -3.5633703872299853      -0.46693049413369014        5.5817174986939895E-002
  -3.5644835047424466      -0.46707241872559130        5.5792054043482683E-002
  -3.5655898404487605      -0.46721348551496988        5.5767100767403120E-002
  -3.5666894729322212      -0.46735370438728002        5.5742313110821499E-002
  -3.5677824794404347      -0.46749308506067022        5.5717689062002994E-002
  -3.5688689359151549      -0.46763163708970740        5.5693226644525917E-002
  -3.5699489170212955      -0.46776936986899814        5.5668923916473663E-002
  -3.5710224961751473      -0.46790629263671119        5.5644778969649318E-002
  -3.5720897455718221      -0.46804241447800360        5.5620789928812302E-002
  -3.5731507362119519      -0.46817774432835424        5.5596954950936278E-002
  -3.5742055379276656      -0.46831229097680743        5.5573272224487436E-002
  -3.5752542194078689      -0.46844606306912973        5.5549739968723068E-002
  -3.5762968482228463      -0.46857906911088232        5.5526356433008899E-002
  -3.5773334908482091      -0.46871131747041217        5.5503119896155320E-002
  -3.5783642126882080      -0.46884281638176389        5.5480028665771605E-002
  -3.5793890780984352      -0.46897357394751554        5.5457081077637430E-002
  -3.5804081504079277      -0.46910359814153996        5.5434275495091438E-002
  -3.5814214919406973      -0.46923289681169472        5.5411610308435902E-002
  -3.5824291640366996      -0.46936147768244213        5.5389083934357493E-002
  -3.5834312270722650      -0.46948934835740214        5.5366694815363098E-002
  -3.5844277404800025      -0.46961651632183982        5.5344441419230686E-002
  -3.5854187627681959      -0.46974298894508931        5.5322322238474386E-002
  -3.5864043515397070      -0.46986877348291667        5.5300335789823601E-002
  -3.5873845635104011      -0.46999387707982271        5.5278480613715632E-002
  -3.5883594545271071      -0.47011830677128846        5.5256755273801285E-002
  -3.5893290795851303      -0.47024206948596420        5.5235158356463282E-002
  -3.5902934928453254      -0.47036517204780431        5.5213688470346814E-002
  -3.5912527476507496      -0.47048762117814935        5.5192344245902240E-002
  -3.5922068965429022      -0.47060942349775664        5.5171124334939189E-002
  -3.5931559912775648      -0.47073058552878150        5.5150027410191892E-002
  -3.5941000828402565      -0.47085111369670973        5.5129052164895498E-002
  -3.5950392214613114      -0.47097101433224359        5.5108197312372868E-002
  -3.5959734566305914      -0.47109029367314204        5.5087461585631617E-002
  -3.5969028371118448      -0.47120895786601685        5.5066843736971169E-002
  -3.5978274109567181      -0.47132701296808566        5.5046342537599449E-002
  -3.5987472255184376      -0.47144446494888337        5.5025956777258862E-002
  -3.5996623274651611      -0.47156131969193293        5.5005685263861542E-002
  -3.6005727627930173      -0.47167758299637674        5.4985526823133291E-002
  -3.6014785768388360      -0.47179326057856980        5.4965480298266194E-002
  -3.6023798142925805      -0.47190835807363546        5.4945544549579485E-002
  -3.6032765192094902      -0.47202288103698514        5.4925718454188734E-002
  -3.6041687350219416      -0.47213683494580283        5.4906000905682567E-002
  -3.6050565045510328      -0.47225022520049525        5.4886390813807334E-002
  -3.6059398700179042      -0.47236305712610882        5.4866887104159150E-002
  -3.6068188730547979      -0.47247533597371422        5.4847488717882968E-002
  -3.6076935547158659      -0.47258706692175950        5.4828194611379000E-002
  -3.6085639554877309      -0.47269825507739255        5.4809003756015710E-002
  -3.6094301152998116      -0.47280890547775362        5.4789915137849553E-002
  -3.6102920735344117      -0.47291902309123895        5.4770927757351227E-002
  -3.6111498690365855      -0.47302861281873615        5.4752040629138160E-002
  -3.6120035401237831      -0.47313767949483204        5.4733252781712975E-002
  -3.6128531245952793      -0.47324622788899373        5.4714563257208214E-002
  -3.6136986597413965      -0.47335426270672382        5.4695971111136554E-002
  -3.6145401823525223      -0.47346178859068988        5.4677475412146827E-002
  -3.6153777287279305      -0.47356881012182950        5.4659075241785468E-002
  -3.6162113346844094      -0.47367533182043131        5.4640769694263257E-002
  -3.6170410355647018      -0.47378135814719224        5.4622557876227343E-002
  -3.6178668662457634      -0.47388689350425234        5.4604438906538245E-002
  -3.6186888611468406      -0.47399194223620700        5.4586411916051916E-002
  -3.6195070542373791      -0.47409650863109787        5.4568476047406278E-002
  -3.6203214790447582      -0.47420059692138222        5.4550630454812919E-002
  -3.6211321686618652      -0.47430421128488209        5.4532874303852848E-002
  -3.6219391557545060      -0.47440735584571320        5.4515206771277004E-002
  -3.6227424725686603      -0.47451003467519420        5.4497627044810953E-002
  -3.6235421509375847      -0.47461225179273714        5.4480134322963822E-002
  -3.6243382222887650      -0.47471401116671902        5.4462727814841329E-002
  -3.6251307176507268      -0.47481531671533539        5.4445406739962787E-002
  -3.6259196676597019      -0.47491617230743627        5.4428170328081997E-002
  -3.6267051025661572      -0.47501658176334483        5.4411017819012010E-002
  -3.6274870522411899      -0.47511654885565907        5.4393948462453462E-002
  -3.6282655461827908      -0.47521607731003729        5.4376961517826693E-002
  -3.6290406135219797      -0.47531517080596752        5.4360056254107142E-002
  -3.6298122830288162      -0.47541383297752121        5.4343231949664422E-002
  -3.6305805831182876      -0.47551206741409180        5.4326487892104550E-002
  -3.6313455418560796      -0.47560987766111829        5.4309823378115518E-002
  -3.6321071869642290      -0.47570726722079454        5.4293237713316067E-002
  -3.6328655458266641      -0.47580423955276396        5.4276730212107535E-002
  -3.6336206454946343      -0.47590079807480090        5.4260300197528734E-002
  -3.6343725126920314      -0.47599694616347799        5.4243947001113756E-002
  -3.6351211738206071      -0.47609268715482073        5.4227669962752738E-002
  -3.6358666549650844      -0.47618802434494906        5.4211468430555305E-002
  -3.6366089818981715      -0.47628296099070616        5.4195341760716997E-002
  -3.6373481800854766      -0.47637750031027520        5.4179289317388100E-002
  -3.6380842746903261      -0.47647164548378412        5.4163310472545259E-002
  -3.6388172905784892      -0.47656539965389844        5.4147404605865597E-002
  -3.6395472523228127      -0.47665876592640288        5.4131571104603392E-002
  -3.6402741842077644      -0.47675174737077164        5.4115809363469124E-002
  -3.6409981102338898      -0.47684434702072781        5.4100118784510869E-002
  -3.6417190541221842      -0.47693656787479211        5.4084498776998106E-002
  -3.6424370393183816      -0.47702841289682119        5.4068948757307715E-002
  -3.6431520889971591      -0.47711988501653568        5.4053468148812331E-002
  -3.6438642260662668      -0.47721098713003834        5.4038056381770602E-002
  -3.6445734731705746      -0.47730172210032235        5.4022712893219894E-002
  -3.6452798526960475      -0.47739209275777023        5.4007437126870728E-002
  -3.6459833867736431      -0.47748210190064344        5.3992228533003526E-002
  -3.6466840972831380      -0.47757175229556265        5.3977086568367146E-002
  -3.6473820058568824      -0.47766104667797937        5.3962010696079400E-002
  -3.6480771338834863      -0.47774998775263872        5.3947000385529541E-002
  -3.6487695025114357      -0.47783857819403364        5.3932055112282398E-002
  -3.6494591326526447      -0.47792682064685105        5.3917174357984543E-002
  -3.6501460449859411      -0.47801471772640952        5.3902357610272018E-002
  -3.6508302599604874      -0.47810227201908917        5.3887604362679940E-002
  -3.6515117977991429      -0.47818948608275369        5.3872914114553694E-002
  -3.6521906785017606      -0.47827636244716482        5.3858286370961829E-002
  -3.6528669218484278      -0.47836290361438910        5.3843720642610518E-002
  -3.6535405474026472      -0.47844911205919788        5.3829216445759609E-002
  -3.6542115745144614      -0.47853499022945950        5.3814773302140233E-002
  -3.6548800223235203      -0.47862054054652492        5.3800390738873959E-002
  -3.6555459097620946      -0.47870576540560639        5.3786068288393302E-002
  -3.6562092555580374      -0.47879066717614943        5.3771805488363737E-002
  -3.6568700782376906      -0.47887524820219812        5.3757601881607248E-002
  -3.6575283961287424      -0.47895951080275423        5.3743457016027008E-002
  -3.6581842273630327      -0.47904345727212971        5.3729370444533645E-002
  -3.6588375898793113      -0.47912708988029340        5.3715341724972700E-002
  -3.6594885014259466      -0.47921041087321142        5.3701370420053358E-002
  -3.6601369795635872      -0.47929342247318180        5.3687456097278617E-002
  -3.6607830416677789      -0.47937612687916326        5.3673598328876505E-002
  -3.6614267049315350      -0.47945852626709845        5.3659796691732549E-002
  -3.6620679863678625      -0.47954062279023146        5.3646050767323580E-002
  -3.6627069028122450      -0.47962241857942006        5.3632360141652492E-002
  -3.6633434709250845      -0.47970391574344240        5.3618724405184358E-002
  -3.6639777071940998      -0.47978511636929888        5.3605143152783377E-002
  -3.6646096279366849      -0.47986602252250848        5.3591615983651260E-002
  -3.6652392493022283      -0.47994663624740036        5.3578142501266406E-002
  -3.6658665872743907      -0.48002695956740049        5.3564722313324251E-002
  -3.6664916576733479      -0.48010699448531335        5.3551355031678606E-002
  -3.6671144761579932      -0.48018674298359920        5.3538040272284072E-002
  -3.6677350582281045      -0.48026620702464640        5.3524777655139341E-002
  -3.6683534192264746      -0.48034538855103953        5.3511566804231532E-002
  -3.6689695743410069      -0.48042428948582272        5.3498407347481389E-002
  -3.6695835386067750      -0.48050291173275900        5.3485298916689579E-002
  -3.6701953269080514      -0.48058125717658506        5.3472241147483626E-002
  -3.6708049539802983      -0.48065932768326214        5.3459233679266069E-002
  -3.6714124344121295      -0.48073712510022248        5.3446276155163196E-002
  -3.6720177826472398      -0.48081465125661216        5.3433368221974767E-002
  -3.6726210129863008      -0.48089190796352960        5.3420509530124609E-002
  -3.6732221395888285      -0.48096889701426049        5.3407699733611917E-002
  -3.6738211764750184      -0.48104562018450875        5.3394938489963489E-002
  -3.6744181375275531      -0.48112207923262379        5.3382225460186686E-002
  -3.6750130364933793      -0.48119827589982439        5.3369560308723106E-002
  -3.6756058869854580      -0.48127421191041858        5.3356942703403111E-002
  -3.6761967024844848      -0.48134988897202030        5.3344372315401095E-002
  -3.6767854963405835      -0.48142530877576256        5.3331848819191410E-002
  -3.6773722817749732      -0.48150047299650728        5.3319371892505088E-002
  -3.6779570718816097      -0.48157538329305161        5.3306941216287151E-002
  -3.6785398796287989      -0.48165004130833122        5.3294556474654815E-002
  -3.6791207178607870      -0.48172444866962033        5.3282217354856061E-002
  -3.6796995992993238      -0.48179860698872862        5.3269923547229231E-002
  -3.6802765365452039      -0.48187251786219504        5.3257674745162895E-002
  -3.6808515420797816      -0.48194618287147856        5.3245470645056740E-002
  -3.6814246282664636      -0.48201960358314622        5.3233310946282711E-002
  -3.6819958073521781      -0.48209278154905782        5.3221195351147076E-002
  -3.6825650914688213      -0.48216571830654825        5.3209123564852891E-002
  -3.6831324926346820      -0.48223841537860673        5.3197095295463154E-002
  -3.6836980227558436      -0.48231087427405334        5.3185110253864486E-002
  -3.6842616936275649      -0.48238309648771283        5.3173168153731430E-002
  -3.6848235169356407      -0.48245508350058608        5.3161268711491252E-002
  -3.6853835042577403      -0.48252683678001845        5.3149411646289314E-002
  -3.6859416670647271      -0.48259835777986609        5.3137596679955025E-002
  -3.6864980167219561      -0.48266964794065931        5.3125823536968278E-002
  -3.6870525644905547      -0.48274070868976376        5.3114091944426352E-002
  -3.6876053215286828      -0.48281154144153926        5.3102401632011492E-002
  -3.6881562988927725      -0.48288214759749593        5.3090752331958702E-002
  -3.6887055075387520      -0.48295252854644827        5.3079143779024417E-002
  -3.6892529583232507      -0.48302268566466683        5.3067575710455235E-002
  -3.6897986620047836      -0.48309262031602773        5.3056047865957467E-002
  -3.6903426292449222      -0.48316233385215979        5.3044559987666967E-002
  -3.6908848706094459      -0.48323182761258976        5.3033111820119445E-002
  -3.6914253965694757      -0.48330110292488515        5.3021703110221252E-002
  -3.6919642175025933      -0.48337016110479508        5.3010333607220572E-002
  -3.6925013436939422      -0.48343900345638913        5.2999003062679143E-002
  -3.6930367853373141      -0.48350763127219404        5.2987711230444261E-002
  -3.6935705525362179      -0.48357604583332864        5.2976457866621231E-002
  -3.6941026553049339      -0.48364424840963643        5.2965242729546412E-002
  -3.6946331035695534      -0.48371224025981674        5.2954065579760325E-002
  -3.6951619071690027      -0.48378002263155367        5.2942926179981462E-002
  -3.6956890758560519      -0.48384759676164318        5.2931824295080337E-002
  -3.6962146192983094      -0.48391496387611854        5.2920759692053954E-002
  -3.6967385470792036      -0.48398212519037392        5.2909732140000595E-002
  -3.6972608686989483      -0.48404908190928608        5.2898741410095089E-002
  -3.6977815935754959      -0.48411583522733453        5.2887787275564341E-002
  -3.6983007310454763      -0.48418238632871985        5.2876869511663212E-002
  -3.6988182903651241      -0.48424873638748045        5.2865987895650828E-002
  -3.6993342807111897      -0.48431488656760763        5.2855142206767194E-002
  -3.6998487111818403      -0.48438083802315890        5.2844332226210128E-002
  -3.7003615907975469      -0.48444659189836997        5.2833557737112513E-002
  -3.7008729285019593      -0.48451214932776498        5.2822818524519956E-002
  -3.7013827331627698      -0.48457751143626526        5.2812114375368653E-002
  -3.7018910135725624      -0.48464267933929661        5.2801445078463606E-002
  -3.7023977784496522      -0.48470765414289496        5.2790810424457275E-002
  -3.7029030364389133      -0.48477243694381073        5.2780210205828341E-002
  -3.7034067961125943      -0.48483702882961177        5.2769644216860860E-002
  -3.7039090659711222      -0.48490143087878462        5.2759112253623758E-002
  -3.7044098544438966      -0.48496564416083471        5.2748614113950466E-002
  -3.7049091698900729      -0.48502966973638501        5.2738149597419064E-002
  -3.7054070205993335      -0.48509350865727330        5.2727718505332470E-002
  -3.7059034147926488      -0.48515716196664838        5.2717320640699020E-002
  -3.7063983606230297      -0.48522063069906451        5.2706955808213399E-002
  -3.7068918661762678      -0.48528391588057507        5.2696623814237648E-002
  -3.7073839394716659      -0.48534701852882461        5.2686324466782557E-002
  -3.7078745884627597      -0.48540993965313989        5.2676057575489300E-002
  -3.7083638210380290      -0.48547268025461948        5.2665822951611353E-002
  -3.7088516450215994      -0.48553524132622233        5.2655620407996491E-002
  -3.7093380681739343      -0.48559762385285515        5.2645449759069332E-002
  -3.7098230981925191      -0.48565982881145847        5.2635310820813783E-002
  -3.7103067427125342      -0.48572185717109173        5.2625203410756022E-002
  -3.7107890093075215      -0.48578370989301722        5.2615127347947467E-002
  -3.7112699054900387      -0.48584538793078280        5.2605082452948183E-002
  -3.7117494387123089      -0.48590689223030364        5.2595068547810334E-002
  -3.7122276163668584      -0.48596822372994281        5.2585085456062004E-002
  -3.7127044457871485      -0.48602938336059082        5.2575133002691128E-002
  -3.7131799342481977      -0.48609037204574435        5.2565211014129719E-002
  -3.7136540889671950      -0.48615119070158347        5.2555319318238203E-002
  -3.7141269171041071      -0.48621184023704839        5.2545457744290140E-002
  -3.7145984257622775      -0.48627232155391470        5.2535626122956917E-002
  -3.7150686219890159      -0.48633263554686823        5.2525824286292856E-002
  -3.7155375127761818      -0.48639278310357831        5.2516052067720351E-002
  -3.7160051050607597      -0.48645276510477053        5.2506309302015358E-002
  -3.7164714057254273      -0.48651258242429851        5.2496595825292931E-002
  -3.7169364215991174      -0.48657223592921445        5.2486911474993056E-002
  -3.7174001594575694      -0.48663172647983916        5.2477256089866559E-002
  -3.7178626260238778      -0.48669105492983100        5.2467629509961387E-002
  -3.7183238279690305      -0.48675022212625391        5.2458031576608798E-002
  -3.7187837719124421      -0.48680922890964479        5.2448462132410008E-002
  -3.7192424644224795      -0.48686807611407967        5.2438921021222822E-002
  -3.7196999120169822      -0.48692676456723949        5.2429408088148499E-002
  -3.7201561211637735      -0.48698529509047456        5.2419923179518782E-002
  -3.7206110982811675      -0.48704366849886876        5.2410466142883153E-002
  -3.7210648497384700      -0.48710188560130235        5.2401036826996115E-002
  -3.7215173818564704      -0.48715994720051453        5.2391635081804784E-002
  -3.7219687009079303      -0.48721785409316481        5.2382260758436563E-002
  -3.7224188131180651      -0.48727560706989392        5.2372913709186945E-002
  -3.7228677246650190      -0.48733320691538368        5.2363593787507552E-002
  -3.7233154416803345      -0.48739065440841639        5.2354300847994299E-002
  -3.7237619702494160      -0.48744795032193339        5.2345034746375661E-002
  -3.7242073164119884      -0.48750509542309284        5.2335795339501140E-002
  -3.7246514861625490      -0.48756209047332671        5.2326582485329814E-002
  -3.7250944854508141      -0.48761893622839753        5.2317396042919184E-002
  -3.7255363201821616      -0.48767563343845372        5.2308235872413907E-002
  -3.7259769962180651      -0.48773218284808489        5.2299101835034868E-002
  -3.7264165193765257      -0.48778858519637613        5.2289993793068500E-002
  -3.7268548954324974      -0.48784484121696181        5.2280911609855749E-002
  -3.7272921301183066      -0.48790095163807845        5.2271855149781776E-002
  -3.7277282291240676      -0.48795691718261736        5.2262824278265375E-002
  -3.7281631980980934      -0.48801273856817634        5.2253818861748694E-002
  -3.7285970426472996      -0.48806841650711080        5.2244838767687048E-002
  -3.7290297683376057      -0.48812395170658440        5.2235883864538812E-002
  -3.7294613806943300      -0.48817934486861891        5.2226954021755527E-002
  -3.7298918852025804      -0.48823459669014369        5.2218049109772104E-002
  -3.7303212873076412      -0.48828970786304432        5.2209168999997023E-002
  -3.7307495924153540      -0.48834467907421086        5.2200313564802842E-002
  -3.7311768058924941      -0.48839951100558548        5.2191482677516707E-002
  -3.7316029330671445      -0.48845420433420944        5.2182676212410947E-002
  -3.7320279792290623      -0.48850875973226965        5.2173894044693955E-002
  -3.7324519496300432      -0.48856317786714459        5.2165136050500986E-002
  -3.7328748494842818      -0.48861745940144974        5.2156402106885082E-002
  -3.7332966839687258      -0.48867160499308243        5.2147692091808279E-002
  -3.7337174582234267      -0.48872561529526615        5.2139005884132762E-002
  -3.7341371773518874      -0.48877949095659451        5.2130343363612143E-002
  -3.7345558464214057      -0.48883323262107442        5.2121704410882888E-002
  -3.7349734704634119      -0.48888684092816903        5.2113088907455828E-002
  -3.7353900544738052      -0.48894031651283998        5.2104496735707793E-002
  -3.7358056034132834      -0.48899366000558930        5.2095927778873265E-002
  -3.7362201222076710      -0.48904687203250063        5.2087381921036263E-002
  -3.7366336157482429      -0.48909995321528027        5.2078859047122165E-002
  -3.7370460888920434      -0.48915290417129748        5.2070359042889765E-002
  -3.7374575464622026      -0.48920572551362440        5.2061881794923347E-002
  -3.7378679932482495      -0.48925841785107560        5.2053427190624918E-002
  -3.7382774340064198      -0.48931098178824711        5.2044995118206365E-002
  -3.7386858734599628      -0.48936341792555504        5.2036585466681953E-002
  -3.7390933162994413      -0.48941572685927365        5.2028198125860771E-002
  -3.7394997671830317      -0.48946790918157312        5.2019832986339123E-002
  -3.7399052307368188      -0.48951996548055693        5.2011489939493401E-002
  -3.7403097115550867      -0.48957189634029846        5.2003168877472583E-002
  -3.7407132142006088      -0.48962370234087782        5.1994869693191156E-002
  -3.7411157432049311      -0.48967538405841765        5.1986592280321965E-002
  -3.7415173030686555      -0.48972694206511880        5.1978336533289218E-002
  -3.7419178982617187      -0.48977837692929560        5.1970102347261425E-002
  -3.7423175332236678      -0.48982968921541087        5.1961889618144637E-002
  -3.7427162123639324      -0.48988087948411008        5.1953698242575598E-002
  -3.7431139400620941      -0.48993194829225567        5.1945528117915009E-002
  -3.7435107206681546      -0.48998289619296065        5.1937379142240940E-002
  -3.7439065585027982      -0.49003372373562198        5.1929251214342199E-002
  -3.7443014578576523      -0.49008443146595354        5.1921144233711893E-002
  -3.7446954229955463      -0.49013501992601866        5.1913058100540990E-002
  -3.7450884581507653      -0.49018548965426245        5.1904992715711938E-002
  -3.7454805675293041      -0.49023584118554370        5.1896947980792439E-002
  -3.7458717553091150      -0.49028607505116628        5.1888923798029216E-002
  -3.7462620256403554      -0.49033619177891047        5.1880920070341875E-002
  -3.7466513826456316      -0.49038619189306382        5.1872936701316846E-002
  -3.7470398304202406      -0.49043607591445154        5.1864973595201383E-002
  -3.7474273730324081      -0.49048584436046688        5.1857030656897618E-002
  -3.7478140145235255      -0.49053549774510086        5.1849107791956707E-002
  -3.7481997589083829      -0.49058503657897184        5.1841204906573034E-002
  -3.7485846101754001      -0.49063446136935474        5.1833321907578445E-002
  -3.7489685722868558      -0.49068377262020996        5.1825458702436565E-002
  -3.7493516491791135      -0.49073297083221201        5.1817615199237249E-002
  -3.7497338447628450      -0.49078205650277767        5.1809791306690979E-002
  -3.7501151629232519      -0.49083103012609419        5.1801986934123349E-002
  -3.7504956075202847      -0.49087989219314676        5.1794201991469710E-002
  -3.7508751823888589      -0.49092864319174612        5.1786436389269712E-002
  -3.7512538913390694      -0.49097728360655546        5.1778690038662090E-002
  -3.7516317381564033      -0.49102581391911737        5.1770962851379276E-002
  -3.7520087266019488      -0.49107423460788036        5.1763254739742366E-002
  -3.7523848604126036      -0.49112254614822504        5.1755565616655813E-002
  -3.7527601433012787      -0.49117074901249019        5.1747895395602470E-002
  -3.7531345789571038      -0.49121884366999841        5.1740243990638465E-002
  -3.7535081710456266      -0.49126683058708154        5.1732611316388288E-002
  -3.7538809232090125      -0.49131471022710588        5.1724997288039851E-002
  -3.7542528390662415      -0.49136248305049707        5.1717401821339576E-002
  -3.7546239222133027      -0.49141014951476475        5.1709824832587591E-002
  -3.7549941762233869      -0.49145771007452688        5.1702266238633068E-002
  -3.7553636046470791      -0.49150516518153392        5.1694725956869275E-002
  -3.7557322110125444      -0.49155251528469279        5.1687203905229184E-002
  -3.7560999988257171      -0.49159976083009044        5.1679700002180640E-002
  -3.7564669715704850      -0.49164690226101715        5.1672214166721846E-002
  -3.7568331327088722      -0.49169394001798988        5.1664746318376947E-002
  -3.7571984856812199      -0.49174087453877507        5.1657296377191388E-002
  -3.7575630339063668      -0.49178770625841134        5.1649864263727648E-002
  -3.7579267807818253      -0.49183443560923185        5.1642449899060715E-002
  -3.7582897296839572      -0.49188106302088669        5.1635053204773892E-002
  -3.7586518839681489      -0.49192758892036476        5.1627674102954386E-002
  -3.7590132469689816      -0.49197401373201555        5.1620312516189128E-002
  -3.7593738220004029      -0.49202033787757077        5.1612968367560561E-002
  -3.7597336123558942      -0.49206656177616548        5.1605641580642507E-002
  -3.7600926213086385      -0.49211268584435941        5.1598332079495990E-002
  -3.7604508521116853      -0.49215871049615784        5.1591039788665263E-002
  -3.7608083079981136      -0.49220463614303211        5.1583764633173677E-002
  -3.7611649921811949      -0.49225046319394028        5.1576506538519723E-002
  -3.7615209078545520      -0.49229619205534736        5.1569265430673167E-002
  -3.7618760581923181      -0.49234182313124536        5.1562041236071041E-002
  -3.7622304463492942      -0.49238735682317319        5.1554833881613790E-002
  -3.7625840754611048      -0.49243279353023628        5.1547643294661522E-002
  -3.7629369486443505      -0.49247813364912613        5.1540469403030156E-002
  -3.7632890689967611      -0.49252337757413950        5.1533312134987630E-002
  -3.7636404395973471      -0.49256852569719767        5.1526171419250345E-002
  -3.7639910635065479      -0.49261357840786513        5.1519047184979350E-002
  -3.7643409437663804      -0.49265853609336840        5.1511939361776733E-002
  -3.7646900834005850      -0.49270339913861466        5.1504847879682049E-002
  -3.7650384854147707      -0.49274816792620996        5.1497772669168787E-002
  -3.7653861527965589      -0.49279284283647740        5.1490713661140754E-002
  -3.7657330885157254      -0.49283742424747518        5.1483670786928656E-002
  -3.7660792955243405      -0.49288191253501434        5.1476643978286635E-002
  -3.7664247767569088      -0.49292630807267657        5.1469633167388826E-002
  -3.7667695351305079      -0.49297061123183145        5.1462638286825957E-002
  -3.7671135735449242      -0.49301482238165395        5.1455659269602015E-002
  -3.7674568948827876      -0.49305894188914140        5.1448696049130965E-002
  -3.7677995020097073      -0.49310297011913051        5.1441748559233391E-002
  -3.7681413977744032      -0.49314690743431433        5.1434816734133283E-002
  -3.7684825850088370      -0.49319075419525860        5.1427900508454763E-002
  -3.7688230665283440      -0.49323451076041841        5.1420999817219010E-002
  -3.7691628451317603      -0.49327817748615455        5.1414114595840964E-002
  -3.7695019236015508      -0.49332175472674955        5.1407244780126281E-002
  -3.7698403047039366      -0.49336524283442373        5.1400390306268209E-002
  -3.7701779911890192      -0.49340864215935115        5.1393551110844531E-002
  -3.7705149857909044      -0.49345195304967521        5.1386727130814533E-002
  -3.7708512912278267      -0.49349517585152419        5.1379918303515945E-002
  -3.7711869102022684      -0.49353831090902678        5.1373124566662043E-002
  -3.7715218454010828      -0.49358135856432717        5.1366345858338616E-002
  -3.7718560994956114      -0.49362431915760030        5.1359582117001160E-002
  -3.7721896751418034      -0.49366719302706680        5.1352833281471819E-002
  -3.7725225749803322      -0.49370998050900783        5.1346099290936704E-002
  -3.7728548016367118      -0.49375268193777966        5.1339380084942911E-002
  -3.7731863577214115      -0.49379529764582836        5.1332675603395779E-002
  -3.7735172458299697      -0.49383782796370418        5.1325985786556096E-002
  -3.7738474685431065      -0.49388027322007583        5.1319310575037351E-002
  -3.7741770284268354      -0.49392263374174455        5.1312649909803019E-002
  -3.7745059280325752      -0.49396490985365826        5.1306003732163798E-002
  -3.7748341698972574      -0.49400710187892538        5.1299371983774954E-002
  -3.7751617565434361      -0.49404921013882858        5.1292754606633739E-002
  -3.7754886904793961      -0.49409123495283841        5.1286151543076690E-002
  -3.7758149741992586      -0.49413317663862677        5.1279562735776996E-002
  -3.7761406101830866      -0.49417503551208031        5.1272988127742038E-002
  -3.7764656008969903      -0.49421681188731376        5.1266427662310744E-002
  -3.7767899487932302      -0.49425850607668298        5.1259881283151121E-002
  -3.7771136563103203      -0.49430011839079796        5.1253348934257620E-002
  -3.7774367258731294      -0.49434164913853573        5.1246830559948837E-002
  -3.7777591598929821      -0.49438309862705315        5.1240326104864932E-002
  -3.7780809607677583      -0.49442446716179955        5.1233835513965230E-002
  -3.7784021308819931      -0.49446575504652929        5.1227358732525853E-002
  -3.7787226726069738      -0.49450696258331417        5.1220895706137207E-002
  -3.7790425883008378      -0.49454809007255573        5.1214446380701779E-002
  -3.7793618803086693      -0.49458913781299746        5.1208010702431611E-002
  -3.7796805509625928      -0.49463010610173685        5.1201588617846176E-002
  -3.7799986025818701      -0.49467099523423752        5.1195180073769879E-002
  -3.7803160374729923      -0.49471180550434085        5.1188785017329930E-002
  -3.7806328579297732      -0.49475253720427803        5.1182403395954000E-002
  -3.7809490662334415      -0.49479319062468141        5.1176035157368002E-002
  -3.7812646646527317      -0.49483376605459634        5.1169680249593896E-002
  -3.7815796554439749      -0.49487426378149241        5.1163338620947442E-002
  -3.7818940408511872      -0.49491468409127493        5.1157010220036082E-002
  -3.7822078231061598      -0.49495502726829610        5.1150694995756751E-002
  -3.7825210044285460      -0.49499529359536615        5.1144392897293715E-002
  -3.7828335870259493      -0.49503548335376452        5.1138103874116506E-002
  -3.7831455730940089      -0.49507559682325059        5.1131827875977774E-002
  -3.7834569648164860      -0.49511563428207472        5.1125564852911226E-002
  -3.7837677643653480      -0.49515559600698889        5.1119314755229600E-002
  -3.7840779739008528      -0.49519548227325744        5.1113077533522573E-002
  -3.7843875955716322      -0.49523529335466759        5.1106853138654741E-002
  -3.7846966315147754      -0.49527502952353986        5.1100641521763635E-002
  -3.7850050838559097      -0.49531469105073861        5.1094442634257740E-002
  -3.7853129547092816      -0.49535427820568212        5.1088256427814456E-002
  -3.7856202461778383      -0.49539379125635297        5.1082082854378277E-002
  -3.7859269603533070      -0.49543323046930804        5.1075921866158745E-002
  -3.7862330993162732      -0.49547259610968863        5.1069773415628544E-002
  -3.7865386651362605      -0.49551188844123023        5.1063637455521671E-002
  -3.7868436598718067      -0.49555110772627253        5.1057513938831449E-002
  -3.7871480855705424      -0.49559025422576908        5.1051402818808787E-002
  -3.7874519442692658      -0.49562932819929700        5.1045304048960204E-002
  -3.7877552379940198      -0.49566832990506660        5.1039217583046061E-002
  -3.7880579687601661      -0.49570725959993084        5.1033143375078749E-002
  -3.7883601385724592      -0.49574611753939485        5.1027081379320882E-002
  -3.7886617494251214      -0.49578490397762509        5.1021031550283487E-002
  -3.7889628033019149      -0.49582361916745882        5.1014993842724253E-002
  -3.7892633021762148      -0.49586226336041317        5.1008968211645793E-002
  -3.7895632480110799      -0.49590083680669422        5.1002954612293858E-002
  -3.7898626427593256      -0.49593933975520621        5.0996953000155693E-002
  -3.7901614883635930      -0.49597777245356023        5.0990963330958233E-002
  -3.7904597867564194      -0.49601613514808329        5.0984985560666510E-002
  -3.7907575398603082      -0.49605442808382705        5.0979019645481863E-002
  -3.7910547495877971      -0.49609265150457660        5.0973065541840362E-002
  -3.7913514178415264      -0.49613080565285894        5.0967123206411148E-002
  -3.7916475465143069      -0.49616889076995180        5.0961192596094773E-002
  -3.7919431374891870      -0.49620690709589194        5.0955273668021550E-002
  -3.7922381926395183      -0.49624485486948372        5.0949366379550068E-002
  -3.7925327138290230      -0.49628273432830738        5.0943470688265421E-002
  -3.7928267029118583      -0.49632054570872736        5.0937586551977783E-002
  -3.7931201617326815      -0.49635828924590047        5.0931713928720757E-002
  -3.7934130921267140      -0.49639596517378420        5.0925852776749880E-002
  -3.7937054959198053      -0.49643357372514463        5.0920003054541030E-002
  -3.7939973749284968      -0.49647111513156450        5.0914164720788906E-002
  -3.7942887309600830      -0.49650858962345124        5.0908337734405597E-002
  -3.7945795658126751      -0.49654599743004463        5.0902522054518937E-002
  -3.7948698812752619      -0.49658333877942490        5.0896717640471177E-002
  -3.7951596791277717      -0.49662061389852030        5.0890924451817400E-002
  -3.7954489611411311      -0.49665782301311484        5.0885142448324067E-002
  -3.7957377290773273      -0.49669496634785593        5.0879371589967658E-002
  -3.7960259846894666      -0.49673204412626187        5.0873611836933119E-002
  -3.7963137297218332      -0.49676905657072951        5.0867863149612516E-002
  -3.7966009659099487      -0.49680600390254143        5.0862125488603617E-002
  -3.7968876949806294      -0.49684288634187357        5.0856398814708416E-002
  -3.7971739186520450      -0.49687970410780236        5.0850683088931876E-002
  -3.7974596386337747      -0.49691645741831209        5.0844978272480391E-002
  -3.7977448566268648      -0.49695314649030209        5.0839284326760568E-002
  -3.7980295743238841      -0.49698977153959378        5.0833601213377808E-002
  -3.7983137934089806      -0.49702633278093783        5.0827928894134934E-002
  -3.7985975155579363      -0.49706283042802119        5.0822267331030894E-002
  -3.7988807424382220      -0.49709926469347393        5.0816616486259465E-002
  -3.7991634757090522      -0.49713563578887637        5.0810976322207886E-002
  -3.7994457170214386      -0.49717194392476571        5.0805346801455632E-002
  -3.7997274680182436      -0.49720818931064292        5.0799727886773033E-002
  -3.8000087303342345      -0.49724437215497952        5.0794119541120057E-002
  -3.8002895055961350      -0.49728049266522412        5.0788521727645079E-002
  -3.8005697954226778      -0.49731655104780925        5.0782934409683518E-002
  -3.8008496014246567      -0.49735254750815777        5.0777357550756672E-002
  -3.8011289252049778      -0.49738848225068943        5.0771791114570496E-002
  -3.8014077683587106      -0.49742435547882752        5.0766235065014292E-002
  -3.8016861324731388      -0.49746016739500498        5.0760689366159593E-002
  -3.8019640191278099      -0.49749591820067102        5.0755153982258869E-002
  -3.8022414298945852      -0.49753160809629726        5.0749628877744403E-002
  -3.8025183663376900      -0.49756723728138424        5.0744114017227053E-002
  -3.8027948300137622      -0.49760280595446738        5.0738609365495096E-002
  -3.8030708224718994      -0.49763831431312328        5.0733114887513094E-002
  -3.8033463452537100      -0.49767376255397577        5.0727630548420666E-002
  -3.8036213998933586      -0.49770915087270212        5.0722156313531379E-002
  -3.8038959879176142      -0.49774447946403888        5.0716692148331695E-002
  -3.8041701108458983      -0.49777974852178802        5.0711238018479605E-002
  -3.8044437701903298      -0.49781495823882271        5.0705793889803799E-002
  -3.8047169674557728      -0.49785010880709335        5.0700359728302363E-002
  -3.8049897041398824      -0.49788520041763323        5.0694935500141709E-002
  -3.8052619817331492      -0.49792023326056456        5.0689521171655538E-002
  -3.8055338017189460      -0.49795520752510392        5.0684116709343724E-002
  -3.8058051655735716      -0.49799012339956816        5.0678722079871202E-002
  -3.8060760747662963      -0.49802498107138010        5.0673337250066987E-002
  -3.8063465307594058      -0.49805978072707391        5.0667962186923009E-002
  -3.8066165350082444      -0.49809452255230091        5.0662596857593140E-002
  -3.8068860889612592      -0.49812920673183492        5.0657241229392150E-002
  -3.8071551940600430      -0.49816383344957788        5.0651895269794620E-002
  -3.8074238517393773      -0.49819840288856521        5.0646558946433974E-002
  -3.8076920634272753      -0.49823291523097119        5.0641232227101381E-002
  -3.8079598305450229      -0.49826737065811438        5.0635915079744909E-002
  -3.8082271545072213      -0.49830176935046289        5.0630607472468322E-002
  -3.8084940367218283      -0.49833611148763962        5.0625309373530242E-002
  -3.8087604785902003      -0.49837039724842758        5.0620020751343038E-002
  -3.8090264815071322      -0.49840462681077496        5.0614741574471989E-002
  -3.8092920468608980      -0.49843880035180044        5.0609471811634180E-002
  -3.8095571760332918      -0.49847291804779814        5.0604211431697646E-002
  -3.8098218703996669      -0.49850698007424277        5.0598960403680338E-002
  -3.8100861313289767      -0.49854098660579471        5.0593718696749203E-002
  -3.8103499601838124      -0.49857493781630491        5.0588486280219287E-002
  -3.8106133583204436      -0.49860883387881993        5.0583263123552720E-002
  -3.8108763270888555      -0.49864267496558673        5.0578049196357888E-002
  -3.8111388678327893      -0.49867646124805770        5.0572844468388382E-002
  -3.8114009818897787      -0.49871019289689550        5.0567648909542240E-002
  -3.8116626705911880      -0.49874387008197774        5.0562462489860946E-002
  -3.8119239352622509      -0.49877749297240176        5.0557285179528545E-002
  -3.8121847772221065      -0.49881106173648959        5.0552116948870802E-002
  -3.8124451977838363      -0.49884457654179243        5.0546957768354217E-002
  -3.8127051982545024      -0.49887803755509530        5.0541807608585274E-002
  -3.8129647799351822      -0.49891144494242184        5.0536666440309484E-002
  -3.8132239441210056      -0.49894479886903875        5.0531534234410543E-002
  -3.8134826921011906      -0.49897809949946048        5.0526410961909511E-002
  -3.8137410251590795      -0.49901134699745359        5.0521296593963927E-002
  -3.8139989445721731      -0.49904454152604144        5.0516191101866920E-002
  -3.8142564516121671      -0.49907768324750845        5.0511094457046497E-002
  -3.8145135475449865      -0.49911077232340473        5.0506006631064596E-002
  -3.8147702336308194      -0.49914380891455024        5.0500927595616307E-002
  -3.8150265111241524      -0.49917679318103941        5.0495857322529085E-002
  -3.8152823812738044      -0.49920972528224522        5.0490795783761859E-002
  -3.8155378453229600      -0.49924260537682369        5.0485742951404344E-002
  -3.8157929045092041      -0.49927543362271803        5.0480698797676055E-002
  -3.8160475600645540      -0.49930821017716293        5.0475663294925789E-002
  -3.8163018132154933      -0.49934093519668865        5.0470636415630522E-002
  -3.8165556651830044      -0.49937360883712539        5.0465618132394884E-002
  -3.8168091171826006      -0.49940623125360728        5.0460608417950269E-002
  -3.8170621704243599      -0.49943880260057649        5.0455607245154042E-002
  -3.8173148261129559      -0.49947132303178737        5.0450614586988872E-002
  -3.8175670854476897      -0.49950379270031048        5.0445630416561839E-002
  -3.8178189496225228      -0.49953621175853663        5.0440654707103842E-002
  -3.8180704198261064      -0.49956858035818075        5.0435687431968704E-002
  -3.8183214972418149      -0.49960089865028606        5.0430728564632522E-002
  -3.8185721830477752      -0.49963316678522779        5.0425778078692918E-002
  -3.8188224784168976      -0.49966538491271728        5.0420835947868274E-002
  -3.8190723845169074      -0.49969755318180564        5.0415902145997026E-002
  -3.8193219025103744      -0.49972967174088778        5.0410976647036948E-002
  -3.8195710335547428      -0.49976174073770613        5.0406059425064473E-002
  -3.8198197788023611      -0.49979376031935452        5.0401150454273895E-002
  -3.8200681394005129      -0.49982573063228181        5.0396249708976756E-002
  -3.8203161164914441      -0.49985765182229580        5.0391357163601082E-002
  -3.8205637112123947      -0.49988952403456671        5.0386472792690727E-002
  -3.8208109246956252      -0.49992134741363115        5.0381596570904692E-002
  -3.8210577580684477      -0.49995312210339549        5.0376728473016399E-002
  -3.8213042124532528      -0.49998484824713973        5.0371868473913096E-002
  -3.8215502889675390      -0.50001652598752089        5.0367016548595024E-002
  -3.8217959887239403      -0.50004815546657688        5.0362172672174965E-002
  -3.8220413128302546      -0.50007973682572970        5.0357336819877377E-002
  -3.8222862623894711      -0.50011127020578916        5.0352508967037891E-002
  -3.8225308384997985      -0.50014275574695644        5.0347689089102532E-002
  -3.8227750422546913      -0.50017419358882742        5.0342877161627171E-002
  -3.8230188747428779      -0.50020558387039638        5.0338073160276831E-002
  -3.8232623370483871      -0.50023692673005893        5.0333277060825021E-002
  -3.8235054302505755      -0.50026822230561607        5.0328488839153189E-002
  -3.8237481554241532      -0.50029947073427705        5.0323708471249999E-002
  -3.8239905136392114      -0.50033067215266291        5.0318935933210754E-002
  -3.8242325059612470      -0.50036182669680995        5.0314171201236803E-002
  -3.8244741334511909      -0.50039293450217281        5.0309414251634800E-002
  -3.8247153971654315      -0.50042399570362783        5.0304665060816253E-002
  -3.8249562981558420      -0.50045501043547647        5.0299923605296809E-002
  -3.8251968374698051      -0.50048597883144830        5.0295189861695677E-002
  -3.8254370161502389      -0.50051690102470436        5.0290463806735068E-002
  -3.8256768352356216      -0.50054777714784038        5.0285745417239527E-002
  -3.8259162957600168      -0.50057860733288984        5.0281034670135401E-002
  -3.8261553987530976      -0.50060939171132723        5.0276331542450238E-002
  -3.8263941452401724      -0.50064013041407107        5.0271636011312189E-002
  -3.8266325362422084      -0.50067082357148718        5.0266948053949427E-002
  -3.8268705727758565      -0.50070147131339171        5.0262267647689624E-002
  -3.8271082558534744      -0.50073207376905393        5.0257594769959293E-002
  -3.8273455864831516      -0.50076263106719976        5.0252929398283325E-002
  -3.8275825656687332      -0.50079314333601432        5.0248271510284354E-002
  -3.8278191944098428      -0.50082361070314529        5.0243621083682188E-002
  -3.8280554737019066      -0.50085403329570577        5.0238978096293324E-002
  -3.8282914045361758      -0.50088441124027705        5.0234342526030387E-002
  -3.8285269878997505      -0.50091474466291186        5.0229714350901469E-002
  -3.8287622247756028      -0.50094503368913712        5.0225093549009767E-002
  -3.8289971161425993      -0.50097527844395684        5.0220480098552900E-002
  -3.8292316629755234      -0.50100547905185500        5.0215873977822408E-002
  -3.8294658662450987      -0.50103563563679843        5.0211275165203323E-002
  -3.8296997269180104      -0.50106574832223971        5.0206683639173473E-002
  -3.8299332459569277      -0.50109581723111996        5.0202099378303090E-002
  -3.8301664243205269      -0.50112584248587155        5.0197522361254195E-002
  -3.8303992629635113      -0.50115582420842086        5.0192952566780219E-002
  -3.8306317628366351      -0.50118576252019131        5.0188389973725309E-002
  -3.8308639248867236      -0.50121565754210584        5.0183834561023939E-002
  -3.8310957500566944      -0.50124550939458978        5.0179286307700424E-002
  -3.8313272392855806      -0.50127531819757332        5.0174745192868318E-002
  -3.8315583935085500      -0.50130508407049457        5.0170211195729973E-002
  -3.8317892136569265      -0.50133480713230194        5.0165684295576031E-002
  -3.8320197006582122      -0.50136448750145701        5.0161164471784973E-002
  -3.8322498554361060      -0.50139412529593685        5.0156651703822573E-002
  -3.8324796789105262      -0.50142372063323704        5.0152145971241444E-002
  -3.8327091719976303      -0.50145327363037384        5.0147647253680545E-002
  -3.8329383356098350      -0.50148278440388727        5.0143155530864708E-002
  -3.8331671706558366      -0.50151225306984315        5.0138670782604151E-002
  -3.8333956780406302      -0.50154167974383601        5.0134192988794027E-002
  -3.8336238586655318      -0.50157106454099154        5.0129722129413960E-002
  -3.8338517134281958      -0.50160040757596902        5.0125258184527524E-002
  -3.8340792432226358      -0.50162970896296399        5.0120801134281849E-002
  -3.8343064489392442      -0.50165896881571048        5.0116350958907124E-002
  -3.8345333314648107      -0.50168818724748354        5.0111907638716160E-002
  -3.8347598916825421      -0.50171736437110193        5.0107471154103918E-002
  -3.8349861304720818      -0.50174650029893031        5.0103041485547097E-002
  -3.8352120487095283      -0.50177559514288184        5.0098618613603568E-002
  -3.8354376472674545      -0.50180464901442023        5.0094202518912140E-002
  -3.8356629270149254      -0.50183366202456248        5.0089793182191936E-002
  -3.8358878888175183      -0.50186263428388111        5.0085390584242009E-002
  -3.8361125335373401      -0.50189156590250650        5.0080994705940962E-002
  -3.8363368620330465      -0.50192045699012933        5.0076605528246422E-002
  -3.8365608751598592      -0.50194930765600287        5.0072223032194683E-002
  -3.8367845737695849      -0.50197811800894498        5.0067847198900284E-002
  -3.8370079587106334      -0.50200688815734096        5.0063478009555497E-002
  -3.8372310308280349      -0.50203561820914544        5.0059115445430021E-002
  -3.8374537909634583      -0.50206430827188464        5.0054759487870491E-002
  -3.8376762399552287      -0.50209295845265867        5.0050410118300061E-002
  -3.8378983786383447      -0.50212156885814396        5.0046067318218070E-002
  -3.8381202078444963      -0.50215013959459531        5.0041731069199534E-002
  -3.8383417284020815      -0.50217867076784806        5.0037401352894792E-002
  -3.8385629411362250      -0.50220716248332020        5.0033078151029080E-002
  -3.8387838468687931      -0.50223561484601476        5.0028761445402171E-002
  -3.8390044464184130      -0.50226402796052194        5.0024451217887900E-002
  -3.8392247406004878      -0.50229240193102109        5.0020147450433906E-002
  -3.8394447302272141      -0.50232073686128298        5.0015850125061039E-002
  -3.8396644161075995      -0.50234903285467192        5.0011559223863120E-002
  -3.8398837990474770      -0.50237729001414777        5.0007274729006568E-002
  -3.8401028798495234      -0.50240550844226806        5.0002996622729848E-002
  -3.8403216593132754      -0.50243368824119017        4.9998724887343297E-002
  -3.8405401382351445      -0.50246182951267326        4.9994459505228572E-002
  -3.8407583174084348      -0.50248993235808048        4.9990200458838389E-002
  -3.8409761976233576      -0.50251799687838072        4.9985947730696090E-002
  -3.8411937796670483      -0.50254602317415109        4.9981701303395271E-002
  -3.8414110643235824      -0.50257401134557844        4.9977461159599425E-002
  -3.8416280523739896      -0.50260196149246172        4.9973227282041587E-002
  -3.8418447445962718      -0.50262987371421386        4.9968999653523929E-002
  -3.8420611417654169      -0.50265774810986352        4.9964778256917426E-002
  -3.8422772446534141      -0.50268558477805747        4.9960563075161508E-002
  -3.8424930540292710      -0.50271338381706221        4.9956354091263637E-002
  -3.8427085706590272      -0.50274114532476610        4.9952151288299045E-002
  -3.8429237953057696      -0.50276886939868115        4.9947954649410271E-002
  -3.8431387287296479      -0.50279655613594487        4.9943764157806957E-002
  -3.8433533716878894      -0.50282420563332253        4.9939579796765325E-002
  -3.8435677249348141      -0.50285181798720868        4.9935401549627931E-002
  -3.8437817892218491      -0.50287939329362907        4.9931229399803337E-002
  -3.8439955652975435      -0.50290693164824263        4.9927063330765693E-002
  -3.8442090539075822      -0.50293443314634345        4.9922903326054473E-002
  -3.8444222557948011      -0.50296189788286227        4.9918749369274082E-002
  -3.8446351716992022      -0.50298932595236856        4.9914601444093515E-002
  -3.8448478023579669      -0.50301671744907228        4.9910459534246089E-002
  -3.8450601485054694      -0.50304407246682570        4.9906323623529050E-002
  -3.8452722108732926      -0.50307139109912524        4.9902193695803260E-002
  -3.8454839901902416      -0.50309867343911308        4.9898069734992855E-002
  -3.8456954871823568      -0.50312591957957908        4.9893951725084963E-002
  -3.8459067025729281      -0.50315312961296255        4.9889839650129351E-002
  -3.8461176370825099      -0.50318030363135380        4.9885733494238055E-002
  -3.8463282914289332      -0.50320744172649634        4.9881633241585184E-002
  -3.8465386663273198      -0.50323454398978806        4.9877538876406460E-002
  -3.8467487624900958      -0.50326161051228335        4.9873450382999014E-002
  -3.8469585806270050      -0.50328864138469465        4.9869367745721017E-002
  -3.8471681214451223      -0.50331563669739399        4.9865290948991378E-002
  -3.8473773856488669      -0.50334259654041502        4.9861219977289442E-002
  -3.8475863739400156      -0.50336952100345445        4.9857154815154667E-002
  -3.8477950870177162      -0.50339641017587378        4.9853095447186337E-002
  -3.8480035255784992      -0.50342326414670091        4.9849041858043244E-002
  -3.8482116903162926      -0.50345008300463190        4.9844994032443420E-002
  -3.8484195819224336      -0.50347686683803250        4.9840951955163755E-002
  -3.8486272010856815      -0.50350361573493985        4.9836915611039811E-002
  -3.8488345484922299      -0.50353032978306400        4.9832884984965416E-002
  -3.8490416248257215      -0.50355700906978962        4.9828860061892459E-002
  -3.8492484307672576      -0.50358365368217761        4.9824840826830558E-002
  -3.8494549669954128      -0.50361026370696649        4.9820827264846747E-002
  -3.8496612341862466      -0.50363683923057423        4.9816819361065232E-002
  -3.8498672330133159      -0.50366338033909963        4.9812817100667074E-002
  -3.8500729641476865      -0.50368988711832396        4.9808820468889924E-002
  -3.8502784282579468      -0.50371635965371253        4.9804829451027710E-002
  -3.8504836260102184      -0.50374279803041611        4.9800844032430389E-002
  -3.8506885580681689      -0.50376920233327271        4.9796864198503654E-002
  -3.8508932250930239      -0.50379557264680874        4.9792889934708630E-002
  -3.8510976277435782      -0.50382190905524094        4.9788921226561644E-002
  -3.8513017666762086      -0.50384821164247751        4.9784958059633934E-002
  -3.8515056425448844      -0.50387448049211980        4.9781000419551344E-002
  -3.8517092560011803      -0.50390071568746375        4.9777048291994093E-002
  -3.8519126076942873      -0.50392691731150130        4.9773101662696488E-002
  -3.8521156982710245      -0.50395308544692208        4.9769160517446641E-002
  -3.8523185283758501      -0.50397922017611452        4.9765224842086266E-002
  -3.8525210986508736      -0.50400532158116751        4.9761294622510298E-002
  -3.8527234097358662      -0.50403138974387196        4.9757369844666742E-002
  -3.8529254622682725      -0.50405742474572202        4.9753450494556394E-002
  -3.8531272568832220      -0.50408342666791661        4.9749536558232485E-002
  -3.8533287942135397      -0.50410939559136070        4.9745628021800534E-002
  -3.8535300748897576      -0.50413533159666679        4.9741724871418064E-002
  -3.8537310995401248      -0.50416123476415642        4.9737827093294301E-002
  -3.8539318687906197      -0.50418710517386145        4.9733934673689972E-002
  -3.8541323832649597      -0.50421294290552554        4.9730047598916999E-002
  -3.8543326435846126      -0.50423874803860524        4.9726165855338351E-002
  -3.8545326503688075      -0.50426452065227179        4.9722289429367648E-002
  -3.8547324042345452      -0.50429026082541206        4.9718418307469030E-002
  -3.8549319057966080      -0.50431596863663020        4.9714552476156866E-002
  -3.8551311556675718      -0.50434164416424876        4.9710691921995530E-002
  -3.8553301544578158      -0.50436728748631032        4.9706836631599124E-002
  -3.8555289027755322      -0.50439289868057846        4.9702986591631235E-002
  -3.8557274012267375      -0.50441847782453919        4.9699141788804760E-002
  -3.8559256504152830      -0.50444402499540242        4.9695302209881581E-002
  -3.8561236509428642      -0.50446954027010316        4.9691467841672415E-002
  -3.8563214034090318      -0.50449502372530286        4.9687638671036476E-002
  -3.8565189084112004      -0.50452047543739043        4.9683814684881318E-002
  -3.8567161665446599      -0.50454589548248396        4.9679995870162620E-002
  -3.8569131784025856      -0.50457128393643158        4.9676182213883840E-002
  -3.8571099445760471      -0.50459664087481304        4.9672373703096108E-002
  -3.8573064656540184      -0.50462196637294077        4.9668570324897923E-002
  -3.8575027422233887      -0.50464726050586128        4.9664772066434999E-002
  -3.8576987748689713      -0.50467252334835622        4.9660978914899907E-002
  -3.8578945641735132      -0.50469775497494374        4.9657190857531994E-002
  -3.8580901107177050      -0.50472295545987966        4.9653407881617082E-002
  -3.8582854150801911      -0.50474812487715881        4.9649629974487249E-002
  -3.8584804778375776      -0.50477326330051608        4.9645857123520633E-002
  -3.8586752995644442      -0.50479837080342771        4.9642089316141204E-002
  -3.8588698808333510      -0.50482344745911245        4.9638326539818527E-002
  -3.8590642222148497      -0.50484849334053294        4.9634568782067554E-002
  -3.8592583242774925      -0.50487350852039659        4.9630816030448430E-002
  -3.8594521875878409      -0.50489849307115686        4.9627068272566272E-002
  -3.8596458127104754      -0.50492344706501469        4.9623325496070902E-002
  -3.8598392002080040      -0.50494837057391928        4.9619587688656708E-002
  -3.8600323506410725      -0.50497326366956952        4.9615854838062398E-002
  -3.8602252645683723      -0.50499812642341502        4.9612126932070830E-002
  -3.8604179425466505      -0.50502295890665716        4.9608403958508684E-002
  -3.8606103851307174      -0.50504776119025063        4.9604685905246429E-002
  -3.8608025928734571      -0.50507253334490410        4.9600972760197981E-002
  -3.8609945663258354      -0.50509727544108152        4.9597264511320543E-002
  -3.8611863060369083      -0.50512198754900328        4.9593561146614430E-002
  -3.8613778125538314      -0.50514666973864741        4.9589862654122817E-002
  -3.8615690864218681      -0.50517132207975046        4.9586169021931588E-002
  -3.8617601281843994      -0.50519594464180861        4.9582480238169080E-002
  -3.8619509383829307      -0.50522053749407914        4.9578796291005929E-002
  -3.8621415175571014      -0.50524510070558104        4.9575117168654856E-002
  -3.8623318662446939      -0.50526963434509631        4.9571442859370450E-002
  -3.8625219849816403      -0.50529413848117122        4.9567773351449053E-002
  -3.8627118743020330      -0.50531861318211690        4.9564108633228438E-002
  -3.8629015347381315      -0.50534305851601091        4.9560448693087712E-002
  -3.8630909668203715      -0.50536747455069797        4.9556793519447098E-002
  -3.8632801710773719      -0.50539186135379122        4.9553143100767756E-002
  -3.8634691480359451      -0.50541621899267308        4.9549497425551564E-002
  -3.8636578982211036      -0.50544054753449630        4.9545856482340916E-002
  -3.8638464221560689      -0.50546484704618533        4.9542220259718626E-002
  -3.8640347203622785      -0.50548911759443682        4.9538588746307635E-002
  -3.8642227933593949      -0.50551335924572105        4.9534961930770879E-002
  -3.8644106416653137      -0.50553757206628280        4.9531339801811090E-002
  -3.8645982657961713      -0.50556175612214227        4.9527722348170614E-002
  -3.8647856662663522      -0.50558591147909637        4.9524109558631270E-002
  -3.8649728435884980      -0.50561003820271944        4.9520501422014071E-002
  -3.8651597982735142      -0.50563413635836429        4.9516897927179129E-002
  -3.8653465308305779      -0.50565820601116340        4.9513299063025477E-002
  -3.8655330417671467      -0.50568224722602950        4.9509704818490825E-002
  -3.8657193315889655      -0.50570626006765707        4.9506115182551429E-002
  -3.8659054008000742      -0.50573024460052285        4.9502530144221894E-002
  -3.8660912499028153      -0.50575420088888701        4.9498949692555097E-002
  -3.8662768793978417      -0.50577812899679420        4.9495373816641791E-002
  -3.8664622897841241      -0.50580202898807425        4.9491802505610659E-002
  -3.8666474815589580      -0.50582590092634350        4.9488235748628047E-002
  -3.8668324552179723      -0.50584974487500522        4.9484673534897765E-002
  -3.8670172112551353      -0.50587356089725122        4.9481115853660954E-002
  -3.8672017501627631      -0.50589734905606210        4.9477562694195926E-002
  -3.8673860724315263      -0.50592110941420854        4.9474014045817971E-002
  -3.8675701785504573      -0.50594484203425238        4.9470469897879205E-002
  -3.8677540690069581      -0.50596854697854721        4.9466930239768392E-002
  -3.8679377442868073      -0.50599222430923940        4.9463395060910784E-002
  -3.8681212048741664      -0.50601587408826909        4.9459864350767969E-002
  -3.8683044512515883      -0.50603949637737100        4.9456338098837649E-002
  -3.8684874839000227      -0.50606309123807536        4.9452816294653569E-002
  -3.8686703032988246      -0.50608665873170888        4.9449298927785303E-002
  -3.8688529099257609      -0.50611019891939557        4.9445785987838081E-002
  -3.8690353042570171      -0.50613371186205747        4.9442277464452650E-002
  -3.8692174867672042      -0.50615719762041589        4.9438773347305107E-002
  -3.8693994579293656      -0.50618065625499198        4.9435273626106779E-002
  -3.8695812182149845      -0.50620408782610771        4.9431778290603967E-002
  -3.8697627680939899      -0.50622749239388687        4.9428287330577907E-002
  -3.8699441080347636      -0.50625087001825564        4.9424800735844550E-002
  -3.8701252385041478      -0.50627422075894357        4.9421318496254384E-002
  -3.8703061599674502      -0.50629754467548460        4.9417840601692353E-002
  -3.8704868728884523      -0.50632084182721782        4.9414367042077641E-002
  -3.8706673777294145      -0.50634411227328802        4.9410897807363560E-002
  -3.8708476749510838      -0.50636735607264705        4.9407432887537385E-002
  -3.8710277650127001      -0.50639057328405424        4.9403972272620160E-002
  -3.8712076483720024      -0.50641376396607751        4.9400515952666625E-002
  -3.8713873254852356      -0.50643692817709385        4.9397063917765015E-002
  -3.8715667968071568      -0.50646006597529047        4.9393616158036939E-002
  -3.8717460627910416      -0.50648317741866555        4.9390172663637197E-002
  -3.8719251238886909      -0.50650626256502895        4.9386733424753679E-002
  -3.8721039805504369      -0.50652932147200302        4.9383298431607173E-002
  -3.8722826332251494      -0.50655235419702349        4.9379867674451294E-002
  -3.8724610823602421      -0.50657536079734033        4.9376441143572217E-002
  -3.8726393284016791      -0.50659834133001824        4.9373018829288649E-002
  -3.8728173717939813      -0.50662129585193783        4.9369600721951651E-002
  -3.8729952129802312      -0.50664422441979617        4.9366186811944442E-002
  -3.8731728524020808      -0.50666712709010764        4.9362777089682355E-002
  -3.8733502904997565      -0.50669000391920471        4.9359371545612624E-002
  -3.8735275277120662      -0.50671285496323859        4.9355970170214272E-002
  -3.8737045644764043      -0.50673568027818028        4.9352572953997940E-002
  -3.8738814012287581      -0.50675847991982104        4.9349179887505819E-002
  -3.8740580384037147      -0.50678125394377338        4.9345790961311434E-002
  -3.8742344764344652      -0.50680400240547163        4.9342406166019544E-002
  -3.8744107157528118      -0.50682672536017281        4.9339025492266042E-002
  -3.8745867567891739      -0.50684942286295742        4.9335648930717742E-002
  -3.8747625999725925      -0.50687209496872998        4.9332276472072299E-002
  -3.8749382457307382      -0.50689474173222016        4.9328908107058062E-002
  -3.8751136944899152      -0.50691736320798297        4.9325543826433921E-002
  -3.8752889466750680      -0.50693995945040005        4.9322183620989238E-002
  -3.8754640027097862      -0.50696253051367990        4.9318827481543620E-002
  -3.8756388630163117      -0.50698507645185908        4.9315475398946873E-002
  -3.8758135280155424      -0.50700759731880263        4.9312127364078834E-002
  -3.8759879981270400      -0.50703009316820491        4.9308783367849232E-002
  -3.8761622737690344      -0.50705256405359012        4.9305443401197580E-002
  -3.8763363553584287      -0.50707501002831334        4.9302107455093058E-002
  -3.8765102433108063      -0.50709743114556094        4.9298775520534334E-002
  -3.8766839380404354      -0.50711982745835138        4.9295447588549507E-002
  -3.8768574399602751      -0.50714219901953617        4.9292123650195904E-002
  -3.8770307494819796      -0.50716454588180004        4.9288803696560038E-002
  -3.8772038670159055      -0.50718686809766211        4.9285487718757404E-002
  -3.8773767929711154      -0.50720916571947638        4.9282175707932432E-002
  -3.8775495277553849      -0.50723143879943233        4.9278867655258268E-002
  -3.8777220717752070      -0.50725368738955579        4.9275563551936775E-002
  -3.8778944254357977      -0.50727591154170959        4.9272263389198288E-002
  -3.8780665891411013      -0.50729811130759417        4.9268967158301563E-002
  -3.8782385632937952      -0.50732028673874807        4.9265674850533653E-002
  -3.8784103482952963      -0.50734243788654909        4.9262386457209754E-002
  -3.8785819445457648      -0.50736456480221448        4.9259101969673119E-002
  -3.8787533524441109      -0.50738666753680173        4.9255821379294920E-002
  -3.8789245723879984      -0.50740874614120945        4.9252544677474162E-002
  -3.8790956047738505      -0.50743080066617774        4.9249271855637509E-002
  -3.8792664499968561      -0.50745283116228901        4.9246002905239200E-002
  -3.8794371084509729      -0.50747483767996848        4.9242737817760951E-002
  -3.8796075805289334      -0.50749682026948506        4.9239476584711811E-002
  -3.8797778666222507      -0.50751877898095177        4.9236219197628030E-002
  -3.8799479671212218      -0.50754071386432653        4.9232965648073015E-002
  -3.8801178824149343      -0.50756262496941262        4.9229715927637099E-002
