 k,   gradient vector, at each step of the optimization (k):

           1   4.4162646261943175E-002   5.2304893237138826E-003
           2   4.1987811487083609E-002   5.0143336915138689E-003
           3   4.0519321944528834E-002   4.8716233570508432E-003
           4   3.9430355404223745E-002   4.7661417636737802E-003
           5   3.8573784065913379E-002   4.6829605015968655E-003
           6   3.7872650874323698E-002   4.6145648633051642E-003
           7   3.7282118439938228E-002   4.5566601988350705E-003
           8   3.6773946633553392E-002   4.5065688665471854E-003
           9   3.6329278386194097E-002   4.4625121510172353E-003
          10   3.5934937772845441E-002   4.4232500886096579E-003
          11   3.5581379047042130E-002   4.3878848470675436E-003
          12   3.5261479026654559E-002   4.3557460843271960E-003
          13   3.4969789995420539E-002   4.3263204880473870E-003
          14   3.4702058177196578E-002   4.2992065582465513E-003
          15   3.4454902488112477E-002   4.2740845243908754E-003
          16   3.4225593814162361E-002   4.2506957103422074E-003
          17   3.4011899452320374E-002   4.2288280035907358E-003
          18   3.3811971017931416E-002   4.2083053871374660E-003
          19   3.3624262080478716E-002   4.1889802459685538E-003
          20   3.3447466586095292E-002   4.1707276119564932E-003
          21   3.3280472103084859E-002   4.1534407905426864E-003
          22   3.3122323825333914E-002   4.1370279902563012E-003
          23   3.2972196508014487E-002   4.1214096918853835E-003
          24   3.2829372336632121E-002   4.1065165711942596E-003
          25   3.2693223292496618E-002   4.0922878414247363E-003
          26   3.2563196966546609E-002   4.0786699180059205E-003
          27   3.2438805046828043E-002   4.0656153333255632E-003
          28   3.2319613899940626E-002   4.0530818475512011E-003
          29   3.2205236807767282E-002   4.0410317146029467E-003
          30   3.2095327524026121E-002   4.0294310719797060E-003
          31   3.1989574891623275E-002   4.0182494302534915E-003
          32   3.1887698318999881E-002   4.0074592433717192E-003
          33   3.1789443956916824E-002   3.9970355449357809E-003
          34   3.1694581450121752E-002   3.9869556386991798E-003
          35   3.1602901163741655E-002   3.9771988338972789E-003
          36   3.1514211803951149E-002   3.9677462178600471E-003
          37   3.1428338367877805E-002   3.9585804597982487E-003
          38   3.1345120369838456E-002   3.9496856407883049E-003
          39   3.1264410300624705E-002   3.9410471058807075E-003
          40   3.1186072284232872E-002   3.9326513349766737E-003
          41   3.1109980902597631E-002   3.9244858296951009E-003
          42   3.1036020163868194E-002   3.9165390139188272E-003
          43   3.0964082593803312E-002   3.9088001460893937E-003
          44   3.0894068433164439E-002   3.9012592416285872E-003
          45   3.0825884926685313E-002   3.8939070041205076E-003
          46   3.0759445691430111E-002   3.8867347640971243E-003
          47   3.0694670154193981E-002   3.8797344244447573E-003
          48   3.0631483049132911E-002   3.8728984115931489E-003
          49   3.0569813968091920E-002   3.8662196317703302E-003
          50   3.0509596957170124E-002   3.8596914317069798E-003
          51   3.0450770153964923E-002   3.8533075632605366E-003
          52   3.0393275460697797E-002   3.8470621515002382E-003
          53   3.0337058249069251E-002   3.8409496658564032E-003
          54   3.0282067093238052E-002   3.8349648939887044E-003
          55   3.0228253527787168E-002   3.8291029180728014E-003
          56   3.0175571827937894E-002   3.8233590932424595E-003
          57   3.0123978809616238E-002   3.8177290279576169E-003
          58   3.0073433647270040E-002   3.8122085660955958E-003
          59   3.0023897707589633E-002   3.8067937705884361E-003
          60   2.9975334397503717E-002   3.8014809084491313E-003
          61   2.9927709025013242E-002   3.7962664370481589E-003
          62   2.9880988671591328E-002   3.7911469915180014E-003
          63   2.9835142075020686E-002   3.7861193731759391E-003
          64   2.9790139521666828E-002   3.7811805388689224E-003
          65   2.9745952747294566E-002   3.7763275911537127E-003
          66   2.9702554845632001E-002   3.7715577692354128E-003
          67   2.9659920183971601E-002   3.7668684405953116E-003
          68   2.9618024325171476E-002   3.7622570932465882E-003
          69   2.9576843955486671E-002   3.7577213285619961E-003
          70   2.9536356817718549E-002   3.7532588546241525E-003
          71   2.9496541649221043E-002   3.7488674800533828E-003
          72   2.9457378124349263E-002   3.7445451082726983E-003
          73   2.9418846800975847E-002   3.7402897321736251E-003
          74   2.9380929070736604E-002   3.7360994291495263E-003
          75   2.9343607112700364E-002   3.7319723564668175E-003
          76   2.9306863850184425E-002   3.7279067469470797E-003
          77   2.9270682910465411E-002   3.7239009049348762E-003
          78   2.9235048587156441E-002   3.7199532025297645E-003
          79   2.9199945805042551E-002   3.7160620760615334E-003
          80   2.9165360087186239E-002   3.7122260227901438E-003
          81   2.9131277524129369E-002   3.7084435978138922E-003
          82   2.9097684745034828E-002   3.7047134111697806E-003
          83   2.9064568890623754E-002   3.7010341251124340E-003
          84   2.9031917587776627E-002   3.6974044515581798E-003
          85   2.8999718925677768E-002   3.6938231496827355E-003
          86   2.8967961433392923E-002   3.6902890236615708E-003
          87   2.8936634058777749E-002   3.6868009205428469E-003
          88   2.8905726148624886E-002   3.6833577282436962E-003
          89   2.8875227429963488E-002   3.6799583736615614E-003
          90   2.8845127992432187E-002   3.6766018208927794E-003
          91   2.8815418271653008E-002   3.6732870695508901E-003
          92   2.8786089033539315E-002   3.6700131531787481E-003
          93   2.8757131359475420E-002   3.6667791377472301E-003
          94   2.8728536632311254E-002   3.6635841202362044E-003
          95   2.8700296523119086E-002   3.6604272272912899E-003
          96   2.8672402978662869E-002   3.6573076139523471E-003
          97   2.8644848209535764E-002   3.6542244624488797E-003
          98   2.8617624678923086E-002   3.6511769810582788E-003
          99   2.8590725091952207E-002   3.6481644030229611E-003
         100   2.8564142385592961E-002   3.6451859855227736E-003
         101   2.8537869719074932E-002   3.6422410086996079E-003
         102   2.8511900464790799E-002   3.6393287747306341E-003
         103   2.8486228199655964E-002   3.6364486069476619E-003
         104   2.8460846696898044E-002   3.6335998489997723E-003
         105   2.8435749918250479E-002   3.6307818640566613E-003
         106   2.8410932006527313E-002   3.6279940340505031E-003
         107   2.8386387278556458E-002   3.6252357589538499E-003
         108   2.8362110218451531E-002   3.6225064560919348E-003
         109   2.8338095471203157E-002   3.6198055594870251E-003
         110   2.8314337836571141E-002   3.6171325192334192E-003
         111   2.8290832263261682E-002   3.6144868009011406E-003
         112   2.8267573843373209E-002   3.6118678849668337E-003
         113   2.8244557807096695E-002   3.6092752662704652E-003
         114   2.8221779517656156E-002   3.6067084534964250E-003
         115   2.8199234466477197E-002   3.6041669686776097E-003
         116   2.8176918268570460E-002   3.6016503467213795E-003
         117   2.8154826658119712E-002   3.5991581349563806E-003
         118   2.8132955484263089E-002   3.5966898926988299E-003
         119   2.8111300707057828E-002   3.5942451908375170E-003
         120   2.8089858393618918E-002   3.5918236114364788E-003
         121   2.8068624714423233E-002   3.5894247473545159E-003
         122   2.8047595939769687E-002   3.5870482018806505E-003
         123   2.8026768436389154E-002   3.5846935883846035E-003
         124   2.8006138664195167E-002   3.5823605299819513E-003
         125   2.7985703173169538E-002   3.5800486592127887E-003
         126   2.7965458600375748E-002   3.5777576177334555E-003
         127   2.7945401667094135E-002   3.5754870560208330E-003
         128   2.7925529176072581E-002   3.5732366330881566E-003
         129   2.7905838008888077E-002   3.5710060162125958E-003
         130   2.7886325123412763E-002   3.5687948806728651E-003
         131   2.7866987551380416E-002   3.5666029094978927E-003
         132   2.7847822396048178E-002   3.5644297932244471E-003
         133   2.7828826829949527E-002   3.5622752296646681E-003
         134   2.7809998092733764E-002   3.5601389236822483E-003
         135   2.7791333489088355E-002   3.5580205869770198E-003
         136   2.7772830386740676E-002   3.5559199378777926E-003
         137   2.7754486214534885E-002   3.5538367011429292E-003
         138   2.7736298460581097E-002   3.5517706077681619E-003
         139   2.7718264670473537E-002   3.5497213948017053E-003
         140   2.7700382445574358E-002   3.5476888051659203E-003
         141   2.7682649441360913E-002   3.5456725874855716E-003
         142   2.7665063365832656E-002   3.5436724959223278E-003
         143   2.7647621977976270E-002   3.5416882900149767E-003
         144   2.7630323086285723E-002   3.5397197345255482E-003
         145   2.7613164547335176E-002   3.5377665992907949E-003
         146   2.7596144264402593E-002   3.5358286590787247E-003
         147   2.7579260186141621E-002   3.5339056934503956E-003
         148   2.7562510305300277E-002   3.5319974866263575E-003
         149   2.7545892657483795E-002   3.5301038273575580E-003
         150   2.7529405319960388E-002   3.5282245088009527E-003
         151   2.7513046410508009E-002   3.5263593283990399E-003
         152   2.7496814086300159E-002   3.5245080877636314E-003
         153   2.7480706542829591E-002   3.5226705925634661E-003
         154   2.7464722012868269E-002   3.5208466524155125E-003
         155   2.7448858765461805E-002   3.5190360807798968E-003
         156   2.7433115104957537E-002   3.5172386948584032E-003
         157   2.7417489370064468E-002   3.5154543154959782E-003
         158   2.7401979932944291E-002   3.5136827670857722E-003
         159   2.7386585198331585E-002   3.5119238774769818E-003
         160   2.7371303602683035E-002   3.5101774778858695E-003
         161   2.7356133613353303E-002   3.5084434028093445E-003
         162   2.7341073727798187E-002   3.5067214899414567E-003
         163   2.7326122472802101E-002   3.5050115800925735E-003
         164   2.7311278403730689E-002   3.5033135171108898E-003
         165   2.7296540103806683E-002   3.5016271478064786E-003
         166   2.7281906183407988E-002   3.4999523218776701E-003
         167   2.7267375279388256E-002   3.4982888918397605E-003
         168   2.7252946054417526E-002   3.4966367129557435E-003
         169   2.7238617196344118E-002   3.4949956431692890E-003
         170   2.7224387417574825E-002   3.4933655430396276E-003
         171   2.7210255454474898E-002   3.4917462756784970E-003
         172   2.7196220066785390E-002   3.4901377066888133E-003
         173   2.7182280037058176E-002   3.4885397041053297E-003
         174   2.7168434170108158E-002   3.4869521383369857E-003
         175   2.7154681292480824E-002   3.4853748821108014E-003
         176   2.7141020251936505E-002   3.4838078104176325E-003
         177   2.7127449916948976E-002   3.4822508004593738E-003
         178   2.7113969176218694E-002   3.4807037315976019E-003
         179   2.7100576938200734E-002   3.4791664853039412E-003
         180   2.7087272130645660E-002   3.4776389451115931E-003
         181   2.7074053700153741E-002   3.4761209965682039E-003
         182   2.7060920611741986E-002   3.4746125271905193E-003
         183   2.7047871848423190E-002   3.4731134264196100E-003
         184   2.7034906410797165E-002   3.4716235855778909E-003
         185   2.7022023316653172E-002   3.4701428978271532E-003
         186   2.7009221600583281E-002   3.4686712581277301E-003
         187   2.6996500313606848E-002   3.4672085631986863E-003
         188   2.6983858522805132E-002   3.4657547114793981E-003
         189   2.6971295310965808E-002   3.4643096030917905E-003
         190   2.6958809776237394E-002   3.4628731398039353E-003
         191   2.6946401031792813E-002   3.4614452249944129E-003
         192   2.6934068205502343E-002   3.4600257636176329E-003
         193   2.6921810439614998E-002   3.4586146621702054E-003
         194   2.6909626890448776E-002   3.4572118286580974E-003
         195   2.6897516728088770E-002   3.4558171725646630E-003
         196   2.6885479136093501E-002   3.4544306048195886E-003
         197   2.6873513311209012E-002   3.4530520377684727E-003
         198   2.6861618463090126E-002   3.4516813851433923E-003
         199   2.6849793814029410E-002   3.4503185620341462E-003
         200   2.6838038598692791E-002   3.4489634848601314E-003
         201   2.6826352063862066E-002   3.4476160713431221E-003
         202   2.6814733468184339E-002   3.4462762404806530E-003
         203   2.6803182081927241E-002   3.4449439125199708E-003
         204   2.6791697186740921E-002   3.4436190089328880E-003
         205   2.6780278075425847E-002   3.4423014523909806E-003
         206   2.6768924051706305E-002   3.4409911667416236E-003
         207   2.6757634430009950E-002   3.4396880769845357E-003
         208   2.6746408535252304E-002   3.4383921092488320E-003
         209   2.6735245702627076E-002   3.4371031907707958E-003
         210   2.6724145277401509E-002   3.4358212498721082E-003
         211   2.6713106614716577E-002   3.4345462159384860E-003
         212   2.6702129079392303E-002   3.4332780193990944E-003
         213   2.6691212045737756E-002   3.4320165917062872E-003
         214   2.6680354897365446E-002   3.4307618653157540E-003
         215   2.6669557027010578E-002   3.4295137736674425E-003
         216   2.6658817836354227E-002   3.4282722511665858E-003
         217   2.6648136735851001E-002   3.4270372331653290E-003
         218   2.6637513144560771E-002   3.4258086559449297E-003
         219   2.6626946489984323E-002   3.4245864566981032E-003
         220   2.6616436207902744E-002   3.4233705735119799E-003
         221   2.6605981742220994E-002   3.4221609453513172E-003
         222   2.6595582544814630E-002   3.4209575120422923E-003
         223   2.6585238075380373E-002   3.4197602142564689E-003
         224   2.6574947801290334E-002   3.4185689934951879E-003
         225   2.6564711197448802E-002   3.4173837920743969E-003
         226   2.6554527746153418E-002   3.4162045531097190E-003
         227   2.6544396936958647E-002   3.4150312205019772E-003
         228   2.6534318266542727E-002   3.4138637389228075E-003
         229   2.6524291238577653E-002   3.4127020538009833E-003
         230   2.6514315363601826E-002   3.4115461113086399E-003
         231   2.6504390158895878E-002   3.4103958583479922E-003
         232   2.6494515148361084E-002   3.4092512425384727E-003
         233   2.6484689862400539E-002   3.4081122122038799E-003
         234   2.6474913837802958E-002   3.4069787163600162E-003
         235   2.6465186617628846E-002   3.4058507047024888E-003
         236   2.6455507751099665E-002   3.4047281275948332E-003
         237   2.6445876793488927E-002   3.4036109360568228E-003
         238   2.6436293306015855E-002   3.4024990817531991E-003
         239   2.6426756855741373E-002   3.4013925169823615E-003
         240   2.6417267015466137E-002   3.4002911946655998E-003
         241   2.6407823363631282E-002   3.3991950683363299E-003
         242   2.6398425484220601E-002   3.3981040921296900E-003
         243   2.6389072966665317E-002   3.3970182207722910E-003
         244   2.6379765405750526E-002   3.3959374095722142E-003
         245   2.6370502401524189E-002   3.3948616144092131E-003
         246   2.6361283559207208E-002   3.3937907917250434E-003
         247   2.6352108489106095E-002   3.3927248985141855E-003
         248   2.6342976806527120E-002   3.3916638923145487E-003
         249   2.6333888131692317E-002   3.3906077311984979E-003
         250   2.6324842089657373E-002   3.3895563737639405E-003
         251   2.6315838310230880E-002   3.3885097791258034E-003
         252   2.6306876427895653E-002   3.3874679069074384E-003
         253   2.6297956081731241E-002   3.3864307172324091E-003
         254   2.6289076915338459E-002   3.3853981707163429E-003
         255   2.6280238576765143E-002   3.3843702284588198E-003
         256   2.6271440718433296E-002   3.3833468520358266E-003
         257   2.6262682997068371E-002   3.3823280034918327E-003
         258   2.6253965073628958E-002   3.3813136453324411E-003
         259   2.6245286613238848E-002   3.3803037405169744E-003
         260   2.6236647285119850E-002   3.3792982524513270E-003
         261   2.6228046762526103E-002   3.3782971449807888E-003
         262   2.6219484722679747E-002   3.3773003823832155E-003
         263   2.6210960846707810E-002   3.3763079293621717E-003
         264   2.6202474819580452E-002   3.3753197510403544E-003
         265   2.6194026330050007E-002   3.3743358129529164E-003
         266   2.6185615070591958E-002   3.3733560810411396E-003
         267   2.6177240737346109E-002   3.3723805216462092E-003
         268   2.6168903030059951E-002   3.3714091015029455E-003
         269   2.6160601652032021E-002   3.3704417877337854E-003
         270   2.6152336310057256E-002   3.3694785478428791E-003
         271   2.6144106714372985E-002   3.3685193497102837E-003
         272   2.6135912578605820E-002   3.3675641615861624E-003
         273   2.6127753619719946E-002   3.3666129520852576E-003
         274   2.6119629557966005E-002   3.3656656901813950E-003
         275   2.6111540116831217E-002   3.3647223452020849E-003
         276   2.6103485022990341E-002   3.3637828868231662E-003
         277   2.6095464006257344E-002   3.3628472850636966E-003
         278   2.6087476799538521E-002   3.3619155102807669E-003
         279   2.6079523138785875E-002   3.3609875331645474E-003
         280   2.6071602762951642E-002   3.3600633247333920E-003
         281   2.6063715413943755E-002   3.3591428563289560E-003
         282   2.6055860836581957E-002   3.3582260996114477E-003
         283   2.6048038778554661E-002   3.3573130265550791E-003
         284   2.6040248990376900E-002   3.3564036094434146E-003
         285   2.6032491225348568E-002   3.3554978208648147E-003
         286   2.6024765239514074E-002   3.3545956337082627E-003
         287   2.6017070791621955E-002   3.3536970211587242E-003
         288   2.6009407643085954E-002   3.3528019566931876E-003
         289   2.6001775557946121E-002   3.3519104140763392E-003
         290   2.5994174302831158E-002   3.3510223673564338E-003
         291   2.5986603646921135E-002   3.3501377908614020E-003
         292   2.5979063361911029E-002   3.3492566591947453E-003
         293   2.5971553221974652E-002   3.3483789472317439E-003
         294   2.5964073003729573E-002   3.3475046301155993E-003
         295   2.5956622486202282E-002   3.3466336832537170E-003
         296   2.5949201450794355E-002   3.3457660823139630E-003
         297   2.5941809681248967E-002   3.3449018032210599E-003
         298   2.5934446963617765E-002   3.3440408221530504E-003
         299   2.5927113086228987E-002   3.3431831155377261E-003
         300   2.5919807839655359E-002   3.3423286600493415E-003

   k   test 
         300   1.3583180882695278E-005
