 k,   gradient vector, at each step of the optimization (k):

           1   4.4162646261943175E-002   5.2304893237138826E-003
           2   4.0833150209841122E-002   4.8594741378301179E-003
           3   3.8665071749471376E-002   4.6271738475556793E-003
           4   3.7110650205883958E-002   4.4627391679930694E-003
           5   3.5920919267229165E-002   4.3373976643304619E-003
           6   3.4968539008454716E-002   4.2371146329219277E-003
           7   3.4181122214362904E-002   4.1541099090274336E-003
           8   3.3514096353460185E-002   4.0836628883764549E-003
           9   3.2938290583817947E-002   4.0227120908255922E-003
          10   3.2433681773484845E-002   3.9691681132673290E-003
          11   3.1985991029173266E-002   3.9215463444851918E-003
          12   3.1584712891985146E-002   3.8787569282222518E-003
          13   3.1221914671641156E-002   3.8399779514915293E-003
          14   3.0891473409971219E-002   3.8045753864630891E-003
          15   3.0588573364953159E-002   3.7720506253338293E-003
          16   3.0309364827358725E-002   3.7420049900425772E-003
          17   3.0050726291767804E-002   3.7141150610159016E-003
          18   2.9810094817204764E-002   3.6881151154959297E-003
          19   2.9585342552066591E-002   3.6637843640431956E-003
          20   2.9374685232164886E-002   3.6409375021244292E-003
          21   2.9176613276403057E-002   3.6194176002536885E-003
          22   2.8989839146182805E-002   3.5990906747439986E-003
          23   2.8813256602786406E-002   3.5798414865632899E-003
          24   2.8645908798613059E-002   3.5615702512613511E-003
          25   2.8486963016102002E-002   3.5441900340928384E-003
          26   2.8335690471068896E-002   3.5276246669359215E-003
          27   2.8191450018005236E-002   3.5118070671429371E-003
          28   2.8053674893067315E-002   3.4966778692647662E-003
          29   2.7921861844682466E-002   3.4821843026974974E-003
          30   2.7795562157548363E-002   3.4682792643676080E-003
          31   2.7674374190532598E-002   3.4549205473947461E-003
          32   2.7557937134372615E-002   3.4420701954631480E-003
          33   2.7445925759281783E-002   3.4296939592423402E-003
          34   2.7338045971302211E-002   3.4177608362120108E-003
          35   2.7234031033569927E-002   3.4062426790857836E-003
          36   2.7133638337478189E-002   3.3951138609931500E-003
          37   2.7036646631160528E-002   3.3843509878866179E-003
          38   2.6942853630299912E-002   3.3739326504492032E-003
          39   2.6852073950159597E-002   3.3638392092068549E-003
          40   2.6764137308765062E-002   3.3540526076849251E-003
          41   2.6678886959991505E-002   3.3445562093560592E-003
          42   2.6596178322409507E-002   3.3353346548571422E-003
          43   2.6515877775482456E-002   3.3263737365441422E-003
          44   2.6437861599379067E-002   3.3176602879345703E-003
          45   2.6362015038478310E-002   3.3091820859794236E-003
          46   2.6288231471778712E-002   3.3009277644302812E-003
          47   2.6216411676007825E-002   3.2928867368331349E-003
          48   2.6146463169370041E-002   3.2850491279010985E-003
          49   2.6078299625652574E-002   3.2774057122025298E-003
          50   2.6011840349897959E-002   3.2699478592541297E-003
          51   2.5947009808100135E-002   3.2626674842378008E-003
          52   2.5883737204431035E-002   3.2555570036681635E-003
          53   2.5821956100392923E-002   3.2486092954298138E-003
          54   2.5761604071042887E-002   3.2418176626805334E-003
          55   2.5702622394075426E-002   3.2351758011832537E-003
          56   2.5644955768095043E-002   3.2286777696855710E-003
          57   2.5588552056876015E-002   3.2223179630142826E-003
          58   2.5533362056807406E-002   3.2160910875934307E-003
          59   2.5479339285066446E-002   3.2099921391305179E-003
          60   2.5426439786357884E-002   3.2040163822454732E-003
          61   2.5374621956316692E-002   3.1981593318448735E-003
          62   2.5323846379892587E-002   3.1924167360654000E-003
          63   2.5274075683227475E-002   3.1867845606322956E-003
          64   2.5225274397708421E-002   3.1812589744945482E-003
          65   2.5177408835022806E-002   3.1758363366148987E-003
          66   2.5130446972172898E-002   3.1705131838058137E-003
          67   2.5084358345519669E-002   3.1652862195139060E-003
          68   2.5039113953024734E-002   3.1601523034663825E-003
          69   2.4994686163947150E-002   3.1551084421013410E-003
          70   2.4951048635327613E-002   3.1501517797127257E-003
          71   2.4908176234662804E-002   3.1452795902467143E-003
          72   2.4866044968230833E-002   3.1404892696935897E-003
          73   2.4824631914583610E-002   3.1357783290243079E-003
          74   2.4783915162768913E-002   3.1311443876257021E-003
          75   2.4743873754887295E-002   3.1265851671931012E-003
          76   2.4704487632626913E-002   3.1220984860429960E-003
          77   2.4665737587452510E-002   3.1176822538115387E-003
          78   2.4627605214155711E-002   3.1133344665081968E-003
          79   2.4590072867499473E-002   3.1090532018967490E-003
          80   2.4553123621715425E-002   3.1048366151777652E-003
          81   2.4516741232632866E-002   3.1006829349498333E-003
          82   2.4480910102238587E-002   3.0965904594280366E-003
          83   2.4445615245484324E-002   3.0925575529004898E-003
          84   2.4410842259174111E-002   3.0885826424054403E-003
          85   2.4376577292778305E-002   3.0846642146124723E-003
          86   2.4342807021034009E-002   3.0808008128933775E-003
          87   2.4309518618203300E-002   3.0769910345688155E-003
          88   2.4276699733871226E-002   3.0732335283186005E-003
          89   2.4244338470175337E-002   3.0695269917439373E-003
          90   2.4212423360366955E-002   3.0658701690712323E-003
          91   2.4180943348612562E-002   3.0622618489877119E-003
          92   2.4149887770951162E-002   3.0587008626001052E-003
          93   2.4119246337329245E-002   3.0551860815078379E-003
          94   2.4089009114642009E-002   3.0517164159834338E-003
          95   2.4059166510714207E-002   3.0482908132530503E-003
          96   2.4029709259159506E-002   3.0449082558704748E-003
          97   2.4000628405061480E-002   3.0415677601787704E-003
          98   2.3971915291423663E-002   3.0382683748540495E-003
          99   2.3943561546340648E-002   3.0350091795258564E-003
         100   2.3915559070843629E-002   3.0317892834698878E-003
         101   2.3887900027380143E-002   3.0286078243682755E-003
         102   2.3860576828888320E-002   3.0254639671332029E-003
         103   2.3833582128429294E-002   3.0223569027904578E-003
         104   2.3806908809344489E-002   3.0192858474189211E-003
         105   2.3780549975906447E-002   3.0162500411428129E-003
         106   2.3754498944433954E-002   3.0132487471737327E-003
         107   2.3728749234844297E-002   3.0102812508993617E-003
         108   2.3703294562617064E-002   3.0073468590162654E-003
         109   2.3678128831146509E-002   3.0044448987043421E-003
         110   2.3653246124459498E-002   3.0015747168404498E-003
         111   2.3628640700278963E-002   2.9987356792489303E-003
         112   2.3604306983413387E-002   2.9959271699873265E-003
         113   2.3580239559454264E-002   2.9931485906648518E-003
         114   2.3556433168764528E-002   2.9903993597923777E-003
         115   2.3532882700742275E-002   2.9876789121616931E-003
         116   2.3509583188344483E-002   2.9849866982529158E-003
         117   2.3486529802857703E-002   2.9823221836682364E-003
         118   2.3463717848901305E-002   2.9796848485907517E-003
         119   2.3441142759652416E-002   2.9770741872672257E-003
         120   2.3418800092279878E-002   2.9744897075130636E-003
         121   2.3396685523577054E-002   2.9719309302389343E-003
         122   2.3374794845782969E-002   2.9693973889974865E-003
         123   2.3353123962582423E-002   2.9668886295494482E-003
         124   2.3331668885275686E-002   2.9644042094478782E-003
         125   2.3310425729109716E-002   2.9619436976398958E-003
         126   2.3289390709762336E-002   2.9595066740849174E-003
         127   2.3268560139972621E-002   2.9570927293884244E-003
         128   2.3247930426309286E-002   2.9547014644510168E-003
         129   2.3227498066071328E-002   2.9523324901312774E-003
         130   2.3207259644313985E-002   2.9499854269225928E-003
         131   2.3187211830994293E-002   2.9476599046423971E-003
         132   2.3167351378230311E-002   2.9453555621341931E-003
         133   2.3147675117668992E-002   2.9430720469809874E-003
         134   2.3128179957957316E-002   2.9408090152298642E-003
         135   2.3108862882311943E-002   2.9385661311274506E-003
         136   2.3089720946183247E-002   2.9363430668652695E-003
         137   2.3070751275008693E-002   2.9341395023350881E-003
         138   2.3051951062052187E-002   2.9319551248932437E-003
         139   2.3033317566325043E-002   2.9297896291339861E-003
         140   2.3014848110585247E-002   2.9276427166713115E-003
         141   2.2996540079411296E-002   2.9255140959287629E-003
         142   2.2978390917347609E-002   2.9234034819369736E-003
         143   2.2960398127117816E-002   2.9213105961387043E-003
         144   2.2942559267903815E-002   2.9192351662008934E-003
         145   2.2924871953686997E-002   2.9171769258334438E-003
         146   2.2907333851649277E-002   2.9151356146145183E-003
         147   2.2889942680631450E-002   2.9131109778221097E-003
         148   2.2872696209646371E-002   2.9111027662714044E-003
         149   2.2855592256444589E-002   2.9091107361580229E-003
         150   2.2838628686130295E-002   2.9071346489065418E-003
         151   2.2821803409825595E-002   2.9051742710244281E-003
         152   2.2805114383380915E-002   2.9032293739608625E-003
         153   2.2788559606129945E-002   2.9012997339704504E-003
         154   2.2772137119686647E-002   2.8993851319814765E-003
         155   2.2755845006783969E-002   2.8974853534687456E-003
         156   2.2739681390150809E-002   2.8956001883305338E-003
         157   2.2723644431427107E-002   2.8937294307696607E-003
         158   2.2707732330115138E-002   2.8918728791785969E-003
         159   2.2691943322565147E-002   2.8900303360281827E-003
         160   2.2676275680994808E-002   2.8882016077601373E-003
         161   2.2660727712540185E-002   2.8863865046829182E-003
         162   2.2645297758337953E-002   2.8845848408710572E-003
         163   2.2629984192637193E-002   2.8827964340676152E-003
         164   2.2614785421939412E-002   2.8810211055898581E-003
         165   2.2599699884166252E-002   2.8792586802377299E-003
         166   2.2584726047853530E-002   2.8775089862055061E-003
         167   2.2569862411370462E-002   2.8757718549958758E-003
         168   2.2555107502163725E-002   2.8740471213369047E-003
         169   2.2540459876024727E-002   2.8723346231015003E-003
         170   2.2525918116379606E-002   2.8706342012293873E-003
         171   2.2511480833601251E-002   2.8689456996514500E-003
         172   2.2497146664342174E-002   2.8672689652162560E-003
         173   2.2482914270887683E-002   2.8656038476190314E-003
         174   2.2468782340528844E-002   2.8639501993325480E-003
         175   2.2454749584953915E-002   2.8623078755401639E-003
         176   2.2440814739658331E-002   2.8606767340709398E-003
         177   2.2426976563371965E-002   2.8590566353364523E-003
         178   2.2413233837503481E-002   2.8574474422696709E-003
         179   2.2399585365600997E-002   2.8558490202654609E-003
         180   2.2386029972828205E-002   2.8542612371230151E-003
         181   2.2372566505456406E-002   2.8526839629896285E-003
         182   2.2359193830370442E-002   2.8511170703064211E-003
         183   2.2345910834589391E-002   2.8495604337554167E-003
         184   2.2332716424800628E-002   2.8480139302081214E-003
         185   2.2319609526907404E-002   2.8464774386756891E-003
         186   2.2306589085588965E-002   2.8449508402602812E-003
         187   2.2293654063873156E-002   2.8434340181080187E-003
         188   2.2280803442721226E-002   2.8419268573630268E-003
         189   2.2268036220623552E-002   2.8404292451228923E-003
         190   2.2255351413207350E-002   2.8389410703952792E-003
         191   2.2242748052854529E-002   2.8374622240557304E-003
         192   2.2230225188330410E-002   2.8359925988067033E-003
         193   2.2217781884422350E-002   2.8345320891375245E-003
         194   2.2205417221588364E-002   2.8330805912856324E-003
         195   2.2193130295614934E-002   2.8316380031987837E-003
         196   2.2180920217284385E-002   2.8302042244981503E-003
         197   2.2168786112050677E-002   2.8287791564425252E-003
         198   2.2156727119724318E-002   2.8273627018935450E-003
         199   2.2144742394165164E-002   2.8259547652815719E-003
         200   2.2132831102983554E-002   2.8245552525726775E-003
         201   2.2120992427249162E-002   2.8231640712364364E-003
         202   2.2109225561207570E-002   2.8217811302145234E-003
         203   2.2097529712003777E-002   2.8204063398900758E-003
         204   2.2085904099413516E-002   2.8190396120579839E-003
         205   2.2074347955580796E-002   2.8176808598958099E-003
         206   2.2062860524762608E-002   2.8163299979354463E-003
         207   2.2051441063079696E-002   2.8149869420355613E-003
         208   2.2040088838274140E-002   2.8136516093547046E-003
         209   2.2028803129472602E-002   2.8123239183250669E-003
         210   2.2017583226955718E-002   2.8110037886268906E-003
         211   2.2006428431933157E-002   2.8096911411635583E-003
         212   2.1995338056324251E-002   2.8083858980372275E-003
         213   2.1984311422544284E-002   2.8070879825251383E-003
         214   2.1973347863295471E-002   2.8057973190563838E-003
         215   2.1962446721363660E-002   2.8045138331894712E-003
         216   2.1951607349419738E-002   2.8032374515900419E-003
         217   2.1940829109825640E-002   2.8019681020095893E-003
         218   2.1930111374445459E-002   2.8007057132643301E-003
         219   2.1919453524460647E-002   2.7994502152147464E-003
         220   2.1908854950189991E-002   2.7982015387454915E-003
         221   2.1898315050913737E-002   2.7969596157459845E-003
         222   2.1887833234701840E-002   2.7957243790912535E-003
         223   2.1877408918246143E-002   2.7944957626232433E-003
         224   2.1867041526697044E-002   2.7932737011327536E-003
         225   2.1856730493503097E-002   2.7920581303415137E-003
         226   2.1846475260255238E-002   2.7908489868849451E-003
         227   2.1836275276533947E-002   2.7896462082950754E-003
         228   2.1826129999760354E-002   2.7884497329840391E-003
         229   2.1816038895050537E-002   2.7872595002278342E-003
         230   2.1806001435073198E-002   2.7860754501505391E-003
         231   2.1796017099910706E-002   2.7848975237087493E-003
         232   2.1786085376923104E-002   2.7837256626765043E-003
         233   2.1776205760615255E-002   2.7825598096305193E-003
         234   2.1766377752507084E-002   2.7813999079356585E-003
         235   2.1756600861006482E-002   2.7802459017308447E-003
         236   2.1746874601285267E-002   2.7790977359152119E-003
         237   2.1737198495157803E-002   2.7779553561346369E-003
         238   2.1727572070962257E-002   2.7768187087683963E-003
         239   2.1717994863444653E-002   2.7756877409163085E-003
         240   2.1708466413645162E-002   2.7745624003861448E-003
         241   2.1698986268787135E-002   2.7734426356810725E-003
         242   2.1689553982168399E-002   2.7723283959877158E-003
         243   2.1680169113055047E-002   2.7712196311641827E-003
         244   2.1670831226577311E-002   2.7701162917285103E-003
         245   2.1661539893627891E-002   2.7690183288473199E-003
         246   2.1652294690762255E-002   2.7679256943247020E-003
         247   2.1643095200101273E-002   2.7668383405912837E-003
         248   2.1633941009235581E-002   2.7657562206936603E-003
         249   2.1624831711132525E-002   2.7646792882839314E-003
         250   2.1615766904044372E-002   2.7636074976094592E-003
         251   2.1606746191418953E-002   2.7625408035029373E-003
         252   2.1597769181811974E-002   2.7614791613725389E-003
         253   2.1588835488801177E-002   2.7604225271923954E-003
         254   2.1579944730902391E-002   2.7593708574931153E-003
         255   2.1571096531486936E-002   2.7583241093527004E-003
         256   2.1562290518701299E-002   2.7572822403874450E-003
         257   2.1553526325387797E-002   2.7562452087431188E-003
         258   2.1544803589007580E-002   2.7552129730863402E-003
         259   2.1536121951564537E-002   2.7541854925961350E-003
         260   2.1527481059531089E-002   2.7531627269555322E-003
         261   2.1518880563775510E-002   2.7521446363435445E-003
         262   2.1510320119490438E-002   2.7511311814270864E-003
         263   2.1501799386123083E-002   2.7501223233531769E-003
         264   2.1493318027306772E-002   2.7491180237413917E-003
         265   2.1484875710793560E-002   2.7481182446761421E-003
         266   2.1476472108388704E-002   2.7471229486995090E-003
         267   2.1468106895885988E-002   2.7461320988038940E-003
         268   2.1459779753004476E-002   2.7451456584250055E-003
         269   2.1451490363326432E-002   2.7441635914348026E-003
         270   2.1443238414236673E-002   2.7431858621348904E-003
         271   2.1435023596862751E-002   2.7422124352496410E-003
         272   2.1426845606016532E-002   2.7412432759197458E-003
         273   2.1418704140136888E-002   2.7402783496957421E-003
         274   2.1410598901233306E-002   2.7393176225317703E-003
         275   2.1402529594830837E-002   2.7383610607793129E-003
         276   2.1394495929915915E-002   2.7374086311812325E-003
         277   2.1386497618883196E-002   2.7364603008656289E-003
         278   2.1378534377483573E-002   2.7355160373402614E-003
         279   2.1370605924772888E-002   2.7345758084865932E-003
         280   2.1362711983061913E-002   2.7336395825543029E-003
         281   2.1354852277867032E-002   2.7327073281556533E-003
         282   2.1347026537862020E-002   2.7317790142601661E-003
         283   2.1339234494830498E-002   2.7308546101892728E-003
         284   2.1331475883619576E-002   2.7299340856111022E-003
         285   2.1323750442094034E-002   2.7290174105353265E-003
         286   2.1316057911091483E-002   2.7281045553081201E-003
         287   2.1308398034378468E-002   2.7271954906072891E-003
         288   2.1300770558607143E-002   2.7262901874373783E-003
         289   2.1293175233272860E-002   2.7253886171248565E-003
         290   2.1285611810672567E-002   2.7244907513135192E-003
         291   2.1278080045863845E-002   2.7235965619598823E-003
         292   2.1270579696624756E-002   2.7227060213286134E-003
         293   2.1263110523414341E-002   2.7218191019882064E-003
         294   2.1255672289334011E-002   2.7209357768064476E-003
         295   2.1248264760089234E-002   2.7200560189463850E-003
         296   2.1240887703952514E-002   2.7191798018618950E-003
         297   2.1233540891726368E-002   2.7183070992936919E-003
         298   2.1226224096707363E-002   2.7174378852652470E-003
         299   2.1218937094650680E-002   2.7165721340788162E-003
         300   2.1211679663735272E-002   2.7157098203114366E-003
         301   2.1204451584529722E-002   2.7148509188112311E-003
         302   2.1197252639958492E-002   2.7139954046934800E-003
         303   2.1190082615269095E-002   2.7131432533369772E-003
         304   2.1182941297999296E-002   2.7122944403804453E-003
         305   2.1175828477945698E-002   2.7114489417187941E-003
         306   2.1168743947131849E-002   2.7106067334996859E-003
         307   2.1161687499777839E-002   2.7097677921201053E-003
         308   2.1154658932269813E-002   2.7089320942228429E-003
         309   2.1147658043130273E-002   2.7080996166932293E-003
         310   2.1140684632988620E-002   2.7072703366557826E-003
         311   2.1133738504552628E-002   2.7064442314710347E-003
         312   2.1126819462580063E-002   2.7056212787322791E-003
         313   2.1119927313850772E-002   2.7048014562624772E-003
         314   2.1113061867139297E-002   2.7039847421111759E-003
         315   2.1106222933188305E-002   2.7031711145514437E-003
         316   2.1099410324681697E-002   2.7023605520769415E-003
         317   2.1092623856218889E-002   2.7015530333989427E-003
         318   2.1085863344289128E-002   2.7007485374434871E-003
         319   2.1079128607246277E-002   2.6999470433485104E-003
         320   2.1072419465284240E-002   2.6991485304611591E-003
         321   2.1065735740412320E-002   2.6983529783348300E-003
         322   2.1059077256431608E-002   2.6975603667267127E-003
         323   2.1052443838911292E-002   2.6967706755950038E-003
         324   2.1045835315165257E-002   2.6959838850962570E-003
         325   2.1039251514229709E-002   2.6951999755829435E-003
         326   2.1032692266840389E-002   2.6944189276008356E-003
         327   2.1026157405410632E-002   2.6936407218864722E-003
         328   2.1019646764009685E-002   2.6928653393648544E-003
         329   2.1013160178341244E-002   2.6920927611468501E-003
         330   2.1006697485722491E-002   2.6913229685269990E-003
         331   2.1000258525063254E-002   2.6905559429810651E-003
         332   2.0993843136845915E-002   2.6897916661637374E-003
         333   2.0987451163105068E-002   2.6890301199064496E-003
         334   2.0981082447407887E-002   2.6882712862150455E-003
         335   2.0974736834834799E-002   2.6875151472676951E-003
         336   2.0968414171960201E-002   2.6867616854126296E-003
         337   2.0962114306833746E-002   2.6860108831660849E-003
         338   2.0955837088961711E-002   2.6852627232101705E-003
         339   2.0949582369288879E-002   2.6845171883908905E-003
         340   2.0943350000180442E-002   2.6837742617159574E-003
         341   2.0937139835404371E-002   2.6830339263529770E-003
         342   2.0930951730114104E-002   2.6822961656273242E-003
         343   2.0924785540831155E-002   2.6815609630203140E-003
         344   2.0918641125428478E-002   2.6808283021672271E-003
         345   2.0912518343113688E-002   2.6800981668554640E-003
         346   2.0906417054412645E-002   2.6793705410226888E-003
         347   2.0900337121153509E-002   2.6786454087550033E-003
         348   2.0894278406450646E-002   2.6779227542851293E-003
         349   2.0888240774689197E-002   2.6772025619906793E-003
         350   2.0882224091509426E-002   2.6764848163923962E-003
         351   2.0876228223791673E-002   2.6757695021524183E-003
         352   2.0870253039641424E-002   2.6750566040725995E-003
         353   2.0864298408374445E-002   2.6743461070928847E-003
         354   2.0858364200502435E-002   2.6736379962895808E-003
         355   2.0852450287718614E-002   2.6729322568738146E-003
         356   2.0846556542883646E-002   2.6722288741898989E-003
         357   2.0840682840011782E-002   2.6715278337137659E-003
         358   2.0834829054257119E-002   2.6708291210514631E-003
         359   2.0828995061900283E-002   2.6701327219375609E-003
         360   2.0823180740334905E-002   2.6694386222336931E-003
         361   2.0817385968054748E-002   2.6687468079270638E-003
         362   2.0811610624640688E-002   2.6680572651289567E-003
         363   2.0805854590747987E-002   2.6673699800733451E-003
         364   2.0800117748093837E-002   2.6666849391154763E-003
         365   2.0794399979445072E-002   2.6660021287304029E-003
         366   2.0788701168605761E-002   2.6653215355116810E-003
         367   2.0783021200405434E-002   2.6646431461699693E-003
         368   2.0777359960687088E-002   2.6639669475317027E-003
         369   2.0771717336295788E-002   2.6632929265377327E-003
         370   2.0766093215066839E-002   2.6626210702421519E-003
         371   2.0760487485814594E-002   2.6619513658108240E-003
         372   2.0754900038321474E-002   2.6612838005202638E-003
         373   2.0749330763326627E-002   2.6606183617562951E-003
         374   2.0743779552515305E-002   2.6599550370129633E-003
         375   2.0738246298507998E-002   2.6592938138910774E-003
         376   2.0732730894850074E-002   2.6586346800972424E-003
         377   2.0727233236001084E-002   2.6579776234426015E-003
         378   2.0721753217324845E-002   2.6573226318416503E-003
         379   2.0716290735079013E-002   2.6566696933110669E-003
         380   2.0710845686405212E-002   2.6560187959686300E-003
         381   2.0705417969319320E-002   2.6553699280321363E-003
         382   2.0700007482701403E-002   2.6547230778181836E-003
         383   2.0694614126286544E-002   2.6540782337411933E-003
         384   2.0689237800655218E-002   2.6534353843122378E-003
         385   2.0683878407223872E-002   2.6527945181381270E-003
         386   2.0678535848235841E-002   2.6521556239202139E-003
         387   2.0673210026752313E-002   2.6515186904534378E-003
         388   2.0667900846643404E-002   2.6508837066253257E-003
         389   2.0662608212579162E-002   2.6502506614149222E-003
         390   2.0657332030020931E-002   2.6496195438919243E-003
         391   2.0652072205213021E-002   2.6489903432155345E-003
         392   2.0646828645173778E-002   2.6483630486336357E-003
         393   2.0641601257687579E-002   2.6477376494818202E-003
         394   2.0636389951296449E-002   2.6471141351823869E-003
         395   2.0631194635291936E-002   2.6464924952434884E-003
         396   2.0626015219707118E-002   2.6458727192581665E-003
         397   2.0620851615308567E-002   2.6452547969034934E-003
         398   2.0615703733588665E-002   2.6446387179396807E-003
         399   2.0610571486757798E-002   2.6440244722091581E-003
         400   2.0605454787736767E-002   2.6434120496357564E-003
         401   2.0600353550149268E-002   2.6428014402238233E-003
         402   2.0595267688314517E-002   2.6421926340574023E-003
         403   2.0590197117239820E-002   2.6415856212993697E-003
         404   2.0585141752613469E-002   2.6409803921906530E-003
         405   2.0580101510797484E-002   2.6403769370493880E-003
         406   2.0575076308820696E-002   2.6397752462701731E-003
         407   2.0570066064371697E-002   2.6391753103231319E-003
         408   2.0565070695792130E-002   2.6385771197533475E-003
         409   2.0560090122069614E-002   2.6379806651799405E-003
         410   2.0555124262831428E-002   2.6373859372953220E-003
         411   2.0550173038337623E-002   2.6367929268645359E-003
         412   2.0545236369474688E-002   2.6362016247243720E-003
         413   2.0540314177748969E-002   2.6356120217827872E-003
         414   2.0535406385280449E-002   2.6350241090180755E-003
         415   2.0530512914796385E-002   2.6344378774781764E-003
         416   2.0525633689625143E-002   2.6338533182800219E-003
         417   2.0520768633690168E-002   2.6332704226087636E-003
         418   2.0515917671503726E-002   2.6326891817171527E-003
         419   2.0511080728161081E-002   2.6321095869247984E-003
         420   2.0506257729334811E-002   2.6315316296175958E-003
         421   2.0501448601268544E-002   2.6309553012469219E-003
         422   2.0496653270771572E-002   2.6303805933290824E-003
         423   2.0491871665213095E-002   2.6298074974446944E-003
         424   2.0487103712516462E-002   2.6292360052379404E-003
         425   2.0482349341153842E-002   2.6286661084159841E-003
         426   2.0477608480140724E-002   2.6280977987484309E-003
         427   2.0472881059030459E-002   2.6275310680665717E-003
         428   2.0468167007908870E-002   2.6269659082628948E-003
         429   2.0463466257389224E-002   2.6264023112903875E-003
         430   2.0458778738606652E-002   2.6258402691620494E-003
         431   2.0454104383213389E-002   2.6252797739501903E-003
         432   2.0449443123373566E-002   2.6247208177859532E-003
         433   2.0444794891758055E-002   2.6241633928587114E-003
         434   2.0440159621539691E-002   2.6236074914154474E-003
         435   2.0435537246388365E-002   2.6230531057602939E-003
         436   2.0430927700466023E-002   2.6225002282538601E-003
         437   2.0426330918422112E-002   2.6219488513128872E-003
         438   2.0421746835388742E-002   2.6213989674094187E-003
         439   2.0417175386975999E-002   2.6208505690705716E-003
         440   2.0412616509267414E-002   2.6203036488777662E-003
         441   2.0408070138815383E-002   2.6197581994663634E-003
         442   2.0403536212636533E-002   2.6192142135251281E-003
         443   2.0399014668207597E-002   2.6186716837956463E-003
         444   2.0394505443460692E-002   2.6181306030718466E-003
         445   2.0390008476779173E-002   2.6175909641996450E-003
         446   2.0385523706993185E-002   2.6170527600761820E-003
         447   2.0381051073375671E-002   2.6165159836496485E-003
         448   2.0376590515637900E-002   2.6159806279185314E-003
         449   2.0372141973925516E-002   2.6154466859313963E-003
         450   2.0367705388814366E-002   2.6149141507861421E-003
         451   2.0363280701306507E-002   2.6143830156298178E-003
         452   2.0358867852826108E-002   2.6138532736579719E-003
         453   2.0354466785215609E-002   2.6133249181142710E-003
         454   2.0350077440731775E-002   2.6127979422900572E-003
         455   2.0345699762041786E-002   2.6122723395239182E-003
         456   2.0341333692219556E-002   2.6117481032012046E-003
         457   2.0336979174741761E-002   2.6112252267536298E-003
         458   2.0332636153484226E-002   2.6107037036588402E-003
         459   2.0328304572718361E-002   2.6101835274400429E-003
         460   2.0323984377107134E-002   2.6096646916654422E-003
         461   2.0319675511701999E-002   2.6091471899480291E-003
         462   2.0315377921938813E-002   2.6086310159450146E-003
         463   2.0311091553634676E-002   2.6081161633575165E-003
         464   2.0306816352984303E-002   2.6076026259300999E-003
         465   2.0302552266556539E-002   2.6070903974504595E-003
         466   2.0298299241291094E-002   2.6065794717489241E-003
         467   2.0294057224495086E-002   2.6060698426981928E-003
         468   2.0289826163839619E-002   2.6055615042128539E-003
         469   2.0285606007356793E-002   2.6050544502490875E-003
         470   2.0281396703436021E-002   2.6045486748042233E-003
         471   2.0277198200821186E-002   2.6040441719164262E-003
         472   2.0273010448607298E-002   2.6035409356643070E-003
         473   2.0268833396237314E-002   2.6030389601665511E-003
         474   2.0264666993499148E-002   2.6025382395816073E-003
         475   2.0260511190522433E-002   2.6020387681072845E-003
         476   2.0256365937775644E-002   2.6015405399804838E-003
         477   2.0252231186062883E-002   2.6010435494766958E-003
         478   2.0248106886521143E-002   2.6005477909098488E-003
         479   2.0243992990617219E-002   2.6000532586318687E-003
         480   2.0239889450144800E-002   2.5995599470323028E-003
         481   2.0235796217221536E-002   2.5990678505381447E-003
         482   2.0231713244286433E-002   2.5985769636133519E-003
         483   2.0227640484096653E-002   2.5980872807585841E-003
         484   2.0223577889725061E-002   2.5975987965109210E-003
         485   2.0219525414557297E-002   2.5971115054434640E-003
         486   2.0215483012289127E-002   2.5966254021651245E-003
         487   2.0211450636923665E-002   2.5961404813202300E-003
         488   2.0207428242768711E-002   2.5956567375882370E-003
         489   2.0203415784434232E-002   2.5951741656834574E-003
         490   2.0199413216829592E-002   2.5946927603547544E-003
         491   2.0195420495160998E-002   2.5942125163852430E-003
         492   2.0191437574929062E-002   2.5937334285919445E-003
         493   2.0187464411926103E-002   2.5932554918255755E-003
         494   2.0183500962233810E-002   2.5927787009702354E-003
         495   2.0179547182220644E-002   2.5923030509431059E-003
         496   2.0175603028539338E-002   2.5918285366941887E-003
         497   2.0171668458124715E-002   2.5913551532059514E-003
         498   2.0167743428190929E-002   2.5908828954932591E-003
         499   2.0163827896229548E-002   2.5904117586028068E-003
         500   2.0159921820006702E-002   2.5899417376131547E-003
         501   2.0156025157561153E-002   2.5894728276341893E-003
         502   2.0152137867201731E-002   2.5890050238070424E-003
         503   2.0148259907505340E-002   2.5885383213038148E-003
         504   2.0144391237314374E-002   2.5880727153271789E-003
         505   2.0140531815734681E-002   2.5876082011103219E-003
         506   2.0136681602133378E-002   2.5871447739165008E-003
         507   2.0132840556136584E-002   2.5866824290389761E-003
         508   2.0129008637627326E-002   2.5862211618005765E-003
         509   2.0125185806743336E-002   2.5857609675536222E-003
         510   2.0121372023874876E-002   2.5853018416795524E-003
         511   2.0117567249662849E-002   2.5848437795888079E-003
         512   2.0113771444996577E-002   2.5843867767204654E-003
         513   2.0109984571011742E-002   2.5839308285420894E-003
         514   2.0106206589088418E-002   2.5834759305494921E-003
         515   2.0102437460849002E-002   2.5830220782664440E-003
         516   2.0098677148156292E-002   2.5825692672445427E-003
         517   2.0094925613111412E-002   2.5821174930628502E-003
         518   2.0091182818052004E-002   2.5816667513278114E-003
         519   2.0087448725550162E-002   2.5812170376729704E-003
         520   2.0083723298410606E-002   2.5807683477587335E-003
         521   2.0080006499668752E-002   2.5803206772721694E-003
         522   2.0076298292588845E-002   2.5798740219268004E-003
         523   2.0072598640662159E-002   2.5794283774623877E-003
         524   2.0068907507604958E-002   2.5789837396447048E-003
         525   2.0065224857357036E-002   2.5785401042653843E-003
         526   2.0061550654079607E-002   2.5780974671416050E-003
         527   2.0057884862153631E-002   2.5776558241160223E-003
         528   2.0054227446178095E-002   2.5772151710564159E-003
         529   2.0050578370968096E-002   2.5767755038556160E-003
         530   2.0046937601553405E-002   2.5763368184313130E-003
         531   2.0043305103176541E-002   2.5758991107256756E-003
         532   2.0039680841291017E-002   2.5754623767054287E-003
         533   2.0036064781559913E-002   2.5750266123613806E-003
         534   2.0032456889853924E-002   2.5745918137084949E-003
         535   2.0028857132250034E-002   2.5741579767855046E-003
         536   2.0025265475029537E-002   2.5737250976547868E-003
         537   2.0021681884676762E-002   2.5732931724022469E-003
         538   2.0018106327877209E-002   2.5728621971370627E-003
         539   2.0014538771515943E-002   2.5724321679914722E-003
         540   2.0010979182676570E-002   2.5720030811206599E-003
         541   2.0007427528638742E-002   2.5715749327026006E-003
         542   2.0003883776877559E-002   2.5711477189377689E-003
         543   2.0000347895061461E-002   2.5707214360491076E-003
         544   1.9996819851050895E-002   2.5702960802816872E-003
         545   1.9993299612896816E-002   2.5698716479027319E-003
         546   1.9989787148839283E-002   2.5694481352012762E-003
         547   1.9986282427305879E-002   2.5690255384880913E-003
         548   1.9982785416910322E-002   2.5686038540954997E-003
         549   1.9979296086451027E-002   2.5681830783772083E-003
         550   1.9975814404909659E-002   2.5677632077081344E-003
         551   1.9972340341449683E-002   2.5673442384842185E-003
         552   1.9968873865415088E-002   2.5669261671223739E-003
         553   1.9965414946329002E-002   2.5665089900601631E-003
         554   1.9961963553892119E-002   2.5660927037557766E-003
         555   1.9958519657981514E-002   2.5656773046878554E-003
         556   1.9955083228649379E-002   2.5652627893552405E-003
         557   1.9951654236121434E-002   2.5648491542769273E-003
         558   1.9948232650795844E-002   2.5644363959918806E-003
         559   1.9944818443241832E-002   2.5640245110588695E-003
         560   1.9941411584198314E-002   2.5636134960563143E-003
         561   1.9938012044572764E-002   2.5632033475821688E-003
         562   1.9934619795439715E-002   2.5627940622537865E-003
         563   1.9931234808039829E-002   2.5623856367076856E-003
         564   1.9927857053778326E-002   2.5619780675995019E-003
         565   1.9924486504223959E-002   2.5615713516038449E-003
         566   1.9921123131107762E-002   2.5611654854140733E-003
         567   1.9917766906321698E-002   2.5607604657422261E-003
         568   1.9914417801917599E-002   2.5603562893188716E-003
         569   1.9911075790105953E-002   2.5599529528929519E-003
         570   1.9907740843254688E-002   2.5595504532316634E-003
         571   1.9904412933888067E-002   2.5591487871203687E-003
         572   1.9901092034685399E-002   2.5587479513623302E-003
         573   1.9897778118480106E-002   2.5583479427787109E-003
         574   1.9894471158258258E-002   2.5579487582083706E-003
         575   1.9891171127157919E-002   2.5575503945078032E-003
         576   1.9887877998467560E-002   2.5571528485509301E-003
         577   1.9884591745625228E-002   2.5567561172290128E-003
         578   1.9881312342217364E-002   2.5563601974505175E-003
         579   1.9878039761977724E-002   2.5559650861410347E-003
         580   1.9874773978786349E-002   2.5555707802430547E-003
         581   1.9871514966668391E-002   2.5551772767159384E-003
         582   1.9868262699793245E-002   2.5547845725357797E-003
         583   1.9865017152473238E-002   2.5543926646952124E-003
         584   1.9861778299162823E-002   2.5540015502034325E-003
         585   1.9858546114457424E-002   2.5536112260859142E-003
         586   1.9855320573092514E-002   2.5532216893844177E-003
         587   1.9852101649942451E-002   2.5528329371568214E-003
         588   1.9848889320019651E-002   2.5524449664769758E-003
         589   1.9845683558473569E-002   2.5520577744346769E-003
         590   1.9842484340589508E-002   2.5516713581354863E-003
         591   1.9839291641787906E-002   2.5512857147006233E-003
         592   1.9836105437623233E-002   2.5509008412668535E-003
         593   1.9832925703783151E-002   2.5505167349864307E-003
         594   1.9829752416087316E-002   2.5501333930269313E-003
         595   1.9826585550486737E-002   2.5497508125711353E-003
         596   1.9823425083062649E-002   2.5493689908169742E-003
         597   1.9820270990025628E-002   2.5489879249773824E-003
         598   1.9817123247714792E-002   2.5486076122802378E-003
         599   1.9813981832596653E-002   2.5482280499681659E-003
         600   1.9810846721264506E-002   2.5478492352985407E-003
         601   1.9807717890437254E-002   2.5474711655433056E-003
         602   1.9804595316958787E-002   2.5470938379889298E-003
         603   1.9801478977796817E-002   2.5467172499362648E-003
         604   1.9798368850042335E-002   2.5463413987004456E-003
         605   1.9795264910908508E-002   2.5459662816108455E-003
         606   1.9792167137729848E-002   2.5455918960108600E-003
         607   1.9789075507961516E-002   2.5452182392579881E-003
         608   1.9785989999178320E-002   2.5448453087235545E-003
         609   1.9782910589073971E-002   2.5444731017927021E-003
         610   1.9779837255460207E-002   2.5441016158643357E-003
         611   1.9776769976266043E-002   2.5437308483509053E-003
         612   1.9773708729536890E-002   2.5433607966784573E-003
         613   1.9770653493433755E-002   2.5429914582864185E-003
         614   1.9767604246232532E-002   2.5426228306275850E-003
         615   1.9764560966323036E-002   2.5422549111679678E-003
         616   1.9761523632208473E-002   2.5418876973867998E-003
         617   1.9758492222504365E-002   2.5415211867763107E-003
         618   1.9755466715938044E-002   2.5411553768417646E-003
         619   1.9752447091347745E-002   2.5407902651013239E-003
         620   1.9749433327681934E-002   2.5404258490858557E-003
         621   1.9746425403998357E-002   2.5400621263390673E-003
         622   1.9743423299463551E-002   2.5396990944172612E-003
         623   1.9740426993352034E-002   2.5393367508892407E-003
         624   1.9737436465045416E-002   2.5389750933363232E-003
         625   1.9734451694031905E-002   2.5386141193521859E-003
         626   1.9731472659905401E-002   2.5382538265428241E-003
         627   1.9728499342364793E-002   2.5378942125263899E-003
         628   1.9725531721213475E-002   2.5375352749332216E-003
         629   1.9722569776358417E-002   2.5371770114056861E-003
         630   1.9719613487809470E-002   2.5368194195981159E-003
         631   1.9716662835678727E-002   2.5364624971767297E-003
         632   1.9713717800179980E-002   2.5361062418196045E-003
         633   1.9710778361627757E-002   2.5357506512164929E-003
         634   1.9707844500436941E-002   2.5353957230688116E-003
         635   1.9704916197121773E-002   2.5350414550895767E-003
         636   1.9701993432295620E-002   2.5346878450032894E-003
         637   1.9699076186669884E-002   2.5343348905458867E-003
         638   1.9696164441053585E-002   2.5339825894646656E-003
         639   1.9693258176352688E-002   2.5336309395181484E-003
         640   1.9690357373569431E-002   2.5332799384761365E-003
         641   1.9687462013801775E-002   2.5329295841194813E-003
         642   1.9684572078242573E-002   2.5325798742401344E-003
         643   1.9681687548179179E-002   2.5322308066410290E-003
         644   1.9678808404992643E-002   2.5318823791359926E-003
         645   1.9675934630157248E-002   2.5315345895497278E-003
         646   1.9673066205239769E-002   2.5311874357176424E-003
         647   1.9670203111898894E-002   2.5308409154858962E-003
         648   1.9667345331884765E-002   2.5304950267112810E-003
         649   1.9664492847038133E-002   2.5301497672611103E-003
         650   1.9661645639289998E-002   2.5298051350132302E-003
         651   1.9658803690660923E-002   2.5294611278558867E-003
         652   1.9655966983260404E-002   2.5291177436876878E-003
         653   1.9653135499286375E-002   2.5287749804175576E-003
         654   1.9650309221024613E-002   2.5284328359646297E-003
         655   1.9647488130848195E-002   2.5280913082581982E-003
         656   1.9644672211216841E-002   2.5277503952376105E-003
         657   1.9641861444676407E-002   2.5274100948522965E-003
         658   1.9639055813858428E-002   2.5270704050616788E-003
         659   1.9636255301479433E-002   2.5267313238349857E-003
         660   1.9633459890340432E-002   2.5263928491513739E-003
         661   1.9630669563326472E-002   2.5260549789997352E-003
         662   1.9627884303405910E-002   2.5257177113786797E-003
         663   1.9625104093630000E-002   2.5253810442964885E-003
         664   1.9622328917132521E-002   2.5250449757710132E-003
         665   1.9619558757128858E-002   2.5247095038296603E-003
         666   1.9616793596915840E-002   2.5243746265092640E-003
         667   1.9614033419871075E-002   2.5240403418561306E-003
         668   1.9611278209452507E-002   2.5237066479258897E-003
         669   1.9608527949197711E-002   2.5233735427834330E-003
         670   1.9605782622723722E-002   2.5230410245029367E-003
         671   1.9603042213726211E-002   2.5227090911677371E-003
         672   1.9600306705979179E-002   2.5223777408703101E-003
         673   1.9597576083334428E-002   2.5220469717121244E-003
         674   1.9594850329721050E-002   2.5217167818037496E-003
         675   1.9592129429144907E-002   2.5213871692646582E-003
         676   1.9589413365688226E-002   2.5210581322231995E-003
         677   1.9586702123509141E-002   2.5207296688166104E-003
         678   1.9583995686841073E-002   2.5204017771908557E-003
         679   1.9581294039992442E-002   2.5200744555007024E-003
         680   1.9578597167345980E-002   2.5197477019095415E-003
         681   1.9575905053358652E-002   2.5194215145893906E-003
         682   1.9573217682560613E-002   2.5190958917208589E-003
         683   1.9570535039555394E-002   2.5187708314930537E-003
         684   1.9567857109018913E-002   2.5184463321035644E-003
         685   1.9565183875699395E-002   2.5181223917583873E-003
         686   1.9562515324416749E-002   2.5177990086718560E-003
         687   1.9559851440062146E-002   2.5174761810666775E-003
         688   1.9557192207597579E-002   2.5171539071737483E-003
         689   1.9554537612055570E-002   2.5168321852322081E-003
         690   1.9551887638538407E-002   2.5165110134893576E-003
         691   1.9549242272218135E-002   2.5161903902006051E-003
         692   1.9546601498335758E-002   2.5158703136293845E-003
         693   1.9543965302201090E-002   2.5155507820472270E-003
         694   1.9541333669192178E-002   2.5152317937335565E-003
         695   1.9538706584754928E-002   2.5149133469757000E-003
         696   1.9536084034402705E-002   2.5145954400689033E-003
         697   1.9533466003715930E-002   2.5142780713161977E-003
         698   1.9530852478341628E-002   2.5139612390284185E-003
         699   1.9528243443993093E-002   2.5136449415240803E-003
         700   1.9525638886449422E-002   2.5133291771294209E-003
         701   1.9523038791555154E-002   2.5130139441783103E-003
         702   1.9520443145219852E-002   2.5126992410121761E-003
         703   1.9517851933417808E-002   2.5123850659799947E-003
         704   1.9515265142187405E-002   2.5120714174382570E-003
         705   1.9512682757631142E-002   2.5117582937509049E-003
         706   1.9510104765914780E-002   2.5114456932892864E-003
         707   1.9507531153267279E-002   2.5111336144320977E-003
         708   1.9504961905980386E-002   2.5108220555653915E-003
         709   1.9502397010408127E-002   2.5105110150824457E-003
         710   1.9499836452966567E-002   2.5102004913838175E-003
         711   1.9497280220133351E-002   2.5098904828772567E-003
         712   1.9494728298447415E-002   2.5095809879776302E-003
         713   1.9492180674508548E-002   2.5092720051069191E-003
         714   1.9489637334977130E-002   2.5089635326941929E-003
         715   1.9487098266573567E-002   2.5086555691755290E-003
         716   1.9484563456078258E-002   2.5083481129939923E-003
         717   1.9482032890330972E-002   2.5080411625995895E-003
         718   1.9479506556230614E-002   2.5077347164491962E-003
         719   1.9476984440734812E-002   2.5074287730066439E-003
         720   1.9474466530859626E-002   2.5071233307424395E-003
         721   1.9471952813679222E-002   2.5068183881339977E-003
         722   1.9469443276325538E-002   2.5065139436654281E-003
         723   1.9466937905987747E-002   2.5062099958275278E-003
         724   1.9464436689912244E-002   2.5059065431177678E-003
         725   1.9461939615402133E-002   2.5056035840402700E-003
         726   1.9459446669816787E-002   2.5053011171056795E-003
         727   1.9456957840571828E-002   2.5049991408312763E-003
         728   1.9454473115138544E-002   2.5046976537407908E-003
         729   1.9451992481043543E-002   2.5043966543644449E-003
         730   1.9449515925868705E-002   2.5040961412388595E-003
         731   1.9447043437250591E-002   2.5037961129071229E-003
         732   1.9444575002880226E-002   2.5034965679186340E-003
         733   1.9442110610502820E-002   2.5031975048291550E-003
         734   1.9439650247917401E-002   2.5028989222006894E-003
         735   1.9437193902976473E-002   2.5026008186015093E-003
         736   1.9434741563585937E-002   2.5023031926061866E-003
         737   1.9432293217704365E-002   2.5020060427953217E-003
         738   1.9429848853343045E-002   2.5017093677558028E-003
         739   1.9427408458565651E-002   2.5014131660805665E-003
         740   1.9424972021487814E-002   2.5011174363686046E-003
         741   1.9422539530276818E-002   2.5008221772249957E-003
         742   1.9420110973151387E-002   2.5005273872608143E-003
         743   1.9417686338381496E-002   2.5002330650931315E-003
         744   1.9415265614287764E-002   2.4999392093448922E-003
         745   1.9412848789241523E-002   2.4996458186450393E-003
         746   1.9410435851664222E-002   2.4993528916283057E-003
         747   1.9408026790027375E-002   2.4990604269353477E-003
         748   1.9405621592852220E-002   2.4987684232125372E-003
         749   1.9403220248709233E-002   2.4984768791120921E-003
         750   1.9400822746218249E-002   2.4981857932919933E-003
         751   1.9398429074047822E-002   2.4978951644158438E-003
         752   1.9396039220915116E-002   2.4976049911530004E-003
         753   1.9393653175585588E-002   2.4973152721784360E-003
         754   1.9391270926872834E-002   2.4970260061727323E-003
         755   1.9388892463637983E-002   2.4967371918221066E-003
         756   1.9386517774789957E-002   2.4964488278182901E-003
         757   1.9384146849284710E-002   2.4961609128585026E-003
         758   1.9381779676125192E-002   2.4958734456455478E-003
         759   1.9379416244361229E-002   2.4955864248876075E-003
         760   1.9377056543088834E-002   2.4952998492983494E-003
         761   1.9374700561450419E-002   2.4950137175968339E-003
         762   1.9372348288634222E-002   2.4947280285074419E-003
         763   1.9369999713874275E-002   2.4944427807599822E-003
         764   1.9367654826449910E-002   2.4941579730894999E-003
         765   1.9365313615685682E-002   2.4938736042363838E-003
         766   1.9362976070951072E-002   2.4935896729462496E-003
         767   1.9360642181660292E-002   2.4933061779699272E-003
         768   1.9358311937271892E-002   2.4930231180634822E-003
         769   1.9355985327288716E-002   2.4927404919881163E-003
         770   1.9353662341257488E-002   2.4924582985101666E-003
         771   1.9351342968768587E-002   2.4921765364011232E-003
         772   1.9349027199456050E-002   2.4918952044375524E-003
         773   1.9346715022996893E-002   2.4916143014010275E-003
         774   1.9344406429111317E-002   2.4913338260782415E-003
         775   1.9342101407562137E-002   2.4910537772607610E-003
         776   1.9339799948154837E-002   2.4907741537452924E-003
         777   1.9337502040737062E-002   2.4904949543333604E-003
         778   1.9335207675198633E-002   2.4902161778314817E-003
         779   1.9332916841471086E-002   2.4899378230510312E-003
         780   1.9330629529527684E-002   2.4896598888082440E-003
         781   1.9328345729382950E-002   2.4893823739242623E-003
         782   1.9326065431092693E-002   2.4891052772249883E-003
         783   1.9323788624753556E-002   2.4888285975411613E-003
         784   1.9321515300502953E-002   2.4885523337082006E-003
         785   1.9319245448518752E-002   2.4882764845663950E-003
         786   1.9316979059019149E-002   2.4880010489606204E-003
         787   1.9314716122262373E-002   2.4877260257405174E-003
         788   1.9312456628546491E-002   2.4874514137603987E-003
         789   1.9310200568209201E-002   2.4871772118791606E-003
         790   1.9307947931627677E-002   2.4869034189603694E-003
         791   1.9305698709218201E-002   2.4866300338721205E-003
         792   1.9303452891436135E-002   2.4863570554871529E-003
         793   1.9301210468775643E-002   2.4860844826827102E-003
         794   1.9298971431769393E-002   2.4858123143405488E-003
         795   1.9296735770988508E-002   2.4855405493469213E-003
         796   1.9294503477042285E-002   2.4852691865925348E-003
         797   1.9292274540577938E-002   2.4849982249725965E-003
         798   1.9290048952280529E-002   2.4847276633867157E-003
         799   1.9287826702872584E-002   2.4844575007388456E-003
         800   1.9285607783114112E-002   2.4841877359373841E-003
         801   1.9283392183802300E-002   2.4839183678950936E-003
         802   1.9281179895771199E-002   2.4836493955289903E-003
         803   1.9278970909891762E-002   2.4833808177604547E-003
         804   1.9276765217071511E-002   2.4831126335151900E-003
         805   1.9274562808254316E-002   2.4828448417230599E-003
         806   1.9272363674420277E-002   2.4825774413182603E-003
         807   1.9270167806585588E-002   2.4823104312391817E-003
         808   1.9267975195802159E-002   2.4820438104283843E-003
         809   1.9265785833157661E-002   2.4817775778326490E-003
         810   1.9263599709775051E-002   2.4815117324028650E-003
         811   1.9261416816812756E-002   2.4812462730941158E-003
         812   1.9259237145464191E-002   2.4809811988655288E-003
         813   1.9257060686957712E-002   2.4807165086803552E-003
         814   1.9254887432556263E-002   2.4804522015059341E-003
         815   1.9252717373557614E-002   2.4801882763136104E-003
         816   1.9250550501293633E-002   2.4799247320787948E-003
         817   1.9248386807130469E-002   2.4796615677808724E-003
         818   1.9246226282468366E-002   2.4793987824032397E-003
         819   1.9244068918741287E-002   2.4791363749332735E-003
         820   1.9241914707416898E-002   2.4788743443622321E-003
         821   1.9239763639996341E-002   2.4786126896853304E-003
         822   1.9237615708014109E-002   2.4783514099017438E-003
         823   1.9235470903037791E-002   2.4780905040144934E-003
         824   1.9233329216668028E-002   2.4778299710304084E-003
         825   1.9231190640538184E-002   2.4775698099602271E-003
         826   1.9229055166314273E-002   2.4773100198185131E-003
         827   1.9226922785694815E-002   2.4770505996236473E-003
         828   1.9224793490410619E-002   2.4767915483977498E-003
         829   1.9222667272224696E-002   2.4765328651667313E-003
         830   1.9220544122931837E-002   2.4762745489602732E-003
         831   1.9218424034358868E-002   2.4760165988117616E-003
         832   1.9216306998364165E-002   2.4757590137583119E-003
         833   1.9214193006837629E-002   2.4755017928407216E-003
         834   1.9212082051700420E-002   2.4752449351034531E-003
         835   1.9209974124904921E-002   2.4749884395946485E-003
         836   1.9207869218434620E-002   2.4747323053660696E-003
         837   1.9205767324303707E-002   2.4744765314731114E-003
         838   1.9203668434557144E-002   2.4742211169747424E-003
         839   1.9201572541270476E-002   2.4739660609335401E-003
         840   1.9199479636549586E-002   2.4737113624156500E-003
         841   1.9197389712530603E-002   2.4734570204907342E-003
         842   1.9195302761379786E-002   2.4732030342320406E-003
         843   1.9193218775293303E-002   2.4729494027162817E-003
         844   1.9191137746497118E-002   2.4726961250236441E-003
         845   1.9189059667246822E-002   2.4724432002378579E-003
         846   1.9186984529827551E-002   2.4721906274460708E-003
         847   1.9184912326553699E-002   2.4719384057388743E-003
         848   1.9182843049768916E-002   2.4716865342103108E-003
         849   1.9180776691845928E-002   2.4714350119577791E-003
         850   1.9178713245186239E-002   2.4711838380821502E-003
         851   1.9176652702220371E-002   2.4709330116875795E-003
         852   1.9174595055407119E-002   2.4706825318816716E-003
         853   1.9172540297234114E-002   2.4704323977752904E-003
         854   1.9170488420217062E-002   2.4701826084826753E-003
         855   1.9168439416899961E-002   2.4699331631213941E-003
         856   1.9166393279854956E-002   2.4696840608122192E-003
         857   1.9164350001681946E-002   2.4694353006793120E-003
         858   1.9162309575008748E-002   2.4691868818499997E-003
         859   1.9160271992490794E-002   2.4689388034549002E-003
         860   1.9158237246810924E-002   2.4686910646278780E-003
         861   1.9156205330679514E-002   2.4684436645059744E-003
         862   1.9154176236834086E-002   2.4681966022294288E-003
         863   1.9152149958039297E-002   2.4679498769416951E-003
         864   1.9150126487086749E-002   2.4677034877893644E-003
         865   1.9148105816794943E-002   2.4674574339222134E-003
         866   1.9146087940009091E-002   2.4672117144930931E-003
         867   1.9144072849600832E-002   2.4669663286580328E-003
         868   1.9142060538468512E-002   2.4667212755761512E-003
         869   1.9140050999536619E-002   2.4664765544096358E-003
         870   1.9138044225755921E-002   2.4662321643237977E-003
         871   1.9136040210103199E-002   2.4659881044869873E-003
         872   1.9134038945581227E-002   2.4657443740705256E-003
         873   1.9132040425218565E-002   2.4655009722489244E-003
         874   1.9130044642069473E-002   2.4652578981995688E-003
         875   1.9128051589213723E-002   2.4650151511028929E-003
         876   1.9126061259756678E-002   2.4647727301423533E-003
         877   1.9124073646828939E-002   2.4645306345043457E-003
         878   1.9122088743586223E-002   2.4642888633782099E-003
         879   1.9120106543209430E-002   2.4640474159562998E-003
         880   1.9118127038904406E-002   2.4638062914338209E-003
         881   1.9116150223901854E-002   2.4635654890089141E-003
         882   1.9114176091457123E-002   2.4633250078826881E-003
         883   1.9112204634850222E-002   2.4630848472590719E-003
         884   1.9110235847385620E-002   2.4628450063449033E-003
         885   1.9108269722392206E-002   2.4626054843498381E-003
         886   1.9106306253223002E-002   2.4623662804864328E-003
         887   1.9104345433255322E-002   2.4621273939700759E-003
         888   1.9102387255890342E-002   2.4618888240189544E-003
         889   1.9100431714553286E-002   2.4616505698540794E-003
         890   1.9098478802693015E-002   2.4614126306992212E-003
         891   1.9096528513782230E-002   2.4611750057809984E-003
         892   1.9094580841317099E-002   2.4609376943287367E-003
         893   1.9092635778817316E-002   2.4607006955745473E-003
         894   1.9090693319825817E-002   2.4604640087532935E-003
         895   1.9088753457908881E-002   2.4602276331025606E-003
         896   1.9086816186655788E-002   2.4599915678626219E-003
         897   1.9084881499679029E-002   2.4597558122765057E-003
         898   1.9082949390613817E-002   2.4595203655898958E-003
         899   1.9081019853118216E-002   2.4592852270511555E-003
         900   1.9079092880873068E-002   2.4590503959113562E-003
         901   1.9077168467581656E-002   2.4588158714241711E-003
         902   1.9075246606969794E-002   2.4585816528459713E-003
         903   1.9073327292785842E-002   2.4583477394356837E-003
         904   1.9071410518800215E-002   2.4581141304549315E-003
         905   1.9069496278805526E-002   2.4578808251678780E-003
         906   1.9067584566616506E-002   2.4576478228413279E-003
         907   1.9065675376069867E-002   2.4574151227446345E-003
         908   1.9063768701024136E-002   2.4571827241497645E-003
         909   1.9061864535359602E-002   2.4569506263311973E-003
         910   1.9059962872978186E-002   2.4567188285659798E-003
         911   1.9058063707803448E-002   2.4564873301336650E-003
         912   1.9056167033780297E-002   2.4562561303163905E-003
         913   1.9054272844875091E-002   2.4560252283987311E-003
         914   1.9052381135075382E-002   2.4557946236678165E-003
         915   1.9050491898389879E-002   2.4555643154132297E-003
         916   1.9048605128848414E-002   2.4553343029270597E-003
         917   1.9046720820501725E-002   2.4551045855038412E-003
         918   1.9044838967421453E-002   2.4548751624405645E-003
         919   1.9042959563699974E-002   2.4546460330366806E-003
         920   1.9041082603450377E-002   2.4544171965940331E-003
         921   1.9039208080806350E-002   2.4541886524169186E-003
         922   1.9037335989921949E-002   2.4539603998120292E-003
         923   1.9035466324971797E-002   2.4537324380884780E-003
         924   1.9033599080150683E-002   2.4535047665577539E-003
         925   1.9031734249673693E-002   2.4532773845336955E-003
         926   1.9029871827775938E-002   2.4530502913325575E-003
         927   1.9028011808712667E-002   2.4528234862728916E-003
         928   1.9026154186758903E-002   2.4525969686756367E-003
         929   1.9024298956209676E-002   2.4523707378640686E-003
         930   1.9022446111379685E-002   2.4521447931637646E-003
         931   1.9020595646603269E-002   2.4519191339026068E-003
         932   1.9018747556234408E-002   2.4516937594108086E-003
         933   1.9016901834646528E-002   2.4514686690208774E-003
         934   1.9015058476232409E-002   2.4512438620675758E-003
         935   1.9013217475404229E-002   2.4510193378879455E-003
         936   1.9011378826593317E-002   2.4507950958212827E-003
         937   1.9009542524250179E-002   2.4505711352091936E-003
         938   1.9007708562844349E-002   2.4503474553954473E-003
         939   1.9005876936864268E-002   2.4501240557260567E-003
         940   1.9004047640817402E-002   2.4499009355493252E-003
         941   1.9002220669229894E-002   2.4496780942156859E-003
         942   1.9000396016646558E-002   2.4494555310778268E-003
         943   1.8998573677630949E-002   2.4492332454905960E-003
         944   1.8996753646765101E-002   2.4490112368110253E-003
         945   1.8994935918649491E-002   2.4487895043983437E-003
         946   1.8993120487903026E-002   2.4485680476139088E-003
         947   1.8991307349162854E-002   2.4483468658213015E-003
         948   1.8989496497084344E-002   2.4481259583861259E-003
         949   1.8987687926341059E-002   2.4479053246762475E-003
         950   1.8985881631624478E-002   2.4476849640615631E-003
         951   1.8984077607644197E-002   2.4474648759141254E-003
         952   1.8982275849127619E-002   2.4472450596081064E-003
         953   1.8980476350819991E-002   2.4470255145197552E-003
         954   1.8978679107484270E-002   2.4468062400273883E-003
         955   1.8976884113901058E-002   2.4465872355114468E-003
         956   1.8975091364868524E-002   2.4463685003544085E-003
         957   1.8973300855202418E-002   2.4461500339408048E-003
         958   1.8971512579735839E-002   2.4459318356572592E-003
         959   1.8969726533319242E-002   2.4457139048923971E-003
         960   1.8967942710820328E-002   2.4454962410368846E-003
         961   1.8966161107124051E-002   2.4452788434834562E-003
         962   1.8964381717132384E-002   2.4450617116267611E-003
         963   1.8962604535764465E-002   2.4448448448635795E-003
         964   1.8960829557956336E-002   2.4446282425925766E-003
         965   1.8959056778660881E-002   2.4444119042145080E-003
         966   1.8957286192847901E-002   2.4441958291320344E-003
         967   1.8955517795503817E-002   2.4439800167498217E-003
         968   1.8953751581631914E-002   2.4437644664744829E-003
         969   1.8951987546251815E-002   2.4435491777146166E-003
         970   1.8950225684399961E-002   2.4433341498807356E-003
         971   1.8948465991128993E-002   2.4431193823852932E-003
         972   1.8946708461508074E-002   2.4429048746427112E-003
         973   1.8944953090622694E-002   2.4426906260692741E-003
         974   1.8943199873574474E-002   2.4424766360832133E-003
         975   1.8941448805481313E-002   2.4422629041046745E-003
         976   1.8939699881477135E-002   2.4420494295556852E-003
         977   1.8937953096711958E-002   2.4418362118601737E-003
         978   1.8936208446351709E-002   2.4416232504439030E-003
         979   1.8934465925578275E-002   2.4414105447345801E-003
         980   1.8932725529589311E-002   2.4411980941617109E-003
         981   1.8930987253598180E-002   2.4409858981567097E-003
         982   1.8929251092834085E-002   2.4407739561528091E-003
         983   1.8927517042541704E-002   2.4405622675850811E-003
         984   1.8925785097981377E-002   2.4403508318904567E-003
         985   1.8924055254428852E-002   2.4401396485076686E-003
         986   1.8922327507175294E-002   2.4399287168772516E-003
         987   1.8920601851527302E-002   2.4397180364415937E-003
         988   1.8918878282806750E-002   2.4395076066448568E-003
         989   1.8917156796350667E-002   2.4392974269329972E-003
         990   1.8915437387511263E-002   2.4390874967537735E-003
         991   1.8913720051655852E-002   2.4388778155567249E-003
         992   1.8912004784166873E-002   2.4386683827931086E-003
         993   1.8910291580441552E-002   2.4384591979160026E-003
         994   1.8908580435892164E-002   2.4382502603802619E-003
         995   1.8906871345945743E-002   2.4380415696423920E-003
         996   1.8905164306044178E-002   2.4378331251607502E-003
         997   1.8903459311643969E-002   2.4376249263953664E-003
         998   1.8901756358216316E-002   2.4374169728079852E-003
         999   1.8900055441247041E-002   2.4372092638621410E-003
        1000   1.8898356556236461E-002   2.4370017990230182E-003

   k   test 
        1000   3.2535495550142790E-006
