   20.000000000000000        40.000000000000000        16.887017761224513     
  -18.474702031564426        1.5252979684355736        18.205992884307744     
  -30.402247142778830        13.452843079649977       -29.201733687448549     
   14.276743480894911        58.131833703323721        98.365499448312889     
  -13.040796251798547        30.814293970630263       -66.069730104464909     
  -20.111684868000744        37.885182586832464       -74.090332629428900     
  -56.861164153333036        1.1357033015001718        4.6965213588171295     
  -76.376413699944933        20.650952848112070        10.149456968228954     
  -51.808621583737562       -3.9168392680953019        20.203027571397126     
  -73.411672253761779        17.686211401928912       0.78780888865530585     
  -54.586381638270097       -1.1390792135627699        11.468588415828236     
  -86.402762895744260       -32.955460471036929       -37.756955198133433     
  -104.11682797162744       -50.669525546920113       -55.183569756157439     
  -173.70576022726704        18.919406708719464        104.58610594699428     
  -168.81695833508604        23.808208600900446        74.964037807659096     
  -86.471256752903756        106.15391018308273        153.11697637338119     
  -103.96956155766142        123.65221498784041        90.716659389932246     
  -124.15774883331670        103.46402771218513       -97.921938161365787     
  -211.12255525957281        16.499221285929025       -173.27449498781158     
  -257.75558613032837        63.132252156684608        185.89239277387378     
  -213.34047228029823        107.54736600671473       -22.514084112586900     
  -115.46018959200593        205.42764869500701       -210.67113118184989     
  -86.880349116994765        176.84780821999584       -252.05247833467246     
  -105.31857189373954        195.28603099674064       -247.66139663141587     
  -86.248219569179966        176.21567867218107       -250.26710755249917     
  -32.118011782825640        230.34588645853540        91.674333842583621     
  -119.54741121512239        142.91648702623866        60.245679128127762     
  -98.384341379273266        164.07955686208777       -126.63945652694602     
  -20.951028123390913        241.51287011797012        217.48181325606944     
  -2.8142067239741841        223.37604871855339        170.52696670839919     
  -75.968970499962467        150.22128494256509       -65.926966705169903     
  -1.9785361171692983        224.21171932535827        179.51277797696596     
  -73.116678742457196        153.07357670007036       -97.329048842070819     
   8.0437490974389902E-002   226.27069293350195        200.63233322437887     
  -65.991516231139826        160.19873921138773       -170.71475139829636     
  -114.12431424276542        208.33153722301333       -213.47860536498098     
  -99.941269359249759        222.51458210652899       -173.29620307662162     
  -149.44533151968807        173.01051994609068        162.22251982390515     
  -70.979492894242952        251.47635857153580        171.20071566786703     
  -151.85191042742895        170.60394103834980        189.16951127483816     
  -120.42274007496671        139.17477068588755        64.146950336867249     
  -114.71561424587851        144.88189651497575        46.390363736256091     
  -80.065395993145088        179.53211476770917       -278.79645753426007     
  -42.635416088641250        216.96209467221303       -75.959665802172466     
  -131.33163965535141        128.26587110550287        23.685459904261663     
  -106.86520381223681        103.79943526238827        28.559490246929961     
  -180.06260324070837        30.602035833916702       -31.655684660850255     
  -282.76162146553656        133.30105405874491        136.66211637565155     
  -403.67782418417221        254.21725677738056        554.84265186840946     
  -527.70819226996127        130.18688869159149        501.11249231312456     
  -427.63993330177436        230.25514765977843        147.04019958533661     
  -433.52917977869367        224.36590118285912        185.83220540057320     
  -443.46211084602265        234.29883225018807        154.27819260720435     
  -406.46198890823212        271.29895418797867        703.74103836721974     
  -444.85813159014185        232.90281150606893        164.79468137356326     
  -383.68965908522244        294.07128401098834        491.74759106438285     
  -437.73160815457976        348.11323308034565       -498.99547263785513     
  -564.27121044520982        474.65283537097577        444.20992166270287     
  -715.79882637100172        323.12521944518380        844.03492833743519     
  -1193.5311339081600       -154.60708809197450        1299.0387039394061     
  -1186.7038061906380       -161.43441580949647        1266.2225480444838     
  -1131.6417076101279       -216.49651439000655       -282.80248154226098     
  -1140.3729966015480       -225.22780338142664       -299.92165197955364     
  -1156.8928703878164       -241.74767716769503       -359.96341411536775     
  -930.95700000229954       -467.68354755321195       -943.63329695715879     
  -946.19925778148183       -482.92580533239430       -948.58463604728024     
  -935.04004917602083       -471.76659672693330       -951.10677783127835     
  -943.27831618964490       -480.00486374055743       -952.50981795014388     
  -937.20753309642191       -473.93408064733450       -953.25923456329224     
  -941.68666678297859       -478.41321433389118       -953.67487139567447     
  -938.39253343666087       -475.11908098757345       -953.89904052168640     
  -940.81241599911289       -477.53896355002553       -954.02185365866171     
  -1161.3166014951003       -257.03477805403816       -597.24246772989250     
  -952.66134433071295       -465.69003521842546       -1273.7165541406387     
  -959.92966727139935       -472.95835815911187       -1274.9886041553427     
  -954.88542826213700       -467.91411914984951       -1275.6019860066313     
  -958.38313934604662       -471.41183023375913       -1275.8985618196671     
  -955.96283513868173       -468.99152602639424       -1276.0414240545642     
  -1073.6250243214599       -351.32933684361592        347.76880420731197     
  -1111.7089718093375       -389.41328433149340        230.10876497292014     
  -1321.6821596427851       -179.44009649804590        109.66912652316950     
  -1555.5101815163064        54.387925375475277        132.64659912553884     
  -1793.9412097204854        292.81895357965425        1778.9139369222503     
  -1798.0373366126469        288.72282668749290        1773.4571433534429     
  -1928.9321994586442        419.61768953349008       -1721.7360232610379     
  -1843.6282822967155        504.92160669541863       -1992.7386806441107     
  -1752.0203776864137        413.31370208511680       -305.34548209252773     
  -1748.5724450495047        416.76163472202563       -303.48356331409468     
  -1758.8340086613239        406.50007111020648       -287.48661141020568     
  -1729.9872595476943        435.34682022383600       -162.27861715561201     
  -1812.7018770849536        352.63220268657665        358.41052716480226     
  -1743.2267561820788        422.10732358945137       -285.43868405997443     
  -1775.0654738059754        390.26860596555468       -148.16566727858347     
  -2035.4474539153687        650.65058607494780        2410.2696018148736     
  -2139.2071952924252        546.89084469789123        1826.4236367444717     
  -2007.9076743057628        678.19036568455363        2419.8691618487819     
  -1896.4778587901767        789.62018120013988        2473.8551560548053     
  -1743.1356439467245        942.96239604359209        2558.5121187186178     
  -1803.6118688424538        1003.4386209393213        355.33221629444097     
  -1434.7929699763458        1372.2575198054292       -1411.1161370472914     
  -1623.7719482828168        1561.2364981119001        395.24822804605913     
  -1884.4381176838895        1300.5703287108274       -731.79797462312047     
  -1789.2904657887341        1395.7179806059828        1958.6431247438500     
  -1836.2545069862056        1348.7539394085113        356.41520993206200     
  -2124.8376957302357        1060.1707506644809        194.39691138439986     
  -1421.6340601041807        1763.3743862905362       -1360.4402201598045     
  -1456.9052184054924        1728.1032279892245       -995.90588752147653     
  -1360.1104210776271        1631.3084306613591       -1645.2135729411946     
  -1425.4513240948725        1696.6493336786045       -1470.7325004395143     
  -1231.7132081790860        1890.3874495943910        1579.3630323841053     
  -1116.2838373785796        1774.9580787938846        726.28307497842513     
  -1253.6445513646984        1637.5973648077659       -2405.0138391809505     
  -1396.7983095824197        1780.7511230254872       -1161.3103427651931     
  -1207.0958199784548        1591.0486334215223       -1032.8011833942437     
  -1032.5937089922063        1765.5507444077707        1867.7732257296220     
  -1066.6904792750167        1731.4539741249603        1255.7186816599942     
  -1241.0987084583019        1557.0457449416751        171.78097727426052     
  -1009.3490927024626        1788.7953606975143        1788.3085192082801     
  -935.09371759315457        1863.0507358068223       -467.27865854060872     
  -1114.8251488010947        2042.7821670147623       -2006.1303379790393     
  -1011.9221579909604        1939.8791762046280       -2390.6749038079242     
  -1101.0258535978899        2028.9828718115575       -2230.3555775817672     
  -1009.3488516333572        1937.3058698470250       -2351.3656711276763     
  -1103.9985464024910        2031.9555646161589       -2184.3104766131341     
  -1052.8106205575641        2083.1434904610855       -1656.6621379373657     
  -891.05601772259172        1921.3888876261130       -1968.4930149954314     
  -830.45869834349139        1981.9862070052134       -1313.9116910661228     
  -1004.9032588253463        1807.5416465233584        1417.8097048014492     
  -874.64414390560319        1937.8007614431015       -2038.4983201884145     
  -884.45726949231221        1927.9876358563924       -2019.8682862860267     
  -998.14574137880049        2041.6761077428807       -2558.1507960646181     
  -905.23412220435353        1948.7644885684338       -2392.4717214049715     
  -1002.6896723480846        2046.2200387121648       -2483.5989352201418     
  -1140.0495194280443        1908.8601916322050       -8.7168130301474775     
  -939.08551365364644        2109.8241974066027       -236.18742402633745     
  -1172.2466920791899        1876.6630189810592        813.19970906095580     
  -1128.2088044255338        1832.6251313274031        742.68926883062727     
  -1155.3339719045487        1859.7502988064180        722.93541903868140     
  -1136.9197515351116        1841.3360784369809        713.44266005813461     
  -1102.4691560104063        1875.7866739616861        83.788944112275658     
  -931.18610105954690        2047.0697289125455       -1909.6174652581665     
  -869.80442822641896        1985.6880560794175       -1943.6770858598452     
  -913.43664890102912        2029.3202767540276       -2039.1010835678899     
  -888.56159045007871        2004.4452183030774       -2046.6980039823761     
  -1053.5956685117403        1839.4111402414158        620.61394846182793     
  -909.58903221041987        1983.4177765427362       -2512.2255359404480     
  -955.80568433171209        2029.6344286640285       -2521.0566312126020     
  -1106.6282143196204        1878.8118986761203        66.170246089621060     
  -1158.8051199814656        1930.9888043379656       -10.106252522407658     
  -1130.2626594178221        1902.4463437743220       -60.253332858126328     
  -1141.1526699971839        1913.3363543536839       -64.385720276453640     
  -1135.0249909960944        1907.2086753525944       -65.980885482095573     
  -1138.2250016930170        1910.4086860495170       -66.370772287179761     
  -1136.4753038810211        1908.6589882375210       -66.494822864114326     
  -937.68641928548880        2107.4478728330532       -297.66608675149922     
  -1166.8945805911840        1878.2397115273582        744.04318445525280     
  -1066.6015805705342        1978.5327115480079       -2486.4920014329841     
  -1055.9248032205367        1967.8559341980103       -2485.2543944516410     
  -1068.1742830902567        1980.1054140677304       -2483.1535953534567     
  -933.96197464232910        2114.3177225156583       -56.132745259819785     
  -805.49813871835136        1985.8538865916805       -808.53332471217550     
  -996.84036557649756        1794.5116597335343        1728.2964557470311     
  -1134.0196582886497        1931.6909524456864       -528.61716083021611     
  -913.03767256410151        2152.6729381702348        1110.1592846535214     
  -797.51058241867884        2037.1458480248120        224.39067175104557     
  -808.75526222875112        2048.3905278348843        205.88092279974734     
  -1023.8364905361894        1833.3092995274460        746.29852105678879     
  -1174.6893331107035        1984.1621421019599       -513.30947944211948     
  -1130.5752114909212        1940.0480204821777       -753.66563545457825     
  -1122.0994862460009        1931.5722952372573       -756.88764731628294     
  -1126.4629410855400        1935.9357500767965       -757.60369343375010     
  -1124.0401394901996        1933.5129484814561       -757.84640204093148     
  -1125.3363458303800        1934.8091548216364       -757.91273686970499     
  -1124.6304627662080        1934.1032717574644       -757.93303429684238     
  -904.41404549584081        2154.3196890278314        1169.2741864446432     
  -799.21151562609987        2049.1171591580905        402.76439819655701     
  -1007.3249061336128        1841.0037686505775        499.12782358342304     
  -1168.2090282829442        2001.8878907999090       -912.91370010611809     
  -1118.9615334058394        1952.6403959228041       -1219.8085132148508     
  -1109.8203399311826        1943.4992024481473       -1222.9784885549079     
  -894.00742115021467        2159.3121212291153        1287.4281268031059     
  -801.07321352267707        2066.3779136015778        658.97075691619966     
  -992.06450723781904        1875.3866198864359       -673.10965794533922     
  -1154.0538271661528        2037.3759398147697       -1476.1360666149660     
  -1049.1758366317922        2142.2539303491303        279.76848289880149     
  -874.64862685610547        1967.7267205734436       -2113.5991767793298     
  -963.96817851304581        1878.4071689165032       -883.42146621708639     
  -759.65848682610977        2082.7168606034393        1524.1012810430072     
  -883.77823808701919        1958.5971093425298       -2230.4530926137709     
  -958.64380422972567        2033.4626754852363       -2478.0886232369203     
  -904.35041659539991        1979.1692878509107       -2464.4987405768825     
  -987.19252249078272        1896.3271819555280       -1370.2596643103225     
  -789.65065615740252        2093.8690482889083        1210.2029085068134     
  -923.71610556386167        1959.8035988824493       -2619.5797176052802     
  -1001.6375601955382        2037.7250535141256       -2639.7696089284655     
  -919.40978312359289        1955.4972764421805       -2557.0755116281321     
  -919.00759943262835        1955.8994601331449       -2557.0454741316489     
  -1002.2890145357820        2039.1808752362986       -2615.9406032470688     
  -917.69736776737409        1954.5892284678907       -2537.2397765238320     
  -1002.5859116715109        2039.4777723720276       -2611.4099570413641     
  -917.56206919715078        1954.4539298976674       -2535.1709740905221     
  -1002.4668662043507        2039.3587269048674       -2613.2304095101376     
  -1114.9717043620531        1926.8538887471650       -793.52600077372927     
  -902.57912822327307        2139.2464648859450        841.37566666754003     
  -1060.9507066332221        1980.8748864759959       -2579.2920918078580     
  -943.00665973106129        2098.8189333781570       -612.09566254817923     
  -1164.4617476819367        1877.3638454272814        720.94874978622090     
  -1068.3731892508167        1973.4524038584013       -2404.0970984613732     
  -926.32693345392681        2115.4986596552912        41.830176039390494     
  -810.08330517751619        1999.2550313788806       -691.26585544885484     
  -1005.6871057508993        1803.6512308054976        1505.8905816271222     
  -895.91425180382009        1913.4240847525766       -1854.6895630158569     
  -1018.7936641908769        2036.3034971396335       -2683.6197992013122     
  -1102.4968343559524        1952.6003269745579       -1530.7427843553612     
  -1104.5453546875140        1954.6488473061195       -1530.8691405614650     
  -905.43118014520383        2153.7630218484296        1154.9038626129527     
  -1036.1466145711199        2023.0475874225135       -2808.1789225590842     
  -1061.5888267798430        1997.6053752137905       -2684.8174077568206     
  -1024.7986685131305        1960.8152169470779       -2678.4440319167970     
  -1065.4058508642272        2001.4223992981747       -2656.6140017137477     
  -992.74455620526146        2074.0836939571404       -1752.2525920440012     
  -1178.6967747125075        1888.1314754498944        842.19658984770297     
  -1131.3787655170354        1840.8134662544223        706.08217917590150     
  -1093.3088597227402        1878.8833720487175       -67.931477383854144     
  -1158.7379234502857        1944.3124357762631       -231.17921610403036     
  -1129.5256050470850        1915.1001173730624       -302.58265533512440     
  -933.03449679794471        2111.5912256222027       -131.14401880902471     
  -1142.8795939757342        1901.7461284444130        152.24325876424598     
  -1138.3842687831473        1897.2508032518260        151.16450667605409     
  -1140.3318375912102        1899.1983720598889        150.97337118431881     
  -973.11904327919592        2066.4111663719032       -1839.8569197952429     
  -866.81041265837530        1960.1025357510825       -2022.4551330864267     
  -931.66881167691770        2024.9609347696248       -2351.5506402433334     
  -906.17320318196539        1999.4653262746724       -2359.5780509552656     
  -1030.8931957538150        1874.7453337028228       -448.17433090653276     
  -1162.4861395053838        2006.3382774543916       -1088.4179716681326     
  -1112.6631513894210        1956.5152893384288       -1411.9673377296065     
  -1104.5838574342197        1948.4359953832275       -1414.7483380962665     
  -1109.1682954598753        1953.0204334088830       -1415.5081400382949     
  -910.75940493612188        2151.4293239326366        1088.4665848608040     
  -1048.5688537318022        2013.6198751369564       -2798.8086446003954     
  -1031.4949347066536        2030.6937941621050       -2743.9851527254341     
  -953.36626373023012        1952.5651231856814       -2705.8714541717281     
  -902.59909219487236        2003.3322947210393       -2269.7433128769608     
  -918.60566275762210        2019.3388652837889       -2277.8278684426818     
  -1070.2019203469858        1867.7426076944250        2.1298684413245610     
  -1165.7274120187963        1963.2680993662354       -387.68855606086055     
  -1129.7346367159225        1927.2753240633617       -528.74208794724802     
  -1129.5264733517820        1927.0671606992212       -528.74449936276369     
  -1129.6115997945296        1927.1522871419688       -528.74490281400313     
  -1129.5768257414179        1927.1175130888571       -528.74497046410067     
  -1129.5909656051836        1927.1316529526227       -528.74498168070181     
  -928.24982012771579        2128.4727984300907        405.79369178062359     
  -810.50795480645570        2010.7309331088306       -508.90325698226064     
  -825.70299974871409        2025.9259780510890       -545.71835923224012     
  -835.11796724794010        2035.3409455503152       -557.08380126489192     
  -1039.6007381714580        1830.8581746267973        814.90777313667149     
  -913.25447857048539        1957.2044342277700       -2519.8862715198252     
  -924.94043653682070        1945.5184762614347       -2496.0740041403428     
  -891.90585369632470        1978.5530591019306       -2310.3122654832250     
  -940.29478983560807        2026.9419952412140       -2415.6350511242131     
  -1084.8303523982217        1882.4064326786004       -230.72924608149924     
  -1156.5677314263362        1954.1438117067148       -445.60282210843337     
  -1126.8616252585175        1924.4377055388961       -528.43076651302295     
  -928.68218746441096        2122.6171433330028        232.58447802376281     
  -1120.2725947365407        1931.0267360608730       -780.46497398177507     
  -918.81934328908642        2132.4799875083272        577.50909348771347     
  -809.94970283552664        2023.6103470547675       -270.19298563344137     
  -1009.6326078291302        1823.9274420611641        995.77745961694268     
  -1150.9671283520972        1965.2619625841312       -757.91298050860405     
  -948.44970119506411        2167.7793897411643        1420.1701178866515     
  -818.27292511084806        2037.6026136569483       -180.50502945937046     
  -824.59554908959615        2043.9252376356962       -185.95108842527793     
  -827.07579662345506        2046.4054851695550       -186.72244913583660     
  -1027.6567375736213        1845.8245442193888        403.19917002004161     
  -1163.2409830254749        1981.4087896712424       -734.53844251714975     
  -1123.8796704752053        1942.0474771209729       -925.14942755679670     
  -923.18346621651312        2142.7436813796648        828.14773875170829     
  -810.19236420800485        2029.7525793711566       -163.51961617937201     
  -819.93557589450870        2039.4957910576604       -178.05106125160168     
  -1019.2658182718607        1840.1655486803083        548.03171921712010     
  -860.43899723654135        1998.9923697156278       -1644.1808778217778     
  -885.60610522286163        2024.1594777019482       -1700.7891968725769     
  -881.36874708318874        2019.9221195622754       -1701.8429063278036     
  -1055.1202105540870        1846.1706560913772        462.80954009810853     
  -917.35271099556178        1983.9381556499025       -2598.1432913801414     
  -990.13218026702839        1911.1586863784360       -1795.7264547724965     
  -1111.6283991817495        2032.6549052931571       -2086.7917457647741     
  -1031.9478180277060        1952.9743241391136       -2495.4148081110325     
  -1077.8635410751174        1998.8900471865250       -2501.1585885945824     
  -1036.8430472928651        1957.8695534042727       -2534.5156751533987     
  -907.12741467181058        2087.5851860253274       -554.30753046616167     
  -1110.0591364716461        1884.6534642254919       -8.6515403211319608     
  -1149.4501714968965        1924.0444992507423       -87.280165769669111     
  -1133.4818729916233        1908.0762007454691       -106.95036889920721     
  -1137.6282892565941        1912.2226170104400       -108.01149263940010     
  -959.58061739273785        2090.2702888742965       -1025.2323120217643     
  -843.33912944061240        1974.0288009221711       -1611.4996821591872     
  -967.52294229054485        1849.8449880722385        95.842688418349766     
  -777.41762958479501        2039.9503007779883        665.32728132009788     
  -789.48948703710221        2052.0221582302956        636.56730877953191     
  -968.22536444032903        1873.2862808270688       -698.18490719337819     
  -1120.0481421599920        2025.1090585467318       -1976.3238429748042     
  -1049.9994582811960        1955.0603746679358       -2352.8636870191658     
  -1081.8028360226269        1986.8637524093667       -2364.0074846620646     
  -963.30021254872906        2105.3663758832645       -570.25931952027702     
  -1166.2979470564308        1902.3686413755629        531.46940576377540     
  -1137.0044921471508        1873.0751864662830        463.54437574763278     
  -1028.5772664866752        1981.5024121267586       -2879.2035000379260     
  -1032.1803966277739        1985.1055422678573       -2879.1644906811371     
  -1028.4841500408493        1981.4092956809327       -2879.1351889294247     
  -959.69121568636342        2050.2022300354183       -2139.4930409362692     
  -887.49373675406684        1978.0047511031219       -2253.6159501030365     
  -934.17586018090753        2024.6868745299626       -2385.1544053283719     
  -1073.5832424160210        1885.2794922948490       -411.54660268522298     
  -1152.8301257622932        1964.5263756411211       -703.88049118245749     
  -1122.3737348458319        1934.0699847246599       -800.63576070366707     
  -1124.4896625890892        1936.1859124679172       -800.91619893662892     
  -930.65905658405143        2130.0165184729549        434.99984637957186     
  -1106.8562146573888        1953.8193603996174       -1473.2382232533278     
  -923.34313689189867        2137.3324381651078        682.82518667572128     
  -814.66238295748633        2028.6516842306955       -273.75706001836915     
  -1006.5174702562912        1836.7965969318907        624.76590754347671     
  -848.62366935283251        1994.6903978353494       -1487.6572883746601     
  -1001.3136503072870        1842.0004168808948        454.61611955277687     
  -1144.9340698252138        1985.6208363988214       -1201.0217401445893     
  -970.54441433303043        2160.0104918910047        1168.4749321956181     
  -831.77635975743351        2021.2424373154076       -751.59630272071320     
  -842.08267174197658        2031.5487492999507       -765.79692135069990     
  -1032.7558476535467        1840.8755733883806        552.22282250287378     
  -889.69515025905343        1983.9362707828739       -2253.5283849276893     
  -929.12560740700997        2023.3667279308304       -2347.2740128256542     
  -908.96039106210856        2003.2015115859290       -2359.0546887779392     
  -1028.4034756217693        1883.7584270262682       -740.87941043279488     
  -843.13185632226055        2069.0300463257772       -33.405107990094393     
  -1029.2940465274203        1882.8678561206175       -707.50944110671674     
  -1147.2091044582985        2000.7829140514959       -1340.8120930710907     
  -1100.9235975997412        1954.4974071929387       -1593.7265243929976     
  -923.48484358762244        2131.9361612050575        533.95700266396238     
  -817.06946044231745        2025.5207780597525       -379.44012392332860     
  -826.86647306786506        2035.3177906853000       -394.36518032337381     
  -1017.2167058286905        1844.9675579244747        402.25617640443886     
  -858.21286579778291        2003.9713979553821       -1537.5589829669416     
  -1015.9640118862242        1846.2202518669408        361.38177309683738     
  -854.86804605025702        2007.3162177029080       -1427.8302884358636     
  -872.15677555199545        2024.6049472046464       -1459.7991327459970     
  -1047.1734535963012        1849.5882691603406        354.05708237348074     
  -1160.2400860944731        1962.6549016585125       -504.27528214606457     
  -1128.8654893500295        1931.2803049140689       -621.74020625858384     
  -941.13254455242827        2119.0132497116701        32.696660457477037     
  -825.47971974959137        2003.3604249088332       -927.48757377596462     
  -844.05532077984321        2021.9360259390851       -981.01814290777077     
  -852.22590526985641        2030.1066104290983       -989.03260627450982     
  -1036.9960148088319        1845.3365008901228        439.80095219328871     
  -893.00550905515740        1989.3270066437974       -2263.8529016238772     
  -997.71352118856862        1884.6189945103863       -948.92520763248058     
  -816.46580327054301        2065.8667124284120        376.32342392360817     
  -816.77581854222785        2066.1767277000968        376.31011191527659     
  -816.88208090717251        2066.2829900650413        376.30855104802515     
  -816.91815039039125        2066.3190595482602        376.30837115478960     
  -989.63002423578951        1893.6071857028619       -1274.6188588260316     
  -1119.1026997163217        2023.0798611833941       -1987.8814812106918     
  -1053.7224432504174        1957.6996047174898       -2355.5110375654308     
  -1078.5217750460652        1982.4989365131376       -2368.3734185939065     
  -960.56081805100257        2100.4598935081999       -709.02812568272361     
  -1154.1995377897729        1906.8211737694296        267.79497059653215     
  -1137.9139792970520        1890.5356152767088        245.38332903631476     
  -1141.5682417696521        1894.1898777493088        244.43573719796268     
  -1001.5753622985129        2034.1827572204481       -2698.4932169980866     
  -1089.3249579110791        1946.4331616078821       -1640.6326012926122     
  -915.34478925855456        2120.4133302604068        272.01277136448232     
  -1086.6643643297177        1949.0937551892437       -1736.0211587294843     
  -1101.5059426170703        1963.9353334765963       -1745.7202071932365     
  -1093.4603267703305        1955.8897176298565       -1749.2817310839193     
  -1097.4285529405463        1959.8579438000722       -1750.0472629293936     
  -1095.3488780311056        1957.7782688906316       -1750.2713049025951     
  -1096.4074689276256        1958.8368597871515       -1750.3276864500685     
  -930.74247918160972        2124.5018495331674        273.24695048642025     
  -1104.8122680398253        1950.4320606749518       -1448.3289992417297     
  -928.07678418202170        2127.1675445327555        369.29272719825076     
  -822.32441417389191        2021.4151745246256       -559.41693742493658     
  -832.86003826021397        2031.9507986109477       -576.77786016471919     
  -1016.7238592332590        1848.0869776379027        306.92493539439192     
  -1147.5778520714061        1978.9409704760499       -1048.3106147405342     
  -972.69215407579213        2153.8266684716637        972.22787493798523     
  -1136.1463095678675        1990.3725129795882       -1446.1705528265122     
  -1097.3019475702624        1951.5281509819831       -1603.1450447922862     
  -1103.1121083265775        1957.3383117382982       -1604.9685961134664     
  -1100.3658600111210        1954.5920634228416       -1605.4126079910666     
  -1101.5979774750665        1955.8241808867872       -1605.4986888838030     
  -931.82978775239235        2125.5923706094613        297.89547297536342     
  -824.46272818589784        2018.2253110429667       -658.93662634062139     
  -836.05564462831956        2029.8182274853884       -679.96510166524240     
  -1017.5310228677937        1848.3428492459143        301.48396518213281     
  -860.91149366837590        2004.9623784453322       -1572.2814883768147     
  -879.07423601666085        2023.1251207936170       -1607.6387466759384     
  -1043.0142639743767        1859.1850928359013        76.814454599867076     
  -1154.0234399771250        1970.1942688386496       -769.10442107189306     
  -1123.0856567527596        1939.2564856142842       -887.43124789960245     
  -1121.5809377523931        1937.7517666139177       -887.60543433945679     
  -1122.0029430163504        1938.1737718778750       -887.61889266507410     
  -940.10737067022490        2120.0693442240004        72.807589471325628     
  -829.23803406960860        2009.2000076233842       -907.48462250828288     
  -844.71951198529803        2024.6814855390735       -944.61925680079071     
  -850.84637117289969        2030.8083447266752       -949.37885275745009     
  -851.87313982091757        2031.8351133746930       -949.50287366246175     
  -1030.4829402765781        1853.2253129190326        197.39909222456697     
  -1150.6249953817446        1973.3673680241991       -895.75984998754120     
  -1119.4058979396364        1942.1482705820908       -1014.7004284020836     
  -1118.5961165901110        1941.3384892325655       -1014.7500788182255     
  -1118.8351398771647        1941.5775125196192       -1014.7543652562197     
  -1118.7636449414529        1941.5060175839074       -1014.7547505669850     
  -938.87759296457284        2121.3920695607876        122.30104467506817     
  -1114.6662355353567        1945.6034269900038       -1172.2836152089637     
  -1114.5739415638686        1945.5111330185157       -1172.2842353856602     
  -1114.6037821947111        1945.5409736493582       -1172.2843001203260     
  -1114.5941391500473        1945.5313306046944       -1172.2843069301389     
  -1114.5972678485559        1945.5344593032030       -1172.2843076221327     
  -1114.5962703979851        1945.5334618526322       -1172.2843077041643     
  -1114.5965264317083        1945.5337178863554       -1172.2843077101249     
  -937.52167191427770        2122.6085724037857        169.03405098518977     
  -829.16926287341187        2014.2561633629200       -821.58279722771067     
  -842.10677145513500        2027.1936719446430       -847.67183481886912     
  -847.22049907677024        2032.3073995662783       -851.13925015880272     
  -1024.4733918028992        1855.0545068401493        121.22113265726716     
  -867.95535613771085        2011.5725425053377       -1601.2533667515872     
  -1020.5664658174279        1858.9614328256205       -13.662837042708247     
  -858.81267692582901        2020.7152217172193       -1284.3201760886843     
  -1024.9483826449359        1854.5795159981124        137.29239978551914     
  -1146.5932952524445        1976.2244286056209       -1029.1409380844725     
  -1115.3757711724988        1945.0069045256753       -1147.2903949688216     
  -1115.2553940982939        1944.8865274514703       -1147.2914941587408     
  -939.31508173799011        2120.8268398117739        101.83074413018790     
  -1113.2135565914971        1946.9283649582669       -1225.2539975123314     
  -1113.0788580363574        1946.7936664031272       -1225.2553501886139     
  -1113.1214379614175        1946.8362463281874       -1225.2554855162814     
  -1113.1080482356169        1946.8228566023868       -1225.2554990773717     
  -938.99381472864911        2120.9370901093548        107.51768309174827     
  -1112.0867554817542        1947.8441493562498       -1264.0329924714295     
  -1111.9699493399166        1947.7273432144123       -1264.0340077995313     
  -1112.0072769231299        1947.7646707976255       -1264.0341118380900     
  -939.08211811838839        2120.6898296023669        99.293838485560627     
  -1111.9088698065727        1947.8630779141827       -1267.7621347578179     
  -1111.8841857165139        1947.8383938241238       -1267.7621805737970     
  -939.38737907273901        2120.3352004678986        86.195956970038537     
  -832.25212721949015        2013.1999486146497       -900.47360331663117     
  -845.43342511328296        2026.3812465084425       -927.47221556555678     
  -850.27176522762056        2031.2195866227801       -930.56465218406083     
  -851.16747158474402        2032.1152929799034       -930.66484761953109     
  -1024.6959445526400        1858.5868200120074        14.890335374635811     
  -1144.2164677268333        1978.1073431862008       -1109.3310202275725     
  -978.54189776923329        2143.7819131438009        626.67966908611038     
  -1147.0243823789206        1975.2994285341138       -1005.5517343371353     
  -1116.6398337191533        1944.9148798743465       -1121.2300042629263     
  -1115.8110242388921        1944.0860703940853       -1121.2852840445455     
  -942.30736250126836        2117.5897321317088       -20.211141768983680     
  -834.94415739952933        2010.2265270299699       -1002.6282159096329     
  -849.49261052622796        2024.7749801566686       -1035.2664757156599     
  -1018.0686078521428        1856.1989828307537        62.157110239394683     
  -861.12116714608089        2013.1464235368157       -1453.1546396737331     
  -872.18802636534872        2024.2132827560836       -1467.3539907684419     
  -872.30340463650782        2024.3286610272428       -1467.3553383502997     
  -872.29313639551810        2024.3183927862531       -1467.3553490144959     
  -872.29408464541109        2024.3193410361459       -1467.3553490996283     
  -1032.6262062778897        1863.9872194036675       -112.38194900801625     
  -1144.8304092509816        1976.1914223767594       -1067.2573533375830     
  -1114.7061971696069        1946.0672102953847       -1180.3674490827691     
  -1114.2799220641580        1945.6409351899358       -1180.3821403030881     
  -1114.3975721785009        1945.7585853042788       -1180.3832556219227     
  -1114.3648811258820        1945.7258942516598       -1180.3833417200344     
  -1114.3739742886410        1945.7349874144188       -1180.3833483551593     
  -1114.3714523523179        1945.7324654780957       -1180.3833488771936     
  -943.66153823971513        2116.4423795906987       -66.165695649472241     
  -837.05483683255397        2009.8356781835375       -1050.1267036865775     
  -996.03063077550883        1850.8598842405827        156.22815024999784     
  -1127.1709674279386        1982.0002208930123       -1521.0959624961122     
  -1097.1705050947894        1951.9997585598630       -1614.2374437060835     
  -936.53648190335684        2112.6337817512958       -128.50809704741744     
  -1109.4672978865010        1939.7029657681517       -1154.4786764817145     
  -938.98771654512302        2110.1825471095299       -224.28069846451058     
  -1113.5248861617820        1935.6453774928709       -998.35450832128026     
  -1120.6106393570760        1942.7311306881650       -1002.4226623891573     
  -949.08790844963050        2114.2538615956105       -175.94043355290086     
  -840.60696018740566        2005.7729133333855       -1182.7435442300653     
  -993.42829908637952        1852.9515744344117        79.018648379084425     
  -832.43141462961046        2013.9484588911807       -891.38021423078669     
  -994.73483509346033        1851.6450384273307        126.32879979036056     
  -1125.2372654402850        1982.1474687741554       -1561.6661646264154     
  -1095.7418687578963        1952.6520720917667       -1651.1754886542292     
  -1101.0507281730727        1957.9609315069431       -1653.0932147367964     
  -944.74227112327685        2114.2693885567387       -142.62734078390872     
  -1117.4550193838350        1941.5566402961808       -1040.9255408163899     
  -947.38519667605988        2111.6264630039559       -246.61468455016029     
  -841.73728983316892        2005.9785561610649       -1201.1906821690363     
  -858.30616799200868        2022.5474343199048       -1242.6852973575897     
  -862.86891055350600        2027.1101768814021       -1245.2547454761648     
  -1025.3449185072914        1864.6341689276169       -167.68764896574760     
  -868.62085319324274        2021.3582342416655       -1453.4668574554307     
  -1024.0314601610146        1865.9476272738937       -214.73012941267541     
  -866.16527429390771        2023.8138131410005       -1365.6835676606311     
  -868.08749804006186        2025.7360368871546       -1366.1055944697064     
  -868.08090094759734        2025.7294397946901       -1366.1055993641153     
  -1027.1909089445817        1866.6194317977058       -219.62429203044894     
  -1139.3790350803699        1978.8075579334941       -1223.7216699907945     
  -982.59407938629283        2135.5925136275714        333.20786993342796     
  -853.73510795241191        2006.7335421936905       -1415.5638908795033     
  -999.68953493935146        1860.7791152067509       -156.12207744097560     
  -1126.2060379071931        1987.2956181745926       -1607.7503584715598     
  -1093.4101589195013        1954.4997391869008       -1725.0929528054121     
  -939.91661821295270        2107.9932798934497       -299.93583606094228     
  -841.71736367942412        2009.7940253599211       -1141.0464936100304     
  -995.24234100629508        1856.2690480330502       -24.133876424630841     
  -835.78318443246928        2015.7282046068760       -927.19069763641392     
  -847.08583311042582        2027.0308532848326       -947.55639788607300     
  -1011.3800141106462        1862.7366722846123       -171.62981250778051     
  -1132.0927298541415        1983.4493880281075       -1440.6799553961905     
  -1101.1241751699754        1952.4808333439414       -1553.2294715481230     
  -943.24667864448634        2110.3583298694307       -253.78367201121665     
  -842.38748768405117        2009.4991389089955       -1158.6433529490487     
  -994.62009129784485        1857.2665352952019       -59.388830936729732     
  -1122.1691496944095        1984.8155936917665       -1656.1334706060572     
  -1091.9934394449651        1954.6398834423221       -1751.6567759596678     
  -1097.4527886114699        1960.0992326088269       -1753.7352830025977     
  -948.25315768656105        2109.2988635337356       -327.41553927208605     
  -845.17670393450680        2006.2224097816813       -1262.8822108326854     
  -992.58929830358329        1858.8098154126048       -118.16545090807665     
  -832.80289197052593        2018.5962217456622       -818.71428607992948     
  -842.83834914985130        2028.6316789249875       -835.31349853756126     
  -1007.1664665721669        1864.3035615026720       -240.48024697116659     
  -848.56283751379556        2022.9071905610433       -1050.9975235890208     
  -854.55138843827581        2028.8957414855236       -1056.0683778505472     
  -855.74049749839628        2030.0848505456440       -1056.2555558756756     
  -855.90106586670765        2030.2454189139555       -1056.2589277697798     
  -1018.3074888578765        1867.8389959227866       -302.32468545600619     
  -861.20744050417034        2024.9390442764927       -1254.0667724232098     
  -1018.5512826309994        1867.5952021496637       -293.40670196164240     
  -861.83420986967599        2024.3122749109871       -1277.0086150096520     
  -1018.3083079281608        1867.8381768525023       -302.29470616900517     
  -861.60165798178446        2024.5448267988788       -1268.5079468650224     
  -1018.1322786925241        1868.0142060881392       -308.74036505235784     
  -1132.4020735263291        1982.2840009219442       -1418.6754470996439     
  -1102.5698488013591        1952.4517761969742       -1526.6825843529900     
  -1104.2447463073072        1954.1266737029223       -1526.9113731901625     
  -948.74845354653723        2109.6229664636921       -321.01962271307576     
  -846.52172129491703        2007.3962342120719       -1270.4182654286619     
  -861.76065356103936        2022.6351664781944       -1305.5380178727632     
  -1016.0498783827913        1868.3459416564424       -329.55967580465818     
  -859.43412294190625        2024.9616970973275       -1220.5796442690048     
  -1016.0427242965980        1868.3530957426358       -329.82284658462578     
  -1130.6493987566662        1982.9597702027040       -1463.5974002256080     
  -987.52619613564684        2126.0829728237231       -18.755985397812992     
  -1156.7735802956502        1956.8355886637198       -486.32239272791651     
  -989.22064135940695        2124.3885275999628       -86.387891285435046     
  -863.60391719030622        1998.7718034308621       -1702.4507733525909     
  -884.46221173646950        2019.6300979770253       -1758.9828309831555     
  -1025.6641866301634        1878.4281230833312       -593.91996823933391     
  -867.89701829445210        2036.1952914190424       -1163.3430791544160     
  -860.50394949213751        2028.8022226167279       -1169.8743794060929     
  -1018.5150147706636        1870.7911573382019       -394.79588869816212     
  -862.52783918884029        2026.7783329200252       -1245.0466596345491     
  -863.15580596818666        2027.4062996993716       -1245.0967784252573     
  -863.20092738219614        2027.4514211133812       -1245.0970357241886     
  -1019.2043198864983        1871.4480286090791       -411.97768122548251     
  -1130.2894413785170        1982.5331501010978       -1465.2169899942260     
  -1101.0610378006634        1953.3047465232441       -1569.5252005416278     
  -1102.8263725401011        1955.0700812626819       -1569.7856414764590     
  -950.78024383819320        2107.1162099645899       -417.15842972765489     
  -849.93708331324865        2006.2730494396453       -1351.7454340335316     
  -991.53159554799140        1864.6785372049026       -318.25610354944075     
  -1115.1385822758450        1988.2855239327562       -1830.0549034324279     
  -991.13020781640819        2112.2938983921931       -516.12812100875590     
  -1158.9784041359028        1944.4457020726984       -228.08343385105522     
  -1136.2540064085529        1921.7213043453485       -301.84567495998203     
  -981.33583284108954        2076.6394779128118       -1608.3049537436841     
  -886.19353914429826        1981.4971842160205       -2218.5765130101549     
  -921.76677733856059        2017.0704224102828       -2352.4564430884502     
  -1035.2850162597235        1903.5521834891199       -1278.2272799237667     
  -1119.1308217266230        1987.3979889560194       -1745.4279378525200     
  -1088.6611318887269        1956.9282991181233       -1848.1372044613540     
  -946.29616140924975        2099.2932695976006       -626.88586504336945     
  -852.75007079494446        2005.7471789832953       -1411.9267772612789     
  -868.56311364977319        2021.5602218381241       -1448.9204947425924     
  -871.49721551666187        2024.4943237050127       -1449.9843421702392     
  -1020.6025891872487        1875.3889500344260       -528.80645837155282     
  -1128.1969476426102        1982.9833084897875       -1513.5217942331058     
  -989.64226608766648        2121.5379900447310       -187.75951595500351     
  -1156.2544223015516        1954.9258338308459       -465.88110441581080     
  -992.28520000060144        2118.8950561317961       -293.73495625541443     
  -869.74262379617539        1996.3524799273700       -1836.4119530058879     
  -891.97989399431856        2018.5897501255133       -1899.2918333012121     
  -1025.1963226333432        1885.3733214864885       -812.28537353759270     
  -1125.4542916105704        1985.6312904637157       -1602.0724895729593     
  -992.28669634251378        2118.7988857317723       -297.09023174961931     
  -1158.3709178321926        1952.7146642420935       -380.78000400355876     
  -995.16639021693982        2115.9191918573460       -412.52428584103103     
  -873.19631770152330        1993.9491193419294       -1919.9725262655538     
  -984.11150916543477        1883.0339278780179       -959.96226074435231     
  -831.61666551263409        2035.5287715308186       -484.47393375438020     
  -834.63125679477128        2038.5433628129558       -486.01801507966530     
  -995.09536580293855        1878.0792538047886       -748.21779118305687     
  -840.15302532343605        2033.0215942842910       -700.13096491658553     
  -842.35857560033241        2035.2271445611873       -700.90899022518352     
  -1001.8357993879204        1875.7499207735993       -639.50861805666511     
  -846.94128997405062        2030.6444301874692       -877.30583095361953     
  -1004.1828495401878        1873.4028706213321       -551.26423751028528     
  -849.77066013619117        2027.8150600253286       -984.84343623088398     
  -1005.0115739300047        1872.5741462315152       -520.16026470723796     
  -850.96761045920073        2026.6181097023191       -1029.9332692363610     
  -854.17658630573828        2029.8270855488568       -1031.4638195302034     
  -854.85347601973126        2030.5039752628497       -1031.5297627753619     
  -854.97450084828586        2030.6250000914042       -1031.5318589405697     
  -1010.2903058021724        1875.3091951375177       -582.48214085654979     
  -856.68990500564109        2028.9095959340491       -1096.2916636259370     
  -857.31990409375635        2029.5395950221643       -1096.3478364243385     
  -1011.3086048611724        1875.5508942547483       -584.93104599040748     
  -858.02057964115806        2028.8389194747626       -1122.6789280002549     
  -1011.2691227252151        1875.5903763907056       -586.41160623331541     
  -858.14796090781169        2028.7115382081090       -1127.4553986835663     
  -858.55414014310463        2029.1177174434019       -1127.4785728318686     
  -858.61311931420971        2029.1766966145069       -1127.4790602237629     
  -1011.5791304888551        1876.2106854398617       -604.74048576314487     
  -1120.9473681619113        1985.5789231129179       -1689.1279197585600     
  -993.07540530630479        2113.4508859685243       -486.90153189410751     
  -1155.8660085933689        1950.6602826814603       -402.37493081254371     
  -1133.8883265420791        1928.6826006301706       -475.21728192269438     
  -1130.3872940293113        1925.1815681174028       -476.65577634187298     
  -1130.5771482537423        1925.3714223418337       -476.65986905061919     
  -1130.5625059501212        1925.3567800382127       -476.65989329644344     
  -1130.5636569377216        1925.3579310258131       -476.65989344629912     
  -977.25884367324738        2078.6627442902873       -1520.1400728443987     
  -1127.0593804231166        1928.8622075404178       -610.04796708296237     
  -971.95840497014194        2083.9631829933924       -1320.4810985051945     
  -878.15047035545513        1990.1552483787057       -2036.0968206820778     
  -977.64599671557323        1890.6597220185874       -1231.7720717917828     
  -1090.3864399131346        2003.4001652161489       -2353.8004176465420     
  -1051.4851525744007        1964.4988778774150       -2488.1132200950719     
  -947.47257592892902        2068.5114545228867       -1553.8381941505629     
  -1099.9163016909306        1916.0677287608851       -815.78772938206282     
  -947.02066790787819        2068.9633625439374       -1536.7471925642187     
  -1099.7376078013456        1916.2464226504699       -822.56142323122970     
  -1126.7215303069881        1943.2303451561124       -890.85593487404105     
  -970.36352528078351        2099.5883501823173       -811.40302599407846     
  -1131.1706250369143        1938.7812504261865       -717.97029980664445     
  -974.89748843435518        2095.0543870287456       -991.52806893936918     
  -1133.5654472160691        1936.3864282470317       -625.06615274522869     
  -1127.4118974917926        1930.2328785227553       -629.69758901930140     
  -1127.6090881180717        1930.4300691490344       -629.70206974847144     
  -1127.5944487617505        1930.4154297927132       -629.70209437879612     
  -973.50965642193330        2084.5002221325303       -1315.5698767766662     
  -1126.9923314907510        1931.0175470637128       -652.84545361259802     
  -1127.1298993419894        1931.1551149149511       -652.84764147240526     
  -973.04794413910997        2085.2370701178306       -1289.3578503002827     
  -1126.8391749326731        1931.4458393242676       -664.03600899806327     
  -972.82937678524013        2085.4556374717008       -1280.9552228898954     
  -878.74341052617945        1991.3696712126402       -2034.2430094663118     
  -978.45891085202277        1891.6541708867969       -1260.1054760906711     
  -837.18392906089809        2032.9291526779216       -643.64426683252441     
  -839.96957908782679        2035.7148027048502       -644.97777909772526     
  -840.98307378232062        2036.7282973993440       -645.14966335016788     
  -841.31976821214607        2037.0649918291695       -645.16846062150455     
  -996.08800798820755        1882.2967520531081       -881.57815152680871     
  -1106.4959038059831        1992.7046478708837       -2028.6572699322812     
  -1001.6612101484077        2097.5393415284593       -1072.2992700094333     
  -1153.1251949236294        1946.0753567532377       -384.98057825296354     
  -997.51564290071792        2101.6849087761489       -912.62001085924271     
  -885.47186043359955        1989.6411263090306       -2152.1202840386964     
  -912.03060676426617        2016.1998726396971       -2236.0297259401787     
