   20.000000000000000        40.000000000000000        16.887017761224513     
  -1.9855440180368156        18.014455981963184       -62.432185332036035     
  -1.2843073945538439        17.313219358480211       -62.562067301582509     
   3.5192450928499559        22.116771845884010       -61.795455582523246     
  -2.3719324840991538        16.225594268934898       -60.908573585959658     
  -2.5925411667831226        16.446202951618869       -60.921600427311226     
   4.4852024285610312        23.523946546963025       -59.318790735927678     
   10.923794754860371        17.085354220663685       -65.918277444592562     
   11.155217540434924        16.853931435089130       -65.920719403057262     
   11.005856980113176        17.003291995410880       -65.921690954726230     
   11.103025768234698        16.906123207289358       -65.922119937890500     
   7.4116529046726862        13.214750343727346       -65.786041996218515     
   11.456761913422998        17.259859352477655       -65.558617976506682     
   11.564566161990383        17.152055103910268       -65.559093729048783     
   7.2309875455224439        12.818476487442329       -65.411988568995312     
   11.918021965305069        17.505510907224956       -65.137027237903197     
   12.010912078589692        17.412620793940331       -65.137341932058263     
   7.0408646517016891        12.442573367052328       -64.998429305769875     
   12.343826111756318        17.745534827106958       -64.686118388096361     
   12.430353258753856        17.659007680109422       -64.686361977238661     
   6.8732438484610228        12.101898269816589       -64.580997838449790     
   12.721119615266961        17.949774036622529       -64.250194483126037     
   12.787109783405725        17.883783868483764       -64.250321974590648     
   12.736061491919081        17.934832159970409       -64.250397659184046     
   12.775493439000027        17.895400212889463       -64.250444052380644     
   6.7251126550713671        11.845019428960804       -64.228512343348413     
   12.974435992438767        18.094342766328204       -63.929327358612106     
   6.5652655409958367        11.685172314885273       -63.962869216259236     
   13.127435149788649        18.247341923678086       -63.669252581589816     
   13.251404813247236        18.123372260219497       -63.669668327800224     
   6.6360414386477480        11.508008885620010       -63.781414944363902     
   13.326687342674195        18.198654789646454       -63.538585964686305     
   6.5893947793131549        11.461362226285415       -63.699440539988281     
   13.357596946400566        18.229564393372826       -63.483973537146440     
   6.5810252778783509        11.452992724850610       -63.684609671000317     
   3.7114212719121196        14.322596730816841       -64.632055651087853     
   9.1015707604843339        19.712746219389054       -64.302937034285648     
   3.4364619844237128        14.047637443328433       -64.222027783489452     
   9.3918860794425143        20.003061538347236       -63.849552561328963     
   3.1916280197455258        13.802803478650247       -63.821668052790379     
   2.9791797912439004        14.015251707151872       -63.829429193234439     
   9.2997188360886245        20.335790751996598       -63.433436583725651     
   2.7648286046493498        13.800900520557324       -63.458727889744956     
   9.5174846441219394        20.553556560029911       -63.045305050094356     
   2.5968629045778489        13.632934820485820       -63.150471060620177     
   2.3068049324808775        13.922992792582791       -63.165941616599355     
   9.2109175526219964        20.827105412723910       -62.748936652918417     
   13.599413370034721        16.438609595311185       -64.366391930311451     
   11.400223159154827        18.637799806191079       -64.522999482143959     
   5.6272186815165020        12.864795328552756       -64.712839342350222     
   11.328019751814601        18.565596398850857       -64.632976153810802     
   5.7031735726484438        12.940750219684700       -64.827000419313222     
   4.4106856607630434        14.233238131570101       -65.049819815100207     
   9.2805492997189845        19.103101770526042       -64.935142456579683     
   4.3804929816239557        14.203045452431013       -65.010120637565123     
   9.3002217672967546        19.122774238103812       -64.909150091590035     
   12.125458189590322        16.297537815810244       -65.580338730972585     
   10.827560784814166        17.595435220586399       -65.664321878048668     
   6.7373024688204834        13.505176904592716       -65.771212757400122     
   10.717412278928101        17.485286714700337       -65.782856349764700     
   11.432856881959937        16.769842111668503       -65.816566620705203     
   11.051516582181947        17.151182411446495       -65.825021011066397     
   7.3468544923939021        13.446520321658451       -65.932754449190554     
   10.903114474612668        17.002780303877216       -65.968536204494427     
   11.047602658058208        16.858292120431674       -65.969897136256435     
   7.7019828254784368        13.512672287851903       -66.066679270333339     
   10.887688375940941        16.698377838314407       -66.109001773739536     
   7.8521976910872109        13.662887153460677       -66.191040571442031     
   10.732474656060727        16.543164118434191       -66.231383928423426     
   7.9980278895161305        13.808717351889594       -66.300083447976448     
   10.583160874951441        16.393850337324906       -66.337319735032594     
   8.1382996810346633        13.948989143408129       -66.394110245522157     
   6.7807966553526837        15.306492169090109       -66.587306520446944     
   7.0468959003347331        15.040392924108060       -66.596178963716653     
   8.8356328138693687        16.829129837642697       -66.611037260864791     
   7.1262464207764475        15.119743444549774       -66.633538491376115     
   8.7539282236708029        16.747425247444131       -66.647764667857061     
   7.2054425451912572        15.198939568964585       -66.667403817895476     
   7.2599257644856197        15.144456349670223       -66.667761185654271     
   8.7534358287499128        16.637966413934517       -66.682347538635184     
   9.5050371534803357        15.886365089204094       -66.738288026054676     
   9.2739077536042167        16.117494489080215       -66.743043524948021     
   9.3551811600387520        16.036221082645682       -66.743653810674090     
   8.2453748102626463        14.926414732869576       -66.757364039521363     
   7.7025507135414202        15.469238829590802       -66.788936302589434     
   8.4677035163919783        16.234391632441362       -66.794233286233293     
   8.9672650872870943        15.734830061546246       -66.820431098501459     
   8.4989233832616851        15.266488357520837       -66.823008738585003     
   8.9284969883971090        15.696061962656261       -66.825105990122651     
   8.5351863509671073        15.302751325226259       -66.827015399888069     
   8.8942091206280285        15.661774094887180       -66.828571017698650     
   8.5670952058064742        15.334660180065626       -66.829955847408229     
   8.8642576806800406        15.631822654939192       -66.831083180955787     
   8.6861897608437921        15.809890574775441       -66.834303500858681     
   8.3334707808513091        15.457171594782958       -66.835990773309305     
   8.6525109361138490        15.776211750045498       -66.837348228886768     
   8.3644682206057457        15.488169034537394       -66.838522941994242     
   8.6237624106553739        15.747463224587023       -66.839466358231164     
   8.6426273210142739        15.728598314228122       -66.839504276004291     
   8.4188333775802828        15.504804370794131       -66.840261611028737     
   8.3090179472527232        15.614619801121691       -66.841588252694152     
   8.4568738067759490        15.762475660644917       -66.841920928795076     
   8.3251146432807825        15.630716497149750       -66.842194822142318     
   8.4422140805080250        15.747815934376993       -66.842412718098444     
   8.3383684631223876        15.643970316991355       -66.842589586658221     
   8.4302175283708483        15.735819382239816       -66.842729279164701     
   8.3491584517557005        15.654760305624668       -66.842841170228027     
   8.3922969166363881        15.611621840743981       -66.843052054549020     
   8.3832881931095145        15.620630564270854       -66.843061226022456     
   8.4705517900047287        15.707894161166069       -66.843197754509930     
   8.5134218533673955        15.665024097803402       -66.843404666322570     
   8.4573387601741086        15.608941004610115       -66.843463770100996     
   8.4219458855364540        15.644333879247769       -66.843605789432189     
   8.4294018243180293        15.636877940466194       -66.843612138732723     
   8.4650020234093528        15.672478139557517       -66.843636998535914     
   8.4342856356584424        15.641761751806607       -66.843655863398197     
   8.4607223509804541        15.668198467128619       -66.843670027093566     
   8.4380218181025590        15.645497934250724       -66.843680657172627     
   8.4574661879697590        15.664942304117924       -66.843688564304401     
   8.4689502928210594        15.653458199266623       -66.843703816173601     
   8.4666252527470025        15.655783239340680       -66.843704442102023     
   8.4670946234535389        15.655313868634144       -66.843704467708150     
   8.4670006321761857        15.655407859911497       -66.843704468735837     
   8.4670193695970326        15.655389122490650       -66.843704468776949     
