   20.000000000000000        40.000000000000000        16.887017761224513     
  -18.495027573435365        1.5049724265646347        18.342878087449101     
  -30.422848484749004        13.432793337878273       -29.072989351945765     
   14.357918265099471        58.213560087726748        98.684562669032204     
  -12.761229237055396        31.094412585571881       -65.175053889153133     
  -19.214930821616122        37.548114170132607       -71.992799491399950     
  -55.872767841954690       0.89027714979403783        7.8971853605694307     
  -77.011361610372475        22.028870918211819        11.800055996098976     
  -51.956064663396234       -3.0264260287644191        20.431750781348320     
  -74.471393677205086        19.488902985044433        3.3984284643678748     
  -53.795624434449508       -1.1868662577111451        14.447737189719970     
  -83.392276090862211       -30.783517914123848       -28.675254581484115     
  -99.079594171439481       -46.470835994701126       -52.611232548910770     
  -165.55187306370846        20.001442897567848        122.68671191086635     
  -108.56057985573916        76.992736105537148       -61.058839222921804     
  -136.00753489436275        49.545781066913548        138.17556750718339     
  -200.96363555555723        114.50188172810803       -123.60567521232333     
  -188.23928881745036        127.22622846621492       -44.250111116730835     
  -273.28379911567993        42.181718167985366       0.54315053067916352     
  -160.52721125450677       -70.574869693187807       -138.37396579102784     
  -179.13044800405331       -89.178106442734332       -173.55035108216646     
  -181.65751221214498       -91.705170650826005       -173.79429619615118     
  -116.11732585347340       -157.24535700949758        120.04872348864222     
  -375.24138007378355        101.87869721081256       -285.76290051286537     
  -408.92176005968179        135.55907719671083       -114.37902536653360     
  -414.23777847617504        130.24305878021758       -171.43658260311716     
  -538.07728756826953        6.4035496881230500       -436.19935845018273     
  -527.49553170769593        16.985305548696658       -446.90125097325705     
  -525.70257133163716        18.778265924755395       -447.07163875560502     
  -435.17277361599707       -71.751531790884684        432.98266241495679     
  -435.53707089343982       -72.115829068327400        432.95660054078962     
  -436.14781266496300       -72.726570839850595        432.88350341488342     
  -437.16643510169189       -73.745193276579471        432.68106344298724     
  -438.84952019624859       -75.428278371136159        432.13336773573172     
  -441.58111284546328       -78.159871020350863        430.71759947522065     
  -406.66926426080380       -113.07171960501034       -199.06483114058400     
  -429.27265783493874       -135.67511317914531       -252.74199677386019     
  -435.05596298286179       -141.45841832706839       -254.68627736668853     
  -433.74962746969516       -140.15208281390173       -254.77981572085832     
  -434.08290554452304       -140.48536088872964       -254.78597562386850     
  -286.44950188530862       -288.11876454794407        289.75689127546411     
  -233.48767848592166       -235.15694114855711       -83.546859971040590     
  -227.28111275167609       -228.95037541431154       -82.495175197687288     
  -235.67025610376126       -237.33951876639671       -80.699394415792923     
  -224.28014085248745       -225.94940351512290       -77.258193460209839     
  -8.8969807584580849       -441.33256360915226        361.20558126748261     
   45.336900386875314       -387.09868246381888       -324.06712867286484     
   50.423757544511595       -392.18553962145518       -326.61396267772614     
   51.803677144334756       -393.56545922127833       -326.76833726662835     
   109.66088481380800       -335.70825155180512        18.172519944997731     
   31.456509129697309       -413.91262723591581       -68.318880628689982     
   134.55193265954699       -310.81720370606615        141.49138868065995     
   150.28360220917583       -326.54887325569501        132.95538318639819     
   147.63100775361181       -329.20146771125900        129.22800698235662     
   131.56456792658287       -345.26790753828794        7.3339753166636257     
   53.091454735093492       -423.74102072977735       -101.62522421769989     
   21.817734800489724       -392.46730079517357       -189.86469866514520     
   7.9339183514001714       -378.58348434608399       -222.60774600225662     
   67.687161835821570       -318.83024086166262        103.24128884384851     
  -17.742159373722714       -404.25956207120691        93.148771315309105     
  -57.989307922036531       -364.01241352289310       -99.749575705530219     
  -64.126627251466232       -357.87509419346338       -101.03615306882276     
   12.803645068330923       -280.94482187366623        136.58676337991670     
  -45.999041130544477       -339.74750807254162       -258.24234661956268     
  -33.598575925960226       -352.14797327712586       -263.69818756394159     
   8.6610710365732189       -309.88832631459240       -89.463708947729117     
  -73.994288560816301       -392.54368591198192        173.44770459938727     
  -7.7678770417962255       -326.31727439296185       -256.90090877162947     
  -54.129506968809409       -372.67890431997500       -59.868901854839137     
   26.519259357401225       -292.03013799376436        132.48401201255729     
  -45.524781293793183       -364.07417864495875       -159.52916180035453     
   25.071622437724940       -293.47777491344061        116.34880691400838     
   34.961590632239108       -303.36774310795477        98.112572036391271     
   50.504045236715463       -318.91019771243111        40.070526700537776     
  -40.027177148755378       -409.44142009790198        204.20268012617419     
   28.592832806420951       -340.82141014272565       -226.69497884643093     
  -28.059262046301214       -397.47350499544780        62.259893314386787     
   56.115550501720236       -313.29869244742633        115.51113139372603     
   89.315626888657391       -346.49876883436349       -143.97049592388871     
   3.4619455820065781       -432.35245014101429        256.25498112262204     
  -19.048195847143081       -409.84230871186463        151.15000943913770     
  -57.993040042318896       -370.89746451668884       -53.421097138472753     
  -70.171736510165147       -358.71876804884261       -58.505333339337071     
   9.3381309472674729       -279.20890059140999        134.04497509151258     
   23.130236115642916       -293.00100575978541        109.89319625792494     
  -51.019941762251619       -367.15118363767994       -114.31990023093418     
  -65.135464545464444       -353.03566085446710       -120.55780331119126     
   6.4422685711495689       -281.45792773785308        111.51409552748450     
  -55.191886580131957       -343.09208288913459       -213.78671019533800     
  -6.4406925497773528       -294.34088885877998       -28.697843523800607     
  -81.588314100466150       -369.48851040946874        82.526784261901582     
   1.5257501625948180       -286.37444614640776        61.464466913469472     
  -68.425201360887058       -356.32539766988964       -83.047468980796793     
  -62.851683845089880       -361.89891518568680       -85.288286110096280     
   14.360113830787355       -284.68711750980958        121.63720214706453     
  -49.201292237986145       -348.24852357858310       -223.96616049062592     
   1.5705361660190675       -297.47669517457791       -23.163722467469423     
  -76.586127155233996       -375.63335849583098        86.118505046140598     
  -75.309874675259394       -376.90961097580555        86.033224080890619     
   4.1126859182317617       -297.48705038231441       -12.439679812048647     
   26.837183340765641       -320.21154780484829       -82.125246044123372     
  -57.257280311962312       -404.30601145757623        198.02978299254085     
   2.3476449777643822       -344.70108616784955       -294.84126302638538     
  -15.396680809909551       -362.44541195552347       -257.16774253858824     
   27.575101687526573       -319.47362945808732       -72.442242580605566     
  -57.088688295434793       -404.13741944104868        196.46361488081595     
   2.6969798527500117       -344.35175129286387       -293.84319084894668     
   4.7769088455936561       -346.43168028570750       -294.43054238969967     
   6.3587500008266158       -348.01352144094045       -294.79197397373360     
  -7.9876372315385282       -362.35990867330560       -269.47755760162016     
  -25.342079657947423       -345.00546624689673       -298.47691170506488     
  -8.3748104579952667       -328.03819704694456       -265.95448491318928     
   5.2816452522132256       -341.69465275715305       -284.15990590014559     
   10.426943311582917       -346.83995081652273       -288.04608826949647     
  -11.440325781473664       -368.70721990957929       -231.17085446857564     
   40.082478574212743       -317.18441555389290        8.7355963188372137     
  -47.724375048745074       -404.99126917685072        183.23138973137324     
   17.666708871536187       -339.60018525656949       -248.86887944328598     
  -28.889303811175914       -386.15619793928158       -42.628553232242794     
  -66.649818819040647       -348.39568293141684       -133.48330764802475     
  -57.569483778913494       -357.47601797154397       -140.73518438884400     
  -57.916094133563654       -357.12940761689379       -140.74054021485594     
  -57.766911401264011       -357.27859034919345       -140.74155527010151     
  -57.830028048981788       -357.21547370147567       -140.74173581941099     
   10.933466903203225       -288.45197874929067        83.863183383253215     
   26.758296034598565       -304.27680788068602        47.686520610449847     
  -56.190346405430184       -387.22545032071480        62.960309133932583     
   19.276116809128489       -311.75898710615616       -51.667871091358549     
  -63.845231990080116       -394.88033590536475        149.31279663588089     
   1.9378084196022130       -329.09729549568243       -244.17502167686209     
   14.374740185275110       -341.53422726135534       -265.13901012746271     
   24.620149671013316       -351.77963674709355       -284.15273945429294     
   38.222871126547510       -365.38235820262776       -319.63028309675042     
   33.948829242700342       -369.65640008647495       -317.06893876678987     
   45.715984291689885       -357.88924503748541       -297.90156089294157     
   13.860621869104875       -389.74460746007043       -172.06337383092398     
  -3.5735613624628009       -372.31042422850277       -227.81748415128484     
  -25.320551963730850       -350.56343362723470       -286.75379212038075     
  -32.565605954084596       -343.31837963688093       -289.25574924759644     
  -10.736949744968229       -321.48972342776455       -239.48944298135331     
  -59.464861529164843       -370.21763521196118       -50.407021787592193     
  -69.360718881298197       -360.32177785982782       -54.486563634287982     
  -65.702025839445113       -363.98047090168092       -55.459336396701467     
  -66.251033930416398       -363.43146281070966       -55.476281859474028     
   10.356683165987306       -286.82374571430597        92.267050524315650     
  -55.641248627196845       -352.82167750749011       -174.59735395678305     
  -52.861721365867936       -355.60120476881900       -174.96880295246248     
   9.4271265880728023       -293.31235681487829        42.979956102054167     
   27.450809867306141       -311.33604009411164       -5.4388906849792065     
   45.907846627444641       -329.79307685425016       -82.877636332182448     
   81.086308976962627       -364.97153920376815       -331.54005411725143     
   119.81639987372003       -403.70163010052556       -375.54503856961401     
   95.058014655892265       -378.94324488269780       -396.12730807536263     
   112.13645463305322       -396.02168485985874       -399.78522817080636     
   93.729863839607873       -414.42827565330407       -344.15032357281530     
   147.52760566820629       -360.63053382470565       -4.3171385942213760     
   60.302201132151566       -447.85593836076038        127.84560880726383     
   16.272585956094154       -403.82632318470297       -69.902025807168954     
  -4.2595910747565711       -383.29414615385224       -149.76253751641784     
   65.458588913625789       -313.57596616546988        146.14943807511784     
   101.84784314839547       -349.96522040023956       -147.90022304843663     
   19.769949967404415       -432.04311358123061        172.24959136999757     
  -2.1748021498975341       -410.09836146392865        84.547204822422287     
   85.552193558943458       -322.37136575508765        108.83021761339010     
   136.03020229380888       -372.84937448995305       -176.69337947882497     
   136.23289055052987       -373.05206274667404       -176.69570023845080     
   49.281844260544460       -460.00310903665945        289.06857706391168     
   14.095740623922467       -424.81700540003749        137.70543805430663     
  -8.4261834022168252       -402.29508137389820        37.526881052308269     
  -41.693145797621497       -369.02811897849352       -141.02262447412670     
  -62.333893348237382       -348.38737142787761       -158.29787710122957     
  -54.069135319725220       -356.65212945638979       -163.48989080421842     
  -55.570248639291016       -355.15101613682401       -163.59264130363084     
  -54.925911145180294       -355.79535363093476       -163.61302607337652     
   7.9164178573872803       -292.95302462836719        38.956410612896065     
   26.509986375678459       -311.54659314665838       -12.139471896444721     
  -55.815486566622418       -393.87206608895929        114.74669423402618     
  -84.233012882522559       -365.45453977305914        77.256912736696734     
  -77.151325811969286       -372.53622684361244        70.868733279888616     
  -74.379502105796149       -375.30805054978561        70.324634579481796     
   1.3453699048672974       -299.58317853912217       -40.866703792833640     
   24.310230524102707       -322.54803915835760       -112.96108575812669     
  -51.798928612723458       -398.65719829518378        141.32524639826335     
  -84.810232608097095       -365.64589429981015        82.474344857149333     
  -6.0843160215009391       -286.91997771321400        31.353216848123818     
   20.978020879401026       -313.98231461411598       -60.813258529730916     
  -58.748959864353580       -393.70929535787059        123.28312539728550     
   8.0421344324802959       -326.91820106103671       -211.98734189891641     
  -49.817137946991153       -384.77747344050817        17.918912320752078     
  -77.618069150911950       -356.97654223658736       -18.807354392512352     
  -71.062115276392291       -363.53249611110704       -24.376067431320866     
   4.6979079276884477       -287.77247290702633        63.333788283069467     
  -61.464681148576759       -353.93506198329152       -137.56628529007997     
   3.1783079497676852       -289.29207288494706        46.429583596648570     
   24.108907749875829       -310.22267268505522       -13.991048070151638     
   41.231763845665611       -327.34552878084503       -78.548345348603249     
  -37.909302250959399       -406.48659487747005        174.07846605077088     
  -76.654764373431405       -367.74113275499803        38.361088742238671     
  -72.672272683272823       -371.72362444515664        37.010303550568416     
  -72.846064705367624       -371.54983242306184        37.008351556212730     
  -72.807467127397970       -371.58843000103150        37.008254056819823     
  -72.815789807383084       -371.58010732104640        37.008249522056694     
   2.9727768218231034       -295.79154069184023       -4.0008951180946166     
  -69.056556242538107       -367.82087375620142       -10.572670511858052     
   6.3143105100092356       -292.45000700365409        35.787026463473360     
  -63.728800271296166       -362.49311778495951       -76.490466850193144     
   8.1707051650506060       -290.59361234861274        57.281150135578407     
  -59.950643534048837       -358.71496104771217       -120.67516519210226     
   7.4267047581658119       -291.33761275549750        48.735736958609088     
   25.583380941037735       -309.49428893836944      -0.24709483524402032     
  -54.507321998953259       -389.58499187836043        75.614611910171163     
   15.813531081159468       -319.26413879824770       -127.48653334684143     
   32.795916144247279       -336.24652386133550       -183.75891078347246     
  -29.977066351025776       -399.01950635660853        83.125200286350690     
  -68.573684093581363       -360.42288861405297       -58.926817613067698     
   3.8680385280165410       -287.98116599245509        58.642298050714757     
  -61.547431335368898       -353.39663585584054       -139.77377256673040     
   1.5650319239086556       -290.28417259656300        32.769557698814424     
   23.449226757549873       -312.16836743020423       -33.313518414220695     
   40.780052840971621       -329.49919351362598       -99.750193457378103     
  -35.068474548437464       -405.34772090303505        156.86661713501439     
   33.798481964650819       -336.48076438994678       -182.25563227063577     
   58.693509205501833       -361.37579163079778       -316.39482423198092     
   24.102897038937712       -395.96640379736192       -176.37687604416121     
   11.446736560458451       -383.31024331888267       -205.89749144595902     
  -3.9454735962515244       -367.91803316217272       -250.83879113780904     
   36.665220817688038       -327.30733874823318       -97.132499150089416     
  -39.039522468973388       -403.01208203489460        145.91324206896360     
  -76.890106286009924       -365.16149821785808        24.356820229813671     
  -72.159549782107447       -369.89205472176053        22.161144007217832     
   2.4097849121781962       -295.32272002747487       -2.6802035994950000     
   24.037895769580309       -316.95083088487701       -69.320492602347798     
   42.300178815791178       -335.21311393108789       -144.50031068033084     
   73.659955091070628       -366.57289020636733       -347.00978971774384     
   35.923066198251512       -404.30977909918647       -178.19535654559908     
   23.290950257344491       -391.67766315827947       -202.34184026835592     
   12.425084337623646       -380.81179723855865       -224.52410400248866     
 -0.93241075842039578       -367.45430214251462       -258.66605223519838     
  -16.749457653455615       -351.63725524747940       -294.91988599604758     
   2.6416845999738925       -332.24611299404989       -256.92144316681180     
  -39.025792135705366       -373.91358972972915       -113.90929749297752     
   28.741697020555016       -306.14610057346874        43.588112997759097     
   43.892395141243682       -321.29679869415742       -11.245958069993030     
  -36.327893670777200       -401.51708750617831        125.12551470448683     
  -74.114827164774994       -363.73015401218049       -3.0216210230824956     
 -0.17040869291008676       -289.78573554031561        29.965492681345228     
   22.410707509530592       -312.36685174275630       -40.344866872814713     
   39.376037532858362       -329.33218176608409       -103.77716969333622     
   67.558054957923673       -357.51419919114943       -286.27035984622643     
   108.39704830285464       -398.35319253608043       -407.66258978098119     
   93.415711594056560       -383.37185582728233       -414.06723825662118     
   103.88453738898578       -393.84068162221155       -416.52123078773445     
   92.824020416572694       -404.90119859462465       -397.64885181076045     
   73.264636207136419       -385.34181438518840       -409.56575252954110     
   84.952318156120327       -397.02949633417234       -415.41474848748118     
   78.468866772476488       -390.54604495052848       -416.71598516114551     
   92.583514278815997       -376.43139744418897       -388.23555138641979     
   56.097368528106941       -412.91754319489803       -220.85534483317971     
   136.07828733773147       -332.93662438527349        96.964434722896669     
   97.526594579186565       -371.48831714381839       -350.36945624986936     
   121.96433113310677       -395.92605369773861       -367.31909096220022     
   91.056672145862109       -426.83371268498325       -229.67825336429928     
   47.429716803246230       -383.20675734236738       -341.71840140462626     
   56.290832819966361       -392.06787335908751       -350.98516850171114     
   98.407461059110801       -349.95124511994305       -157.70524154396941     
   22.545137898290122       -425.81356828076372        98.927372048133350     
   110.37028094094489       -337.98842523810896       -1.8858679846193951     
   151.12193423667270       -378.74007853383677       -99.858510469970213     
   64.346481220659172       -465.51553154985027        300.88357368604682     
   22.423686599048175       -423.59273692823928        78.532080056401782     
   110.72714913157481       -335.28927439571265        24.426508816113682     
   151.44969258837909       -376.01181785251697       -78.481482059256649     
   142.54969866671780       -367.11182393085568       -87.331217874437584     
   140.93941886466706       -365.50154412880494       -87.530616292360250     
   57.176560760024060       -449.26440223344792        155.96160359314086     
   18.304540078218110       -410.39238155164196       -21.894738045498507     
  -1.3040818611545646       -390.78375961226931       -98.933900414242530     
   71.013063391027003       -318.46661436008776        116.21851314324145     
   111.40837790782669       -358.86192887688742       -201.36080497116058     
   140.51430791023270       -387.96785887929343       -238.05290771979901     
   71.950682018697734       -456.53148477082840        184.91805626225241     
   155.06746915840802       -373.41469763111814       -29.688104865972495     
   144.94446811975075       -363.29169659246088       -41.907748585436430     
   142.48406025479861       -360.83128872750871       -42.379805432807174     
   61.569479711285183       -441.74586927102212        53.050911514127570     
   151.92336687457333       -351.39198210773395        80.918528039417723     
   87.486978394603995       -415.82837058770326       -321.04265187144296     
   56.436621312454847       -384.77801350555410       -368.75080195184358     
   66.788089682327396       -395.12948187542668       -378.33052975649611     
   66.073175869011365       -394.41456806211067       -378.36277659350162     
   66.274434711505648       -394.61582690460494       -378.36539128243805     
   103.32240997709968       -357.56785163901088       -218.97291563979960     
   31.011636565051347       -429.87862505105920        88.579242711724035     
   8.7558480769722991       -407.62283656298018        5.8133567059868838     
  -13.882181182451394       -384.98480730355647       -102.95025592667942     
  -44.103621742748018       -354.76336674325984       -217.88610392934734     
   4.7445615391908404       -305.91518346132096       -76.339027309900914     
   23.865603282447349       -325.03622520457748       -134.31651367706962     
  -44.097346890253746       -392.99917537727856        69.867590790637223     
   23.980087385691007       -324.92174110133379       -132.93165106869012     
   42.072016536971923       -343.01367025261470       -208.33595517488783     
  -12.964126913165586       -398.04981370275220        14.901170779232128     
  -45.343509810919102       -365.67043080499866       -149.75144845563247     
  -59.482740684699671       -351.53119993121811       -160.21240554440092     
  -54.599934689230359       -356.41400592668742       -162.05254376116406     
   3.4822362856034843       -298.33183495185358       -21.830599496717372     
  -64.960962939166507       -366.77503417662354       -42.282348981569797     
  -67.639289841513076       -364.09670727427698       -42.778175503188855     
   1.7334967712214251       -294.72392066154248      -0.77361687094445752     
   22.689166599781807       -315.67959049010284       -65.809664488303127     
   39.608621091989377       -332.59904498231043       -131.28721570615113     
  -28.306903328220031       -400.51456940251984        92.299119158021966     
  -64.514275598608194       -364.30719713213171       -60.611638862621064     
  -65.896108638084584       -362.92536409265529       -60.749410245278149     
   2.2141198308890182       -294.81513562368167       0.48332594661121081     
   22.815281255030850       -315.41629704782349       -63.034250970510804     
   39.655197322320539       -332.25621311511316       -128.17577241001385     
   67.256387159298598       -359.85740295209121       -304.16914732902819     
   23.899417654241034       -403.21437245714878       -118.03444680362271     
   102.15187480504406       -324.96191530634576        105.58831860664569     
   47.451626119882853       -379.66216399150699       -346.61907958358881     
   59.170558415163242       -391.38109628678740       -363.95572389414906     
   95.556428568950736       -354.99522613299990       -216.85592228428851     
   26.172461498755595       -424.37919320319503        63.823499704533717     
   112.53696473524208       -338.01468996670854        3.3062292774143742     
   150.12405084574976       -375.60177607721624       -86.777144658587360     
   65.916802728579398       -459.80902419438661        239.26988206230010     
   23.202427310696670       -417.09464877650390        11.889262256695048     
   4.0192122950515987       -397.91143376085881       -59.550022782055450     
   79.692903406139848       -322.23774264977055        99.166675931534840     
   12.269497102500907       -389.66114895340951       -165.62991387484411     
  -4.0659992667141118       -373.32565258419447       -220.52567296152810     
  -23.992428840354350       -353.39922301055424       -280.15062879821551     
   4.4278943923268770       -324.97889977787304       -213.49837435982369     
  -47.835437984111238       -377.24223215431118       -52.609778838363418     
   19.477724600103997       -309.92906957009598       -35.931188747798217     
   35.034387562860715       -325.48573253285269       -88.389725848385382     
   58.278368735797216       -348.72971370578921       -224.16829418999498     
   2.6926650439462350       -404.31541739764020        5.9499107356196141     
  -21.933578669140140       -379.68917368455385       -122.60274688606070     
  -51.169132031339956       -350.45362032235403       -206.76923847745809     
  -3.5431685915366913       -302.82765688255074       -86.400448775984202     
  -68.045445136209509       -367.32993342722358       -19.984042217285754     
  0.72401726748938700       -298.56047102352466       -35.295543065647898     
  -65.499688893734145       -364.78417718474816       -51.687294431370020     
  -66.575417673198459       -363.70844840528383       -51.776387096860041     
  0.77751978415901135       -296.35551094792635       -17.535456477841638     
   21.839164887309533       -317.41715605107686       -84.072243798542075     
   38.426600401979968       -334.00459156574732       -147.31461079344024     
  -25.716488886810779       -398.14768085453807        61.219580747165566     
  -60.702283865849772       -363.16188587549908       -90.014174507550592     
  -63.502475195959157       -360.36169454538970       -90.564787542136528     
  -62.923436046486245       -360.94073369486262       -90.591517743409355     
   1.4875252569045614       -296.52977239147179       -16.004135908206990     
  -64.019727669896824       -362.03702531827321       -77.513606679218455     
   1.3551056727761335       -296.66219197560025       -17.598671315336823     
  -64.091021338163145       -362.10831898653953       -76.656045125401334     
  -64.306438383137987       -361.89290194156467       -76.659713687029551     
  -64.276544655050145       -361.92279566965254       -76.659785148573178     
  -64.280485812307205       -361.91885451239551       -76.659786393635017     
  0.94975124694605029       -296.68861745314223       -19.473743721177460     
   21.744604618040530       -317.48347082423669       -85.071669931821859     
   38.184976653429572       -333.92384285962572       -147.48418016518480     
   64.146414881406912       -359.88528108760306       -305.81751337407758     
   24.639522445541118       -399.39217352346884       -153.23254982245146     
   96.504842743816880       -327.52685322519307        74.504806728531435     
   141.81292894925946       -372.83493943063564       -134.04855964350671     
   138.69369626007898       -369.71570674145516       -134.93998302173998     
   59.941194583185606       -448.46820841834852        136.13144240911416     
   141.57589127722559       -366.83351172430855       -92.596853006514195     
   62.096482345171864       -446.31292065636228        103.06464613521405     
   145.77829005728915       -362.63111294424499       -31.032365108203450     
   142.89268806359897       -359.74551095055483       -31.768363543852978     
   143.09709103465246       -359.94991392160830       -31.771727379686368     
   143.07012518501944       -359.92294807197527       -31.771786358186510     
   143.07356909256740       -359.92639197952326       -31.771787317957504     
   143.07312741040309       -359.92595029735895       -31.771787333918908     
   67.261597034414905       -435.73748067334714       -42.060096307078283     
   153.44785686968598       -349.55122083807606        99.068648111979300     
   97.063168856280811       -405.93590885148126       -396.17698493762987     
   76.627686910537250       -385.50042690573770       -414.67231562789704     
   87.017026996040798       -395.88976699124123       -420.23023784533962     
   102.21242517925910       -380.69436880802294       -389.42955652281216     
   112.19148498667754       -390.67342861544137       -393.17152475328959     
   84.690882182114549       -418.17403142000433       -294.19471034435236     
   146.28380192265485       -356.58111167946402        13.344407782232608     
   143.80843173998559       -354.10574149679474        12.837853233513670     
   144.13917196530909       -354.43648172211823        12.829431900958582     
   144.08102653823693       -354.37833629504604        12.829168856151895     
   144.09091125653777       -354.38822101334688        12.829161255988225     
   74.848727927670240       -423.63040434221443       -208.33488011332730     
   42.134270865829301       -390.91594728037347       -295.59559422693223     
   41.821363048023407       -390.60303946256755       -295.61022309065311     
   89.739236547179104       -342.68516596341186       -101.37659022459698     
   18.958749099627596       -413.46565341096334        2.9420732792458963     
  0.36286832345953002       -394.86977263479525       -70.117691860634210     
   71.093051572193019       -324.13958938606174        58.764788634996037     
   112.43993086815763       -365.48646868202638       -255.01706573426731     
   133.44362721514037       -386.49016502900912       -277.61004780965811     
   125.81687490447399       -378.86341271834272       -282.52607468365466     
   127.06128479513697       -380.10782260900567       -282.62640703644115     
   65.244533973952571       -441.92457343019004        39.000556984530391     
   26.183371118400942       -402.86341057463841       -133.94852461360762     
   12.748009637494761       -389.42804909373223       -169.44141690795090     
  -2.5344610372697840       -374.14557841896766       -219.40172073369524     
  -21.246429671425695       -355.43360978481172       -277.50172140446568     
   7.0368188129099245       -327.15036130047611       -216.96246936573129     
   18.937720191998586       -339.05126267956479       -242.82273505816207     
   31.025965166265195       -351.13950765383140       -275.45617647258928     
   47.759354466685473       -367.87289695425170       -336.93163020725962     
   68.258915322950841       -388.37245781051706       -397.93855648113663     
   75.408342333667719       -395.52188482123393       -401.57201340059441     
   102.51467842661454       -368.41554872828709       -315.03972859160143     
   46.612824351174403       -424.31740280372725       -58.915233220440342     
   23.620990460408446       -401.32556891296127       -132.12922090260582     
   9.9197542180530398       -387.62433267060590       -170.47510554408260     
  -6.4222709541122747       -371.28230749844056       -227.17679250178347     
  -25.463748058698993       -352.24083039385386       -281.41959828151914     
  -33.071297547448381       -344.63328090510447       -286.00615886373760     
  -31.562794059095921       -346.14178439345693       -286.16637837056953     
  -9.5594909839726299       -324.13848131833362       -250.52905471992361     
   4.4774731996455550       -338.17544550195180       -275.32409357465019     
   10.386947906766208       -344.08492020907244       -281.46783258076448     
   15.629293424310923       -349.32726572661716       -286.94331181626575     
  -2.1114675148203581       -367.06802666574845       -258.29924221829845     
   31.135993771877022       -333.82056537905106       -171.46519852668337     
  -26.298859650177850       -391.25541880110592       -3.2548384490294247     
   40.754648546574074       -324.20191060435400       -51.925900967374041     
  -29.636913512990461       -394.59347266391853        39.588181741495397     
  -62.993776665033366       -361.23660951187560       -88.418433802060960     
  -63.218898138486622       -361.01148803842233       -88.422763991007201     
  -63.194891782488845       -361.03549439442008       -88.422813802645450     
  -1.4127178356774053       -299.25332044760864       -49.492620961265743     
  -63.826035976984976       -361.66663858891621       -80.900018064955248     
  -63.900856693338412       -361.59181787256279       -80.900506137347293     
  -63.893971019073248       -361.59870354682795       -80.900510290089116     
  -63.894591133361907       -361.59808343253928       -80.900510323116976     
  -1.7097846557660503       -299.41327695494340       -51.952662268872189     
  -63.863701238991453       -361.56719353816879       -81.270265891770606     
  -63.860396152698044       -361.57049862446218       -81.270266852123498     
  -63.860685791974554       -361.57020898518567       -81.270266859496729     
  -1.8363755717761734       -299.54589876498727       -53.516275128262343     
  -63.818565689038273       -361.52808888224939       -81.774189441223626     
  -63.814070826940934       -361.53258374434671       -81.774191220301361     
  -1.9261784073466757       -299.64469132475244       -54.662707811131220     
   19.191256854204063       -320.76212658630317       -123.04131464326775     
   34.441292357783077       -336.01216208988217       -176.66587467609207     
   56.681275014892265       -358.25214474699135       -297.54202976920698     
   87.996500350656532       -389.56737008275559       -425.82485739351353     
   87.748749342556764       -389.81512109085537       -425.81694184722835     
   90.440094069198125       -392.50646581749675       -426.15435950020787     
   93.766935866581093       -389.17962402011381       -424.71289094477095     
   85.990180639853307       -396.95637924684161       -416.88705163948634     
   80.059628109302665       -391.02582671629096       -418.67432772433335     
   82.806777540538874       -393.77297614752717       -419.09013159626147     
   97.581616673105174       -378.99813701496089       -391.99747148251811     
   110.85241495764880       -392.26893529950451       -399.87109440804318     
   103.93094329115890       -385.34746363301457       -402.32319168441370     
   76.489122756191094       -412.78928416798237       -312.39107252040276     
   134.05512246493498       -355.22328445923847       -55.454536915055954     
   143.67347884202604       -364.84164083632953       -62.474901181352237     
   142.06093056686561       -363.22909256116907       -62.726554869603540     
   142.09277431104960       -363.26093630535303       -62.726648377791790     
   142.09103261692104       -363.25919461122447       -62.726648657379549     
   67.695997871018548       -437.65422935712695       -21.686016825213208     
   30.353351280245299       -400.31158276635369       -177.62141129350786     
   19.932693335543092       -389.89092482165148       -198.48174177621331     
   9.3092259562914528       -379.26745744239986       -223.01234819968914     
  -3.8099740074080195       -366.14825747870037       -259.52119682653989     
  -18.312902172829638       -351.64532931327875       -293.34057636586374     
  -25.795573389354807       -344.16265809675360       -299.01946799192422     
  -25.711461863889770       -344.24676962221866       -299.02006890695719     
  -13.109443020168868       -331.64475077849778       -287.26957019803206     
  -4.2527032566299763       -340.50149054203666       -296.54063545765422     
  -19.765003421660658       -356.01379070706736       -277.70456769008382     
  -30.870021328096449       -344.90877280063160       -289.95148863522735     
  -30.276861959139115       -345.50193216958894       -289.97900325452690     
  -11.189109731470246       -326.41417994192005       -264.67541421085571     
  -43.399686210147806       -358.62475642059763       -200.92825789781827     
   4.5603796653453941       -310.66469054510446       -114.08743622317608     
  -56.503690312322782       -371.72876052277263       -55.119226064895713     
  -67.498509891570080       -360.73394094352534       -63.903279795733894     
  -5.8341876647221298       -299.06961871667738       -64.791274382057026     
   16.768101130875042       -321.67190751227457       -141.02326355090023     
  -43.507526080822544       -381.94753472397218       -30.193364825556785     
   19.035310360908248       -319.40469828224138       -113.36051425014725     
  -44.161210610017612       -382.60121925316724       -22.114332628622996     
  -69.136464550327759       -357.62596531285709       -71.337169851882351     
  -65.130372843738442       -361.63205701944639       -73.235549219913935     
  -64.566441888322231       -362.19598797486259       -73.266143776014374     
  -3.5694818427741453       -301.19902792931452       -73.500330813273578     
  -63.260321287599247       -360.88986737413961       -88.897137800610338     
  -3.4503256962484770       -301.07987178278881       -72.090744550888942     
   17.658761186419348       -322.18895866545665       -140.80827210924636     
   32.111221576888596       -336.64141905592589       -188.82383187071829     
   52.218530944198832       -356.74872842323612       -289.75616744479629     
   19.130613394512991       -389.83664597292193       -195.17949531142511     
   75.947122380545821       -333.02013698688910       -25.164255840518415     
   8.1614540486002909       -400.80580531883464       -53.816624693189802     
   78.851840089178381       -330.11541927825658        13.736375569929722     
   122.42522045679337       -373.68879964587154       -268.25051869019256     
   129.54377038861989       -380.80734957769806       -271.75021110289225     
   69.700836811229976       -440.65028315508795        5.0539076892347801     
   31.014714464213391       -401.96416080807137       -168.60364235344815     
   98.544592436392065       -334.43428283589270        7.7099160282288608     
   140.80014745112578       -376.68983785062642       -168.37806217434650     
   69.334401239407640       -448.15558406234459        95.860822500280037     
   28.969603915608957       -407.79078673854588       -108.41350625522281     
   15.103519139414649       -393.92470196235155       -146.49370414157528     
   78.208148583887578       -330.82007251787860        4.5034296391405011     
   121.62734634778150       -374.23927028177252       -276.33807939679099     
   60.956304809299347       -434.91031182025466       -22.089769615654273     
   141.57670202977462       -354.28991459977937       -2.6331369938064739     
   144.02725560329623       -356.74046817330100       -3.1601660539876804     
   76.576415629552272       -424.19130814704494       -209.44463351202947     
   44.928713196389090       -392.54360571388173       -300.74697849803056     
   44.288329725157361       -391.90322224264997       -300.80930156920516     
   89.752571589498828       -346.43898037830849       -142.31162863386703     
   131.92127277124473       -388.60768156005440       -296.58247343902133     
   81.111490314532688       -439.41746401676642       -54.412178910333125     
   38.741126709580222       -397.04710041181397       -245.57629002017435     
   33.088137155057382       -391.39411085729114       -251.07897667483059     
   28.848846172734493       -387.15481987496827       -254.54029804974076     
   75.869934688141029       -340.13373135956175       -104.05479577558157     
   119.24923820911835       -383.51303488053907       -341.61725059235721     
   73.364009247034573       -429.39826384262284       -140.83170251612938     
   149.08805834481271       -353.67421474484468        50.134029433156044     
   144.30563715072429       -348.89179355075629        47.917607128238245     
   87.610018007173124       -405.58741269430743       -387.61457854933707     
   120.51018824545365       -372.68724245602692       -271.54204292877660     
   129.39448235556071       -381.57153656613400       -277.01416771960834     
   127.00883178493537       -379.18588599550867       -277.50469708872561     
   127.39717181765457       -379.57422602822788       -277.51684425769247     
   68.800843995774727       -438.17055385010775       -20.445722334693087     
   148.22342407806968       -358.74797376781282        13.153068975899927     
   80.493489706976575       -426.47790813890595       -200.32531527784317     
   150.26254319990483       -356.70885464597768        40.534495905888278     
   85.565983802803132       -421.40541404307936       -267.60942272580400     
   146.20075524191247       -360.77064260397003       -15.076356504317673     
   76.359779074966795       -430.61161877091570       -139.54744566364178     
   40.654036055115029       -394.90587575106395       -268.12412290595762     
   37.052354375162416       -391.30419407111134       -270.30843979688734     
   34.593998945580388       -388.84583864152933       -271.40788854927689     
   80.545295913822955       -342.89454167328677       -124.10535031548613     
   123.71295463765543       -386.06220039711923       -331.13027097446525     
   119.59524983674324       -381.94449559620705       -332.44731037455540     
   71.454824187713228       -430.08492124523707       -125.05711190322734     
   147.45005526862445       -354.08969016432582        36.782730930480227     
   85.370662533519408       -416.16908289943086       -312.90620510131089     
   58.700929005694064       -389.49934937160549       -367.39954638491702     
   87.585533515059950       -360.61474486223960       -287.38698183882718     
   36.074428825583297       -412.12584955171627       -112.77131232124533     
   109.78896317149038       -338.41131520580916       -7.4141351142170464     
   144.88444018372866       -373.50679221804745       -114.87816051992489     
   140.36379025446880       -368.98614228878762       -117.33156112392126     
   68.425079007252606       -440.92485353600381        13.667566551340009     
   146.89964644739581       -362.45028609586063       -21.343345493173125     
   143.47159614057668       -359.02223578904153       -22.631761182429258     
   75.287999912923112       -427.20583201669513       -172.69281993569416     
   147.45553402046016       -355.03829790915808        31.068119880657022     
   144.24340600589653       -351.82616989459444        30.033984884041899     
   144.37777435616007       -351.96053824485796        30.032310938070836     
   84.233188998726348       -412.10512360229171       -340.90416759065567     
   62.073377712744637       -389.94531231630998       -377.59066828932168     
   66.803627160934596       -394.67556176449995       -379.89025891876139     
   66.670813324457356       -394.54274792802272       -379.89187447698737     
   98.059975282361663       -363.15358597011840       -285.61025275451755     
   126.30330416601666       -391.39691485377341       -337.62510526184587     
   87.046918122702692       -430.65330089708738       -177.20415135683058     
   48.549729370188679       -392.15611214457334       -318.65284165168703     
   90.280405173263745       -350.42543634149831       -183.42181991171788     
   28.402714597054477       -412.30312691770757       -64.556364309143362     
   13.311468950308031       -397.21188127096110       -111.12688404354478     
   78.177272982259367       -332.34607723900979       -12.425225959818984     
   120.56554494265443       -374.73434919940485       -285.28171241472762     
   127.53614737447977       -381.70495163123019       -288.85967579757926     
   72.614216737302272       -436.62688226840771       -54.805676356133162     
   35.710784007667030       -399.72344953877246       -211.45480074976101     
   27.759769970172378       -391.77243550127781       -223.25455307896419     
   81.221937168520526       -338.31026830292967       -71.911448827997390     
   124.27116971288569       -381.35950084729484       -305.43997745086125     
   124.02357425130145       -381.11190538571060       -305.44493883402708     
   124.07798048371136       -381.16631161812052       -305.44517714231199     
   71.647226569737981       -433.59706553209389       -86.048246451918573     
   36.728280349112609       -398.67811931146855       -224.23640109286575     
   95.434812043620212       -339.97158761696096       -58.356518775894081     
   31.798039206378050       -403.60836045420314       -160.05421655380539     
   98.099000313646840       -337.30739934693435       -23.562413648504219     
   138.69910981464665       -377.90750884793414       -192.05189261426275     
   135.14954279767437       -374.35794183096186       -193.46319875165435     
   68.302991287827936       -441.20449334080831        17.492302144004146     
   31.678328816604221       -404.57983086958461       -151.49595040131214     
   98.808461579419770       -337.44969810676906       -23.496850868551746     
   37.132839248455724       -399.12532043773308       -223.34679696162539     
   95.993820885136898       -340.26433880105191       -60.227638673506824     
   136.76419252171658       -381.03471043763159       -225.62425812131534     
   74.281801360571080       -443.51710159877706        21.136228590450088     
   150.92099828761582       -366.87790467173232       -19.941570012155463     
   144.49072008888675       -360.44762647300325       -25.311581322201086     
   76.672655129375627       -428.26569143251436       -166.74364385947257     
   147.66113347570507       -357.27721308618493        18.522395273279983     
   144.19724948450045       -353.81332909498030        17.228319024408563     
   82.796176055187729       -415.21440252429301       -313.40906663228378     
   135.06575620775274       -362.94482237172798       -109.25138324765624     
   66.374550064554143       -431.63602851492658       -84.834489963880401     
   142.23120506428856       -355.77937351519216       -8.6060957282821420     
   78.213907055141192       -419.79667152433956       -258.59309816134373     
   139.82564043694384       -358.18493814253691       -41.545191354027210     
   142.89399119269285       -361.25328889828592       -42.472340803060568     
   142.76210425034330       -361.12140195593634       -42.474187938225398     
   142.76062793026873       -361.11992563586176       -42.474188169066160     
   74.719612229907838       -429.16094133622266       -149.07656017070235     
   146.72693040587473       -357.15362316025579        12.735683311835132     
   144.08923366359321       -354.51592641797430        11.987859364644947     
   82.182442973771160       -416.42271710779636       -301.68000750134587     
   136.38119009354799       -362.22396998801952       -94.916444933472633     
   68.099182876265274       -430.50597720530220       -105.43580082553183     
   142.72565437856434       -355.87950570300313       -6.0399999940504188     
   143.74748030156718       -356.90133162600597       -6.1454402755287276     
   143.71098147268751       -356.86483279712627       -6.1455782345548471     
   79.428346825165860       -421.14746744464793       -250.18104793322703     
   50.888080984284301       -392.60720160376638       -326.87135951250895     
   90.706457944968236       -352.78882464308242       -206.73416845451885     
   31.714689778013145       -411.78059281003749       -89.446304401546911     
   17.547689786525595       -397.61359281854993       -129.54285024663588     
   3.8847026542975449       -383.95060568632186       -173.59385710468726     
  -13.117510786942482       -366.94839224508183       -237.77211644890588     
  -30.090708403513613       -349.97519462851068       -279.41939283643921     
  -34.136112678517193       -345.92979035350709       -280.94638357624297     
  -12.390625718106726       -324.18430339309663       -256.83333079336512     
  -44.254641950233932       -356.04831962522383       -211.03410192337574     
  -1.8589249950186186       -313.65260267000849       -162.36325169781696     
   14.223033286424137       -329.73456095145127       -206.19590285619711     
  -31.859496926946459       -375.81709116482187       -123.38967968932519     
  -54.879883086042334       -352.79670500572598       -178.59177588634381     
  -53.025478657180379       -354.65110943458791       -178.93361179644305     
  -6.6928741630416937       -308.31850494044920       -140.58292966200096     
  -58.349429544115040       -359.97506032152256       -122.36509530303260     
  -5.1282148610862706       -306.75384563849377       -123.11398923951261     
  -58.415054111942155       -360.04068488934968       -121.62178212758312     
  -59.967487469144650       -358.48825153214716       -121.85871919478129     
  -7.0458618803845638       -305.56662594338707       -120.74267605615823     
  -59.760479278495282       -358.28124334149777       -124.18682930012466     
  -7.1176963429308984       -305.63846040593342       -121.54899075660731     
  -59.715021236053410       -358.23578529905592       -124.69670289436607     
  -59.565683372149174       -358.38512316296016       -124.69901590763581     
  -59.570022274867213       -358.38078426024214       -124.69901785435697     
  -59.569889131750259       -358.38091740335909       -124.69901785631495     
  -7.0683710662842998       -305.87939933789312       -123.24449966494151     
  -59.466682991715679       -358.27771126332448       -125.85541429675577     
  -59.445885221245142       -358.29850903379503       -125.85545909616594     
  -7.1273807152990329       -305.98000452784891       -124.22658092027129     
  -59.377705273537430       -358.23032908608729       -126.61804899231657     
  -7.1834782245225099       -306.03610203707240       -124.85362181152070     
   12.766985523044681       -325.98656578463959       -188.14544329405203     
  -36.242545535312928       -374.99609684299719       -115.19595694736574     
   17.871052049273551       -320.88249925841069       -130.09583562162666     
   31.370668246361561       -334.38211545549871       -174.81217286475851     
   49.678442407863571       -352.68988961700074       -265.34173307906741     
   76.556683010446761       -379.56813021958396       -405.14708174406746     
   68.141822628259575       -387.98299060177112       -398.06769726634155     
   74.857123446298971       -394.69829141981052       -402.45592139967067     
   97.758358964755715       -371.79705590135376       -351.84745657213000     
   56.485447952956953       -413.06996691315254       -221.58326918451496     
   120.88987049250187       -348.66554437360764       -66.754019760442304     
   143.18038506401203       -370.95605894511777       -110.19769108427759     
   140.42307057504459       -368.19874445615034       -111.13833888026207     
   72.122038003560192       -436.49977702763476       -54.248267561986779     
   146.12779797443619       -362.49401705675876       -27.458936324305988     
   143.41541890396789       -359.78163798629049       -28.337548777898832     
   78.119246668565580       -425.07781022169280       -206.22236602836523     
   47.607465775138060       -394.56602932826530       -303.32710851370030     
   46.133866799688050       -393.09243035281531       -303.66940776846661     
   89.116488214712035       -350.10980893779134       -182.80889267441336     
   30.271821511319999       -408.95447564118336       -105.99405010475692     
   98.692729782431556       -340.53356737007181       -56.684096352061225     
   137.02531377104467       -378.86615135868493       -210.29750130591310     
   74.771143254953600       -441.12032187477598       -9.8203899936463692     
   148.69451741242185       -367.19694771730775       -40.119234399351797     
   79.683489964558177       -436.20797516517143       -87.688390687756481     
   42.196142163713347       -398.72062736432662       -252.91083330077842     
   95.807095893559179       -345.10967363448077       -113.21258400949628     
   34.409205785959756       -406.50756374208021       -151.55381200891117     
   99.832861041551936       -341.08390848648804       -59.768192586704487     
   39.288009955760650       -401.62875957227931       -217.45468967254646     
   31.444765698620465       -393.78551531513909       -228.80521080819761     
   25.589021990548876       -387.92977160706749       -236.07901895008948     
   19.839445370869264       -382.18019498738789       -243.67129378456227     
   13.331928805051220       -375.67267842156986       -253.82965883399547     
   47.109520421024229       -341.89508680559686       -187.68091803717081     
  -2.1884640353723697       -391.19307126199345       -91.789763696772297     
  -23.590123971354409       -369.79141132601143       -194.46020136065130     
   20.926466808912295       -325.27482054574472       -149.02896031488382     
   34.687676637032943       -339.03603037386534       -198.18522896753402     
  -11.277279943669114       -385.00098695456740       -111.64871173140443     
  -35.003683676656109       -361.27458322158043       -215.89573133077943     
  -46.905377268824459       -349.37288962941210       -229.43520019740527     
  -11.302300481783604       -313.76981284237127       -193.92421284076951     
   6.7663649029972888       -331.83847822715217       -243.04947105704827     
   15.277944958604591       -340.35005828275945       -258.23760938037577     
  -15.207358408851258       -370.83536165021530       -209.02985461054001     
   26.435185117787832       -329.19281812357622       -154.83145013495923     
  -26.248468998871616       -381.87647224023567       -89.974744268922649     
   28.822165737189437       -326.80583750417463       -126.41005170045287     
  -27.165986145346650       -382.79398938671073       -78.849846807901741     
  -53.075415344364956       -356.88456018769244       -167.22636136839353     
  -6.2066685275075386       -310.01581337083502       -151.57221206581579     
  -55.567171300374994       -359.37631614370247       -140.74416091827214     
  -5.6038503462354115       -309.41299518956288       -144.99842967243697     
   12.351560706502845       -327.36840624230115       -198.60902971677763     
  -33.690556984044441       -373.41052393284843       -136.62530030482310     
  -54.236427652808189       -352.86465326408467       -181.50654035982811     
  -52.709201157700662       -354.39187975919219       -181.75272481131293     
  -52.785114466198117       -354.31596645069476       -181.75330920011245     
  -8.4730151598400028       -310.00386714433665       -159.02839655996445     
   10.136917652149219       -328.61379995632586       -214.40149826259491     
   20.395026601271915       -338.87190890544855       -237.90917242013728     
   31.583953853924285       -350.06083615810093       -270.05605361705466     
   5.1879391416788785       -376.45685087034633       -226.65603275683813     
   44.132768551596115       -337.51202146042908       -158.54303051317345     
  -8.1227636050217242       -389.76755361704693       -81.167468419429440     
  -31.531175859318065       -366.35914136275056       -195.05094266485327     
  -47.819378144800240       -350.07093907726841       -223.00564211262579     
  -46.473183937226793       -351.41713328484184       -223.18635621757977     
  -9.2787868134777369       -314.22273616109277       -191.19016428069804     
   7.8230576280256585       -331.32458060259614       -237.16546950755352     
   16.647975852466665       -340.14949882703718       -253.99066506386163     
   25.555164827526866       -349.05668780209737       -273.65875070973061     
   2.0367551221579561       -372.57509750746630       -239.76291438435680     
  -11.032854683245214       -359.50548770206314       -276.68952833368769     
  -22.346942909162205       -348.19139947614616       -296.67935901737781     
  -26.046076379082962       -344.49226600622541       -298.28265062806349     
  -14.235217193378681       -332.68140682052115       -291.57419863501275     
  -6.9817435099542022       -339.93488050394564       -298.88951496535532     
  -19.233272023613761       -352.18640901760517       -290.86977878827076     
  -1.4584441537291362       -334.41158114772054       -275.58910301463709     
   4.4843469441365702       -340.35437224558626       -282.00700129751721     
  -16.895067952673443       -361.73378714239630       -257.92001969078177     
   13.152593514485460       -331.68612567523741       -221.46821191746915     
  -27.665708555981794       -372.50442774570467       -162.89316265148702     
  -48.207666197811662       -351.96247010387481       -213.60271266336201     
  -9.5378674095466423       -313.29267131560977       -185.63885171450261     
  -53.659581014427488       -357.41438492049059       -161.46860576755489     
  -6.8007117593751900       -310.55551566543829       -157.55803662315299     
  -54.687415502152234       -358.44221940821535       -150.59238607237268     
  -56.742271082552328       -356.38736382781525       -151.02991656454856     
  -9.1678665670316519       -308.81295931229459       -152.48147913209004     
  -56.667045861444095       -356.31213860670704       -151.82720015632287     
  -56.529920963212057       -356.44926350493910       -151.82926086235392     
  -56.532516987546721       -356.44666748060445       -151.82926159892611     
  -56.532463097680626       -356.44672137047053       -151.82926159925813     
