 k   gradient vector, at each step of the optimization (k):

           1   5.5041495735037191        5.5041495735037191     
           2   1.7069852643855346       -1.7069852643855346     
           3  -6.4142029511536336       -6.4142029511536336     
           4   3.8878469128978659        3.8878469128978659     
           5  0.92602646003641831      -0.92602646003641831     
           6   5.2645613414422643        5.2645613414422643     
           7   3.0384474610592549       -3.0384474610592549     
           8  -3.6045821225363310        3.6045821225363310     
           9   3.2419987933920571       -3.2419987933920571     
          10  -2.9797159083055997        2.9797159083055997     
          11   4.2690756275605164        4.2690756275605164     
          12   2.2647356074582023        2.2647356074582023     
          13   9.6047566953344923       -9.6047566953344923     
          14  -8.2419649401366701       -8.2419649401366701     
          15   3.9727600204852047        3.9727600204852047     
          16   9.4100835010184163       -9.4100835010184163     
          17  -1.8449468449217641       -1.8449468449217641     
          18   12.341528292457161        12.341528292457161     
          19  -16.377150644050690        16.377150644050690     
          20   2.7043204884975620        2.7043204884975620     
          21  0.36767035701714745       0.36767035701714745     
          22  -9.5438186029035652        9.5438186029035652     
          23   37.765380904854240       -37.765380904854240     
          24   4.9128582045203872       -4.9128582045203872     
          25  0.77609396346512027       0.77609396346512027     
          26   18.094938337423372        18.094938337423372     
          27  -1.5474804002421592       -1.5474804002421592     
          28 -0.26242615908442274      -0.26242615908442274     
          29  -13.261616796022029        13.261616796022029     
          30   5.3410768128145249E-002   5.3410768128145249E-002
          31   8.9618563695106818E-002   8.9618563695106818E-002
          32  0.14959619024901211       0.14959619024901211     
          33  0.24738866443110225       0.24738866443110225     
          34  0.40184222618682880       0.40184222618682880     
          35  -5.1401747437980152        5.1401747437980152     
          36   3.3307618174509059        3.3307618174509059     
          37  0.85292417069409032       0.85292417069409032     
          38 -0.19282037541128472      -0.19282037541128472     
          39   4.9234360964789607E-002   4.9234360964789607E-002
          40  -21.827754492701150        21.827754492701150     
          41  -7.8369977191843452       -7.8369977191843452     
          42 -0.91917882917574834      -0.91917882917574834     
          43   1.2434480083839925        1.2434480083839925     
          44  -1.6896587321590613       -1.6896587321590613     
          45  -31.977388176426881        31.977388176426881     
          46  -8.0586408127465567       -8.0586408127465567     
          47 -0.75648449567202192       0.75648449567202192     
          48 -0.20538236660697384       0.20538236660697384     
          49  -8.6183718856382825       -8.6183718856382825     
          50   11.658876794011231        11.658876794011231     
          51  -15.382341773332090       -15.382341773332090     
          52  -2.3491719504364563        2.3491719504364563     
          53  0.39643070446272555       0.39643070446272555     
          54   2.4031010243723223        2.4031010243723223     
          55   11.747047508257150        11.747047508257150     
          56   4.6853535631944512       -4.6853535631944512     
          57   2.0817385847789445       -2.0817385847789445     
          58  -8.9667040282459265       -8.9667040282459265     
          59   12.830153417741444        12.830153417741444     
          60   6.0494107881152397       -6.0494107881152397     
          61  0.92322864344902722      -0.92322864344902722     
          62  -11.581903291427965       -11.581903291427965     
          63   8.8599540921234752        8.8599540921234752     
          64  -1.8699218349729558        1.8699218349729558     
          65  -6.3776699061681956       -6.3776699061681956     
          66   12.484105225108642        12.484105225108642     
          67  -10.010767706124147       -10.010767706124147     
          68   7.0136509562849545        7.0136509562849545     
          69  -12.210459503526971       -12.210459503526971     
          70   10.916431735118699        10.916431735118699     
          71  -10.705651870564720       -10.705651870564720     
          72  -1.5009729624792438        1.5009729624792438     
          73  -2.3607204186764963        2.3607204186764963     
          74   13.761629075780034        13.761629075780034     
          75  -10.439225914762032       -10.439225914762032     
          76   8.6253969657059422        8.6253969657059422     
          77  -12.825975863871770       -12.825975863871770     
          78  -5.0628146792547222        5.0628146792547222     
          79   13.102558370334036        13.102558370334036     
          80   3.4381053933720964       -3.4381053933720964     
          81   5.9529777877392265       -5.9529777877392265     
          82   1.8630648709134898       -1.8630648709134898     
          83  -12.172804018871066       -12.172804018871066     
          84  -2.1132074966066545        2.1132074966066545     
          85   11.370126986984442        11.370126986984442     
          86   2.1661632075959640       -2.1661632075959640     
          87  -10.992913056801489       -10.992913056801489     
          88   9.4731955532791350        9.4731955532791350     
          89  -7.4989433402898733       -7.4989433402898733     
          90   11.568295501980623        11.568295501980623     
          91  -12.804644726234503       -12.804644726234503     
          92   10.785122453359994        10.785122453359994     
          93 -0.86000074459991327       0.86000074459991327     
          94  -11.923141210649623       -11.923141210649623     
          95   9.8228531318927477        9.8228531318927477     
          96  -7.8524224405871923       -7.8524224405871923     
          97   12.097151681374395        12.097151681374395     
          98 -0.19769220577783242       0.19769220577783242     
          99  -12.312102831560013       -12.312102831560013     
         100  -3.5254747464690408        3.5254747464690408     
         101   13.056454781233285        13.056454781233285     
         102  -9.2613463788727444       -9.2613463788727444     
         103   2.7592126402941335        2.7592126402941335     
         104  -6.6871690292501551       -6.6871690292501551     
         105   13.185283652929506        13.185283652929506     
         106  -9.3179692874969806       -9.3179692874969806     
         107 -0.32441781152581689       0.32441781152581689     
         108 -0.24691679153943261       0.24691679153943261     
         109   2.2411011401567840        2.2411011401567840     
         110   2.7130656738756067       -2.7130656738756067     
         111  -2.6545561021191033       -2.6545561021191033     
         112  -2.1381976995113630        2.1381976995113630     
         113 -0.80621315251119308       0.80621315251119308     
         114   3.4289642668295204        3.4289642668295204     
         115  -8.0853078194052586       -8.0853078194052586     
         116   13.789665245618126        13.789665245618126     
         117  -10.277125866679103       -10.277125866679103     
         118   7.3224486970776939        7.3224486970776939     
         119   5.9435439667520980       -5.9435439667520980     
         120  -1.4303293370754533        1.4303293370754533     
         121   5.4638894156567919E-002  -5.4638894156567919E-002
         122  -2.3534485798821898E-002   2.3534485798821898E-002
         123   9.9644989174241892E-003  -9.9644989174241892E-003
         124  -10.864117661344368       -10.864117661344368     
         125  -2.5020738455548841        2.5020738455548841     
         126   13.124856058425545        13.124856058425545     
         127  -11.949865984273702       -11.949865984273702     
         128   13.171795835438031        13.171795835438031     
         129  -10.432041885913407       -10.432041885913407     
         130  -1.9737457345164811        1.9737457345164811     
         131  -1.6271569632856828        1.6271569632856828     
         132  -2.1619602868489625        2.1619602868489625     
         133  0.67980141482077294       0.67980141482077294     
         134  -1.8729912780987212       -1.8729912780987212     
         135   5.0741981735912356        5.0741981735912356     
         136   2.7791160521715828       -2.7791160521715828     
         137   3.4691577948399814       -3.4691577948399814     
         138   1.1566073122910150       -1.1566073122910150     
         139  -3.4873082622619598       -3.4873082622619598     
         140   7.7904003992374262        7.7904003992374262     
         141   1.5832651744772066       -1.5832651744772066     
         142 -0.58579285989691410       0.58579285989691410     
         143   8.7965894838252304E-002  -8.7965894838252304E-002
         144  -12.283586720291405       -12.283586720291405     
         145   10.590091516607519        10.590091516607519     
         146 -0.44633059034078998       0.44633059034078998     
         147  -10.009490228413071       -10.009490228413071     
         148  -2.8984163651150530        2.8984163651150530     
         149  -2.9702594577346493        2.9702594577346493     
         150  -5.6653150673588897        5.6653150673588897     
         151  -6.2418044326300741        6.2418044326300741     
         152   3.9929880028978229       -3.9929880028978229     
         153  -2.7563702815345672        2.7563702815345672     
         154   2.9728706557927636        2.9728706557927636     
         155  -8.6952009677195861       -8.6952009677195861     
         156   14.108184048679142        14.108184048679142     
         157   7.1266460128611362       -7.1266460128611362     
         158   3.3257308510756212       -3.3257308510756212     
         159  -11.300809917394723       -11.300809917394723     
         160  -5.9026596629960837        5.9026596629960837     
         161   13.323289904421049        13.323289904421049     
         162   3.5647270203468620       -3.5647270203468620     
         163  -14.260633161134450       -14.260633161134450     
         164  -8.2114027136472227        8.2114027136472227     
         165  -3.2995365579619136E-002   3.2995365579619136E-002
         166   14.164720973580067        14.164720973580067     
         167   5.7360493510256489       -5.7360493510256489     
         168   3.6741367560285583       -3.6741367560285583     
         169   5.4308866574660710       -5.4308866574660710     
         170   3.3720221284831160       -3.3720221284831160     
         171  -1.3511456821489796        1.3511456821489796     
         172  0.24557954698650269      -0.24557954698650269     
         173 -0.10548687834614076       0.10548687834614076     
         174  -10.295401117331517       -10.295401117331517     
         175  -3.0483115629543880        3.0483115629543880     
         176   13.506290538142910        13.506290538142910     
         177   4.6654443850818259       -4.6654443850818259     
         178  -1.1634507803814760        1.1634507803814760     
         179 -0.45570214312822843       0.45570214312822843     
         180  -12.458273010120783       -12.458273010120783     
         181  -3.7808250918236004        3.7808250918236004     
         182   12.538997663811084        12.538997663811084     
         183   5.4424111979649767       -5.4424111979649767     
         184  -12.988195618746849       -12.988195618746849     
         185  -4.4678487847893935        4.4678487847893935     
         186   13.171650939229576        13.171650939229576     
         187  -11.042180248335555       -11.042180248335555     
         188   9.5721671088504685        9.5721671088504685     
         189   4.6025374581029626       -4.6025374581029626     
         190  -1.0861110127271296        1.0861110127271296     
         191  -12.559675578858307       -12.559675578858307     
         192   10.976160906961544        10.976160906961544     
         193  -10.731457528355632       -10.731457528355632     
         194  -3.4771059203733077        3.4771059203733077     
         195  -2.8464992735785337        2.8464992735785337     
         196   13.165430054786318        13.165430054786318     
         197   6.4498845694356923       -6.4498845694356923     
         198 -0.66341239224799287       0.66341239224799287     
         199   2.8970487515483090E-002  -2.8970487515483090E-002
         200  -6.4384740356833560E-003   6.4384740356833560E-003
         201   1.3892572848876218E-003  -1.3892572848876218E-003
         202  -12.659584023735770       -12.659584023735770     
         203   12.039849431004296        12.039849431004296     
         204  -12.606971097792679       -12.606971097792679     
         205   11.723787150871020        11.723787150871020     
         206  -12.042684837910189       -12.042684837910189     
         207   11.417610982253528        11.417610982253528     
         208  -11.300565413988650       -11.300565413988650     
         209  -3.0473092558567680        3.0473092558567680     
         210   13.451040547113839        13.451040547113839     
         211  -11.818195545042141       -11.818195545042141     
         212  -2.8560030100872345        2.8560030100872345     
         213   10.563925954267182        10.563925954267182     
         214   6.4997120142880735       -6.4997120142880735     
         215  -12.207467857820154       -12.207467857820154     
         216   11.030848361855051        11.030848361855051     
         217  -10.649638946023725       -10.649638946023725     
         218  -3.6952285582421029        3.6952285582421029     
         219  -2.9283342926854790        2.9283342926854790     
         220   12.824453762799385        12.824453762799385     
         221  -11.651789350493852       -11.651789350493852     
         222  -4.2148685053019985        4.2148685053019985     
         223   5.8602891078438191        5.8602891078438191     
         224   2.1456150968835228       -2.1456150968835228     
         225   2.6111965181119086       -2.6111965181119086     
         226  -6.8939384413305955       -6.8939384413305955     
         227   12.859917146326618        12.859917146326618     
         228   6.4339167753171393       -6.4339167753171393     
         229 -0.80464172820110225       0.80464172820110225     
         230  -12.692224049958014       -12.692224049958014     
         231  -3.6836883299257219        3.6836883299257219     
         232  -3.1124750323541881        3.1124750323541881     
         233  -5.3482286254479297        5.3482286254479297     
         234   6.4400463108009163        6.4400463108009163     
         235   2.1571710181177397       -2.1571710181177397     
         236   1.8567698710336649       -1.8567698710336649     
         237   2.2840400565057895       -2.2840400565057895     
         238   2.7063797714773656       -2.7063797714773656     
         239  -3.3200992230296507       -3.3200992230296507     
         240   7.1388605342121005        7.1388605342121005     
         241  -11.618145419094160       -11.618145419094160     
         242  -2.5991507401888847        2.5991507401888847     
         243   13.771021188228184        13.771021188228184     
         244   6.4909217104317838       -6.4909217104317838     
         245  -12.710206614838187       -12.710206614838187     
         246  -3.8839604976632343        3.8839604976632343     
         247  -2.9199377484079512        2.9199377484079512     
         248  -4.8536106795827596        4.8536106795827596     
         249  -7.0379983731223401        7.0379983731223401     
         250   2.5834833773584776       -2.5834833773584776     
         251  -1.8064824672612314        1.8064824672612314     
         252   1.9098162076885241        1.9098162076885241     
         253   3.3794917907790265       -3.3794917907790265     
         254  -2.0207117798227610        2.0207117798227610     
         255   1.1216612541426183       -1.1216612541426183     
         256  -2.4434568218608042       -2.4434568218608042     
         257   6.3203553446962770        6.3203553446962770     
         258  -13.863678359731541       -13.863678359731541     
         259   6.6867304808986319        6.6867304808986319     
         260  -4.2414009623941302        4.2414009623941302     
         261   5.3677484352389646        5.3677484352389646     
         262   7.5815559263126593       -7.5815559263126593     
         263  -1.5408805097356268        1.5408805097356268     
         264  -7.3284299784798090       -7.3284299784798090     
         265   13.208697700710418        13.208697700710418     
         266  -15.301321903915117       -15.301321903915117     
         267  -7.1044628964362504        7.1044628964362504     
         268   15.137653083934813        15.137653083934813     
         269   7.3179128735391403       -7.3179128735391403     
         270  -15.423743817921475       -15.423743817921475     
         271  -7.1174059486303776        7.1174059486303776     
         272   1.5565068447571704       -1.5565068447571704     
         273  0.28179732470561036      -0.28179732470561036     
         274   14.667662756214604        14.667662756214604     
         275   6.8111456424835186       -6.8111456424835186     
         276   3.4379808906649592       -3.4379808906649592     
         277  -12.687343813369800       -12.687343813369800     
         278  -7.0914197736353843        7.0914197736353843     
         279  -5.1127688841220342        5.1127688841220342     
         280   12.051487497971543        12.051487497971543     
         281  -14.618659120793080       -14.618659120793080     
         282   1.7815569299922061       -1.7815569299922061     
         283  0.43328023642307578      -0.43328023642307578     
         284   14.258033420700938        14.258033420700938     
         285  -15.931272641494310       -15.931272641494310     
         286   11.368556569938907        11.368556569938907     
         287   5.4816457089458934       -5.4816457089458934     
         288  -1.8285897112036347        1.8285897112036347     
         289  0.12636816265992368      -0.12636816265992368     
         290  -3.5596585834984366E-002   3.5596585834984366E-002
         291  -6.5567249867837116       -6.5567249867837116     
         292   12.805434972487696        12.805434972487696     
         293   3.9436909691023621       -3.9436909691023621     
         294   4.0139022703656044       -4.0139022703656044     
         295   5.3618091411901281       -5.3618091411901281     
         296  -8.6718616874508108       -8.6718616874508108     
         297  -3.3965885308359027        3.3965885308359027     
         298   12.080107575646684        12.080107575646684     
         299  -12.107895826626706       -12.107895826626706     
         300  -3.2197119495207183        3.2197119495207183     
         301   9.8004610776787811        9.8004610776787811     
         302   5.7694336583817218       -5.7694336583817218     
         303   2.5209035730919931       -2.5209035730919931     
         304 -0.87109491494557789       0.87109491494557789     
         305  -10.368218532421198       -10.368218532421198     
         306   12.225218388224818        12.225218388224818     
         307  0.47869033929667837      -0.47869033929667837     
         308  -12.406369339622790       -12.406369339622790     
         309  -3.7499142174238180        3.7499142174238180     
         310  -3.0294939899369489        3.0294939899369489     
         311   12.167923867859223        12.167923867859223     
         312   6.4909438681632370       -6.4909438681632370     
         313  0.24787320054330103      -0.24787320054330103     
         314  -12.225010204339037       -12.225010204339037     
         315  -3.6999105575674469        3.6999105575674469     
         316  -3.0262291236789878        3.0262291236789878     
         317  -4.9630858616661220        4.9630858616661220     
         318   7.8009005533554063        7.8009005533554063     
         319  -14.087871512552624       -14.087871512552624     
         320   9.8536700091854126        9.8536700091854126     
         321  -2.1123107640873124        2.1123107640873124     
         322  -6.5624094759906235       -6.5624094759906235     
         323   12.521323064588184        12.521323064588184     
         324  -15.595045533423519       -15.595045533423519     
         325  -6.7912550645784862        6.7912550645784862     
         326   15.223713940081408        15.223713940081408     
         327   7.7268894597555802       -7.7268894597555802     
         328   3.4722523084518411       -3.4722523084518411     
         329  -13.705465273193498       -13.705465273193498     
         330   12.218510997166369        12.218510997166369     
         331   2.9620910409803400       -2.9620910409803400     
         332   3.6153785190935843       -3.6153785190935843     
         333  -5.1595432881559118       -5.1595432881559118     
         334   9.4937338734016752        9.4937338734016752     
         335  -12.234814985696024       -12.234814985696024     
         336  -2.8292482441739240        2.8292482441739240     
         337  -4.2298218466519648        4.2298218466519648     
         338   10.121185051880659        10.121185051880659     
         339   4.4866570588019785       -4.4866570588019785     
         340   5.3295705286807973       -5.3295705286807973     
         341  -8.6872158426112964       -8.6872158426112964     
         342   11.772469474595688        11.772469474595688     
         343  -12.558668642318953       -12.558668642318953     
         344   12.100871457886836        12.100871457886836     
         345  0.19668031603399538      -0.19668031603399538     
         346  -12.321663578765806       -12.321663578765806     
         347  -3.8553121243943314        3.8553121243943314     
         348  -3.0380904654106233        3.0380904654106233     
         349   11.755071651990182        11.755071651990182     
         350   6.4153574878781123       -6.4153574878781123     
         351  0.51377182372091545      -0.51377182372091545     
         352 -0.10630255916736778       0.10630255916736778     
         353  -11.831737990201058       -11.831737990201058     
         354   12.040121698658055        12.040121698658055     
         355  -12.022770751437548       -12.022770751437548     
         356   12.042874507149937        12.042874507149937     
         357   3.9662334188043415E-002  -3.9662334188043415E-002
         358  -5.5071897218914615E-003   5.5071897218914615E-003
         359   7.2648262677935929E-004  -7.2648262677935929E-004
         360  -12.030999108561184       -12.030999108561184     
         361  -3.8375993141364764        3.8375993141364764     
         362  -3.0357513262076878        3.0357513262076878     
         363  -4.7966037972131153        4.7966037972131153     
         364   7.3034536158703371        7.3034536158703371     
         365  -13.293056119955333       -13.293056119955333     
         366  -8.3855396952711168        8.3855396952711168     
         367  0.57763388839592633      -0.57763388839592633     
         368   14.592127010664347        14.592127010664347     
         369  -15.134850665602913       -15.134850665602913     
         370   14.743712797215121        14.743712797215121     
         371  -15.532162563422194       -15.532162563422194     
         372  0.53590240670321454      -0.53590240670321454     
         373  -3.7982596549228413E-002   3.7982596549228413E-002
         374   5.0137132052559142E-003  -5.0137132052559142E-003
         375  -6.4068500798453935E-004   6.4068500798453935E-004
         376   8.2214875453569361E-005  -8.2214875453569361E-005
         377   14.119620828185093        14.119620828185093     
         378  -16.061008093389663       -16.061008093389663     
         379   10.513388454189831        10.513388454189831     
         380   3.8125271421264713       -3.8125271421264713     
         381  -1.9393773555904021        1.9393773555904021     
         382  -2.8381314665169772       -2.8381314665169772     
         383  -1.8649014392934902        1.8649014392934902     
         384   5.1422605282902252        5.1422605282902252     
         385  -11.523596092282466       -11.523596092282466     
         386  0.46338560076466084      -0.46338560076466084     
         387  -6.1949001486255782E-002   6.1949001486255782E-002
         388   1.0897014828146602E-002  -1.0897014828146602E-002
         389  -1.8535347385128776E-003   1.8535347385128776E-003
         390   12.991264156712541        12.991264156712541     
         391   6.1413574604532819       -6.1413574604532819     
         392   5.8773945388536843E-002  -5.8773945388536843E-002
         393  -9.0055348801760147       -9.0055348801760147     
         394   13.309717673208164        13.309717673208164     
         395   3.4987679460277188       -3.4987679460277188     
         396  -13.315149140685151       -13.315149140685151     
         397  -7.7880123024504835        7.7880123024504835     
         398  -3.9584215229455668        3.9584215229455668     
         399   1.4381631005665796       -1.4381631005665796     
         400 -0.23478693187407546       0.23478693187407546     
         401   11.669664860266252        11.669664860266252     
         402   7.3780041920010930       -7.3780041920010930     
         403   2.5391267579144059       -2.5391267579144059     
         404   2.8898125452964738       -2.8898125452964738     
         405   3.5402704020141167       -3.5402704020141167     
         406  -5.3541048678683838       -5.3541048678683838     
         407  -2.2541242432735484        2.2541242432735484     
         408  -2.2908752214430508        2.2908752214430508     
         409  -3.1729415024658252        3.1729415024658252     
         410  -3.8892195138382868        3.8892195138382868     
         411  -1.3571525394693789        1.3571525394693789     
         412  -5.1483439674740437       -5.1483439674740437     
         413   10.623363418292104        10.623363418292104     
         414   4.3716794637946386       -4.3716794637946386     
         415   2.6065922933359147       -2.6065922933359147     
         416   3.1106966646319489       -3.1106966646319489     
         417   3.6265247207877267       -3.6265247207877267     
         418   1.4496821640804605       -1.4496821640804605     
         419 -0.28761538529914366       0.28761538529914366     
         420  -4.1975052252484231       -4.1975052252484231     
         421  -2.6792541389574476        2.6792541389574476     
         422  -1.1285654101863485        1.1285654101863485     
         423  -1.0017063393756818        1.0017063393756818     
         424   3.3917492192048631        3.3917492192048631     
         425  -6.3598441616290380       -6.3598441616290380     
         426   10.992583758639787        10.992583758639787     
         427  -12.840497161044919       -12.840497161044919     
         428   13.487044552557096        13.487044552557096     
         429   6.3946537689756635       -6.3946537689756635     
         430   4.3180153783861766E-002  -4.3180153783861766E-002
         431  -4.6071114955927462E-003   4.6071114955927462E-003
         432  -11.863167801229931       -11.863167801229931     
         433   11.990838551055139        11.990838551055139     
         434   1.4382312824824346E-002  -1.4382312824824346E-002
         435  -1.3243040823117042E-003   1.3243040823117042E-003
         436   1.1932931491592382E-004  -1.1932931491592382E-004
         437  -11.972742756897494       -11.972742756897494     
         438   11.973237888112758        11.973237888112758     
         439  -6.3702936349419113E-004   6.3702936349419113E-004
         440   5.5855691317530239E-005  -5.5855691317530239E-005
         441  -11.967544240333405       -11.967544240333405     
         442   11.965832788683077        11.965832788683077     
         443  -8.6821061244006493E-004   8.6821061244006493E-004
         444  -11.960433211650267       -11.960433211650267     
         445  -4.0833318965787955        4.0833318965787955     
         446  -2.9503697788203112        2.9503697788203112     
         447  -4.3049877584818779        4.3049877584818779     
         448  -6.0649146393252176        6.0649146393252176     
         449   4.8008269518858664E-002   4.8008269518858664E-002
         450 -0.52179656480882219       0.52179656480882219     
         451 -0.64534967661036235      -0.64534967661036235     
         452   1.5093579066415779        1.5093579066415779     
         453   1.1516476203002133       -1.1516476203002133     
         454 -0.53374914306470655       0.53374914306470655     
         455  -2.8721552749830113       -2.8721552749830113     
         456  -2.5811440722552330        2.5811440722552330     
         457   1.3469252231582500       -1.3469252231582500     
         458   5.3430298479282170        5.3430298479282170     
         459  -11.214248364132800       -11.214248364132800     
         460  -1.8747105394930648        1.8747105394930648     
         461  0.31446702945965394      -0.31446702945965394     
         462  -6.2132003162267743E-003   6.2132003162267743E-003
         463   3.4001004924615448E-004  -3.4001004924615448E-004
         464   14.530891251200099        14.530891251200099     
         465   7.2976265165786902       -7.2976265165786902     
         466   2.0375098489714083       -2.0375098489714083     
         467   2.0782543773027684       -2.0782543773027684     
         468   2.5678367352427083       -2.5678367352427083     
         469   2.8401625356027775       -2.8401625356027775     
         470   1.4661263746080846       -1.4661263746080846     
         471  -1.6489113238885782E-002   1.6489113238885782E-002
         472  -2.4717740375503396       -2.4717740375503396     
         473  -1.7380776682982260        1.7380776682982260     
         474   3.0457759488884197        3.0457759488884197     
         475   2.1815605822091517       -2.1815605822091517     
         476 -0.11658575115406856       0.11658575115406856     
         477  -3.7536583392962073       -3.7536583392962073     
         478   6.3375897783272714        6.3375897783272714     
         479  -9.4412800301593460       -9.4412800301593460     
         480   12.027133786258542        12.027133786258542     
         481   2.1666541590947181       -2.1666541590947181     
         482  -12.157949895488521       -12.157949895488521     
         483  -4.4586513399892684        4.4586513399892684     
         484   11.896448911937023        11.896448911937023     
         485  -12.350299781253634       -12.350299781253634     
         486   12.485824452430002        12.485824452430002     
         487   4.9369406081916800       -4.9369406081916800     
         488 -0.79230540964500951       0.79230540964500951     
         489 -0.11158895794453895       0.11158895794453895     
         490  -12.076103893855695       -12.076103893855695     
         491   11.823593970208311        11.823593970208311     
         492  -11.853280786438235       -11.853280786438235     
         493  -4.1855934275978965        4.1855934275978965     
         494  -2.8671603496083105        2.8671603496083105     
         495  -3.9910444639125684        3.9910444639125684     
         496   6.5708910164731709        6.5708910164731709     
         497  -11.288894361163859       -11.288894361163859     
         498   13.475242566177196        13.475242566177196     
         499  -14.059851068468008       -14.059851068468008     
         500  -8.6708782900990773        8.6708782900990773     
         501  -1.4172767253603964        1.4172767253603964     
         502   11.920571855111790        11.920571855111790     
         503   7.7101055660835938       -7.7101055660835938     
         504  -13.465479109333877       -13.465479109333877     
         505  -8.4300508020458054        8.4300508020458054     
         506   14.264766405085879        14.264766405085879     
         507   8.0610139378146162       -8.0610139378146162     
         508   2.7705164058099880       -2.7705164058099880     
         509  -12.615018456156511       -12.615018456156511     
         510  -8.6841651492750778        8.6841651492750778     
         511   12.140795807478199        12.140795807478199     
         512  -16.140979254026458       -16.140979254026458     
         513 -0.49087193748774316       0.49087193748774316     
         514   13.517931455383341        13.517931455383341     
         515   6.3457616427715733       -6.3457616427715733     
         516  0.12846954651010359      -0.12846954651010359     
         517  -9.1253253287147231       -9.1253253287147231     
         518  -8.4681154738360291        8.4681154738360291     
         519   10.208497910084171        10.208497910084171     
         520   8.5171536109137644       -8.5171536109137644     
         521   1.1369151955574497       -1.1369151955574497     
         522  0.85302259222637189      -0.85302259222637189     
         523  -9.4662337073191498       -9.4662337073191498     
         524  -8.7374393820284713        8.7374393820284713     
         525   9.2467982265948390        9.2467982265948390     
         526  -15.267537789456298       -15.267537789456298     
         527  0.96471607543598881      -0.96471607543598881     
         528   11.442410761819946        11.442410761819946     
         529  -6.6432766240325787       -6.6432766240325787     
         530  -1.7948290907512976        1.7948290907512976     
         531  0.48219511691832057      -0.48219511691832057     
         532  -7.8531476633932520E-002   7.8531476633932520E-002
         533   11.855433752794916        11.855433752794916     
         534  -16.077048028016719       -16.077048028016719     
         535   13.716966105815995        13.716966105815995     
         536  -14.136931640581091       -14.136931640581091     
         537   13.115602667597679        13.115602667597679     
         538  -12.298251616038341       -12.298251616038341     
         539   14.172495166637006        14.172495166637006     
         540   7.2491703135556245       -7.2491703135556245     
         541  0.73159308417101110      -0.73159308417101110     
         542  0.49960042509933239      -0.49960042509933239     
         543  -9.3430696396794328       -9.3430696396794328     
         544  -8.7814011825381773        8.7814011825381773     
         545  0.83805760295459808      -0.83805760295459808     
         546   9.8026106060484803        9.8026106060484803     
         547  -15.482145882680699       -15.482145882680699     
         548   12.653337501111173        12.653337501111173     
         549   5.4386229642104356       -5.4386229642104356     
         550  -5.8931727498508089       -5.8931727498508089     
         551   10.514676329061631        10.514676329061631     
         552  -15.054290669433914       -15.054290669433914     
         553  -7.1708439962250168        7.1708439962250168     
         554  0.92412726674239876      -0.92412726674239876     
         555   14.713133356995904        14.713133356995904     
         556  -16.057683302448996       -16.057683302448996     
         557  0.70179846391930856      -0.70179846391930856     
         558   13.965491623908544        13.965491623908544     
         559  -14.788670040427203       -14.788670040427203     
         560  0.65855318755948011      -0.65855318755948011     
         561  -2.7561673542646985E-002   2.7561673542646985E-002
         562   12.342852901245923        12.342852901245923     
         563   4.5498316261483200       -4.5498316261483200     
         564 -0.97168028665223405       0.97168028665223405     
         565   2.7295596030272370E-002  -2.7295596030272370E-002
         566  -6.4541450944475587       -6.4541450944475587     
         567  -5.8101114381973105        5.8101114381973105     
         568   8.0795710113811054        8.0795710113811054     
         569   7.9271347905740264       -7.9271347905740264     
         570  -8.5970948244159597       -8.5970948244159597     
         571   12.753791153076756        12.753791153076756     
         572   3.1119960115895831       -3.1119960115895831     
         573  -13.382532946796006       -13.382532946796006     
         574  -8.7493669970072219        8.7493669970072219     
         575  -1.4394927271369355        1.4394927271369355     
         576   11.347312912746444        11.347312912746444     
         577   7.6281971768767525       -7.6281971768767525     
         578   1.6443164756686937       -1.6443164756686937     
         579  -11.061576484129255       -11.061576484129255     
         580  -8.9113457526299129        8.9113457526299129     
         581   5.1277614150541176E-002  -5.1277614150541176E-002
         582  -1.1273035328436589E-002   1.1273035328436589E-002
         583   10.868891157889093        10.868891157889093     
         584   7.2421418023304591       -7.2421418023304591     
         585  -12.181447926448550       -12.181447926448550     
         586   13.210737656237326        13.210737656237326     
         587  -13.770351092603498       -13.770351092603498     
         588  -8.4364259719228212        8.4364259719228212     
         589  0.73792567094683570      -0.73792567094683570     
         590   13.903432340478750        13.903432340478750     
         591   7.6211809039468319       -7.6211809039468319     
         592  -13.975636737572051       -13.975636737572051     
         593   12.846148398016298        12.846148398016298     
         594  -12.265691306190911       -12.265691306190911     
         595  -8.4999070160242916        8.4999070160242916     
         596   13.032626832102506        13.032626832102506     
         597  -15.992999287746677       -15.992999287746677     
         598   1.3424967066489566       -1.3424967066489566     
         599   14.165541942146907        14.165541942146907     
         600  -14.834736676673282       -14.834736676673282     
         601  0.72420134727323782      -0.72420134727323782     
         602   12.843275817595424        12.843275817595424     
         603  -10.938368612939685       -10.938368612939685     
         604   14.381633718879675        14.381633718879675     
         605  -15.889277493087127       -15.889277493087127     
         606   13.415628507085296        13.415628507085296     
         607  -12.917550722649263       -12.917550722649263     
         608 -0.64361277971451192       0.64361277971451192     
         609   2.7677330767286120E-002  -2.7677330767286120E-002
         610   3.0995990681750353E-004  -3.0995990681750353E-004
         611   14.292171531624087        14.292171531624087     
         612  -15.132348933966421       -15.132348933966421     
         613  0.55457041325629619      -0.55457041325629619     
         614   13.021832044986050        13.021832044986050     
         615  -11.405776491544302       -11.405776491544302     
         616   14.376181375508590        14.376181375508590     
         617  -15.719244576836379       -15.719244576836379     
         618 -0.21533618955018338       0.21533618955018338     
         619   7.6952055753933849E-003  -7.6952055753933849E-003
         620   13.559260339442750        13.559260339442750     
         621   6.0228386012419586       -6.0228386012419586     
         622  -8.4067375739064314       -8.4067375739064314     
         623   12.460512986739461        12.460512986739461     
         624   2.9938002497835847       -2.9938002497835847     
         625   2.8886229039105205       -2.8886229039105205     
         626   3.5962573808336238       -3.5962573808336238     
         627   3.5917733863767629       -3.5917733863767629     
         628  0.85645982323943792      -0.85645982323943792     
         629  -4.6058931223494470       -4.6058931223494470     
         630   6.7521912319944457        6.7521912319944457     
         631  -8.9880514824171236       -8.9880514824171236     
         632  -3.4109998074287908        3.4109998074287908     
         633   9.7786325038894333        9.7786325038894333     
         634   4.8871234134728763       -4.8871234134728763     
         635 -0.39386183487014631       0.39386183487014631     
         636  -9.8452046698085578       -9.8452046698085578     
         637   10.981506381733036        10.981506381733036     
         638  -11.319299414427448       -11.319299414427448     
         639   11.338428498690790        11.338428498690790     
         640  0.33047899456416013      -0.33047899456416013     
         641  -11.270986004786817       -11.270986004786817     
         642   11.232010055193360        11.232010055193360     
         643  -11.221807270781195       -11.221807270781195     
         644   11.217214217736135        11.217214217736135     
         645  -3.1863137309281947E-002   3.1863137309281947E-002
         646   9.2618044483365458E-004  -9.2618044483365458E-004
         647  -2.8433567923711348E-005   2.8433567923711348E-005
         648  -11.217118250654398       -11.217118250654398     
         649   11.200138221823584        11.200138221823584     
         650  -4.4475349432748276E-003   4.4475349432748276E-003
         651  -11.193199989763965       -11.193199989763965     
         652   11.183664779894125        11.183664779894125     
         653  -11.176702175137704       -11.176702175137704     
         654  -4.2740550919833851        4.2740550919833851     
         655   10.504210916125928        10.504210916125928     
         656  -11.603390640581990       -11.603390640581990     
         657  -2.8959789467600716        2.8959789467600716     
         658  -3.9292064876510659        3.9292064876510659     
         659  -5.7711893623505395        5.7711893623505395     
         660   1.8076170851326403        1.8076170851326403     
         661  -1.4431779514831169        1.4431779514831169     
         662  -4.9238869290404805       -4.9238869290404805     
         663   8.8778715982693956        8.8778715982693956     
         664  -13.859702379283641       -13.859702379283641     
         665  -4.7990206518156588        4.7990206518156588     
         666  0.59389954721359517      -0.59389954721359517     
         667   14.717972363212640        14.717972363212640     
         668  -15.954386732998756       -15.954386732998756     
         669  0.58500383325561445      -0.58500383325561445     
         670   14.089307304828189        14.089307304828189     
         671   6.5866247841727752       -6.5866247841727752     
         672  0.31824968544016818      -0.31824968544016818     
         673  -9.2869847665629219       -9.2869847665629219     
         674   12.719849173802205        12.719849173802205     
         675  -14.796417151089846       -14.796417151089846     
         676  -8.2933226684563657        8.2933226684563657     
         677   13.474774655122163        13.474774655122163     
         678  -16.007639424526300       -16.007639424526300     
         679   14.950520566780195        14.950520566780195     
         680   8.1248379086182343       -8.1248379086182343     
         681  -11.624533963065881       -11.624533963065881     
         682   13.318869112157795        13.318869112157795     
         683  -14.198434237778800       -14.198434237778800     
         684   13.145420108929629        13.145420108929629     
         685   1.7036660137524171       -1.7036660137524171     
         686   1.2725126396921032       -1.2725126396921032     
         687   1.2499916014939678       -1.2499916014939678     
         688   1.4153946729259794       -1.4153946729259794     
         689  -7.3499072835281893       -7.3499072835281893     
         690   10.731813330839486        10.731813330839486     
         691   4.6610314430337469       -4.6610314430337469     
         692  -9.6994466658792042       -9.6994466658792042     
         693  -2.9996599776254782        2.9996599776254782     
         694   10.023801946043257        10.023801946043257     
         695   5.1763974189630106       -5.1763974189630106     
         696   2.5977323088306221       -2.5977323088306221     
         697  -7.7743297706338339       -7.7743297706338339     
         698  -3.9472184496255465        3.9472184496255465     
         699  -1.8602220882822957        1.8602220882822957     
         700   6.6655273426157757        6.6655273426157757     
         701  -9.1089955283874566       -9.1089955283874566     
         702   11.529175252794133        11.529175252794133     
         703  -12.056781959332747       -12.056781959332747     
         704   12.262987745554286        12.262987745554286     
         705   5.6773635942721414       -5.6773635942721414     
         706  -10.274501730491890       -10.274501730491890     
         707   10.825436873964128        10.825436873964128     
         708  -10.962395030084558       -10.962395030084558     
         709  -3.9412833644210878        3.9412833644210878     
         710   10.110802368493884        10.110802368493884     
         711   4.5138047399763224       -4.5138047399763224     
         712 -0.33566759776765703       0.33566759776765703     
         713   1.6692120373818176E-002  -1.6692120373818176E-002
         714  -9.7477278846860926       -9.7477278846860926     
         715  -4.0955593669930836        4.0955593669930836     
         716  -2.2585148081448896        2.2585148081448896     
         717  -2.4645132987765663        2.4645132987765663     
         718   5.8165842700863459        5.8165842700863459     
         719  -8.5855136281569191       -8.5855136281569191     
         720   11.524853961779204        11.524853961779204     
         721   5.1648969415599479       -5.1648969415599479     
         722   3.5954170272093329       -3.5954170272093329     
         723 -0.29728302742791340       0.29728302742791340     
         724  -8.2172418537019638       -8.2172418537019638     
         725  -3.7798756564747045        3.7798756564747045     
         726  -1.9513318578294674        1.9513318578294674     
         727  -1.9703658111238802        1.9703658111238802     
         728   5.2047487342504937        5.2047487342504937     
         729   2.8936095313951120       -2.8936095313951120     
         730   2.5060066660111273       -2.5060066660111273     
         731  0.81968669845637421      -0.81968669845637421     
         732  -2.6182702538271876       -2.6182702538271876     
         733  -1.6086589620469514        1.6086589620469514     
         734   2.7182728694009639        2.7182728694009639     
         735  -3.9454167215326210       -3.9454167215326210     
         736  -1.3196613963123247        1.3196613963123247     
         737   4.7495482615265638        4.7495482615265638     
         738  -6.6780778614740397       -6.6780778614740397     
         739   9.0756955177424050        9.0756955177424050     
         740   4.5693125206468315       -4.5693125206468315     
         741  -8.6052772637647870       -8.6052772637647870     
         742   9.8226601818480130        9.8226601818480130     
         743  -10.436436059036268       -10.436436059036268     
         744   10.669864164950454        10.669864164950454     
         745  0.45804553827172628      -0.45804553827172628     
         746  -10.609233095429062       -10.609233095429062     
         747   10.596925602480344        10.596925602480344     
         748  -3.0605051780455049E-002   3.0605051780455049E-002
         749   5.7965348638059017E-004  -5.7965348638059017E-004
         750  -1.2037867606491860E-005   1.2037867606491860E-005

   k   test 
         751   3.3202240956597961E-010
