 k   gradient vector, at each step of the optimization (k):

           1   5.5041495735037191        5.5041495735037191     
           2   1.7087463427558349       -1.7087463427558349     
           3  -6.4097342562969617       -6.4097342562969617     
           4   3.9245238707461239        3.9245238707461239     
           5   1.0172476472383012       -1.0172476472383012     
           6   5.2943151149306393        5.2943151149306393     
           7   2.8153811856252768       -2.8153811856252768     
           8  -3.5492151536081269        3.5492151536081269     
           9   3.1252372948162277       -3.1252372948162277     
          10  -2.7271557227778556        2.7271557227778556     
          11   4.6154918514483665        4.6154918514483665     
          12   2.5732562226177147        2.5732562226177147     
          13   10.122812563509118       -10.122812563509118     
          14 -0.71212844164852485      -0.71212844164852485     
          15  -12.011309182263284       -12.011309182263284     
          16   2.5558629635390848       -2.5558629635390848     
          17   2.9527708806396031        2.9527708806396031     
          18   12.736950586187392        12.736950586187392     
          19   6.8391755405560346       -6.8391755405560346     
          20  -6.5227051301115253       -6.5227051301115253     
          21  -14.393874946096730       -14.393874946096730     
          22  -4.2084923890225800        4.2084923890225800     
          23   2.7187466337511914       -2.7187466337511914     
          24  -2.8157236676276414        2.8157236676276414     
          25  -8.0029730374741952       -8.0029730374741952     
          26   12.943395276612888        12.943395276612888     
          27  -3.1372358127569764       -3.1372358127569764     
          28  -11.494043785869072       -11.494043785869072     
          29  -2.6957612014038497        2.6957612014038497     
          30   10.887717124777112        10.887717124777112     
          31  -11.026622604997259       -11.026622604997259     
          32   10.615511396591467        10.615511396591467     
          33  -10.937110235311001       -10.937110235311001     
          34   9.8854113296251427        9.8854113296251427     
          35   7.2108497569659935       -7.2108497569659935     
          36  -2.1275576057429451       -2.1275576057429451     
          37   7.4356334978580740        7.4356334978580740     
          38  -11.801081953658807       -11.801081953658807     
          39   12.178799611754945        12.178799611754945     
          40  -4.7391299784939189        4.7391299784939189     
          41 -0.86167519533761416      -0.86167519533761416     
          42  -5.2383119685608994       -5.2383119685608994     
          43  -5.6658233069641808       -5.6658233069641808     
          44   13.443285469065863        13.443285469065863     
          45  -3.7130147577050123        3.7130147577050123     
          46   11.122594803229548        11.122594803229548     
          47   15.625361722743532       -15.625361722743532     
          48   18.420458801658757       -18.420458801658757     
          49   18.918860150393300        18.918860150393300     
          50  -15.283158271624437       -15.283158271624437     
          51  0.90058596875056118       0.90058596875056118     
          52   1.5208640585156057       -1.5208640585156057     
          53  -5.6723434111810080       -5.6723434111810080     
          54   5.8937566905656311        5.8937566905656311     
          55  -9.4010497890469864       -9.4010497890469864     
          56   8.3161574296519181       -8.3161574296519181     
          57   19.496651068610014       -19.496651068610014     
          58   23.375778279738022        23.375778279738022     
          59   73.790171584825003        73.790171584825003     
          60  -1.0558522877918801        1.0558522877918801     
          61  -8.5259459594950560        8.5259459594950560     
          62   1.3536440450862604        1.3536440450862604     
          63   2.5642953182785662        2.5642953182785662     
          64  -35.114024517916057        35.114024517916057     
          65   2.3717982363306804        2.3717982363306804     
          66  -1.7385763571229478       -1.7385763571229478     
          67   1.2850709041939576        1.2850709041939576     
          68 -0.94812526726027557      -0.94812526726027557     
          69  0.70039612702191012       0.70039612702191012     
          70 -0.51572540546110113      -0.51572540546110113     
          71  0.37931342805192736       0.37931342805192736     
          72   34.605591996726353       -34.605591996726353     
          73  -32.785607945383099        32.785607945383099     
          74   1.1434351517043222        1.1434351517043222     
          75 -0.79450264743308474      -0.79450264743308474     
          76  0.55157548090003050       0.55157548090003050     
          77 -0.38213011418608972      -0.38213011418608972     
          78   18.599338082799555       -18.599338082799555     
          79   6.0272714138901442        6.0272714138901442     
          80   33.270538810471926       -33.270538810471926     
          81   37.094432261755372       -37.094432261755372     
          82   37.869546797440883       -37.869546797440883     
          83  0.65135070611682799       0.65135070611682799     
          84   20.839017037052610       -20.839017037052610     
          85  -13.596769576891433       -13.596769576891433     
          86  -14.618770469818797        14.618770469818797     
          87 -0.55086706462264734      -0.55086706462264734     
          88   1.6413859841861878        1.6413859841861878     
          89  -4.6195770021474027       -4.6195770021474027     
          90   13.261564676028270        13.261564676028270     
          91  -11.151877738943092       -11.151877738943092     
          92   5.1165764069011237        5.1165764069011237     
          93   41.892767945068805       -41.892767945068805     
          94   16.713225574313384        16.713225574313384     
          95  -21.173703751796687       -21.173703751796687     
          96  -17.990218397818957       -17.990218397818957     
          97  -24.785468352063823       -24.785468352063823     
          98   9.7863217342860711       -9.7863217342860711     
          99  -59.751174836515595       -59.751174836515595     
         100   30.650975150114174       -30.650975150114174     
         101   42.326469164344147        42.326469164344147     
         102  -15.467533941430300       -15.467533941430300     
         103   7.6433396027720812        7.6433396027720812     
         104   47.019984619869639        47.019984619869639     
         105  -114.70580323468786       -114.70580323468786     
         106   5.7599127657693483        5.7599127657693483     
         107  -15.824834471892581        15.824834471892581     
         108   10.694545935980342       -10.694545935980342     
         109  -31.745445786829436       -31.745445786829436     
         110  -18.935244316001473        18.935244316001473     
         111   22.558199902247956        22.558199902247956     
         112   23.535913829031788       -23.535913829031788     
         113  -31.223878509369392        31.223878509369392     
         114  -28.754055708511942       -28.754055708511942     
         115   5.6246483863644485        5.6246483863644485     
         116   28.802615339057759        28.802615339057759     
         117  -38.314741646714857       -38.314741646714857     
         118  -12.290111281870173       -12.290111281870173     
         119   29.780508451801978       -29.780508451801978     
         120  -17.069285784129757        17.069285784129757     
         121   14.796584161530511       -14.796584161530511     
         122  -15.240656680167605        15.240656680167605     
         123   15.752125036014668       -15.752125036014668     
         124  -8.5283153836618979       -8.5283153836618979     
         125  -26.979089663563116        26.979089663563116     
         126  -10.118080235128975       -10.118080235128975     
         127   29.159182378331742        29.159182378331742     
         128  -21.797083235075888       -21.797083235075888     
         129   1.6438762237367333        1.6438762237367333     
         130   19.065527904114493       -19.065527904114493     
         131  -15.598119291821785        15.598119291821785     
         132   16.378636577505183       -16.378636577505183     
         133   23.109954389061404        23.109954389061404     
         134  -33.847364041032812       -33.847364041032812     
         135   39.312373511008346        39.312373511008346     
         136  -7.4330169384880378        7.4330169384880378     
         137   4.5832744441541502       -4.5832744441541502     
         138  -3.1147323829730502        3.1147323829730502     
         139  -5.8334741886158792       -5.8334741886158792     
         140  -29.034026788421873       -29.034026788421873     
         141  -10.415811288842930        10.415811288842930     
         142   7.4117778942999077       -7.4117778942999077     
         143  -4.2299874183288582        4.2299874183288582     
         144   28.093618193421865        28.093618193421865     
         145  -24.540015051874104       -24.540015051874104     
         146   7.8840300907854877       -7.8840300907854877     
         147   25.755660120761476        25.755660120761476     
         148   8.9195030913781679       -8.9195030913781679     
         149  -4.8843731308418485        4.8843731308418485     
         150   1.8655204664562259       -1.8655204664562259     
         151  -1.0508028149253854        1.0508028149253854     
         152  0.54932500726124844      -0.54932500726124844     
         153 -0.30067195776773142       0.30067195776773142     
         154  -34.195828501330915       -34.195828501330915     
         155   39.469487778961557        39.469487778961557     
         156  -17.288274136787180       -17.288274136787180     
         157  -1.8423410863177347        1.8423410863177347     
         158   2.1159020708907956       -2.1159020708907956     
         159  -23.206922877534335       -23.206922877534335     
         160  -22.235793494163008        22.235793494163008     
         161   33.153420520639877        33.153420520639877     
         162   23.793103345197466       -23.793103345197466     
         163  -38.367514027869838       -38.367514027869838     
         164  -20.078632318550778        20.078632318550778     
         165   1.9563210966724711       -1.9563210966724711     
         166   37.457393793662973        37.457393793662973     
         167   26.298428954532980       -26.298428954532980     
         168  -7.6982933703259588        7.6982933703259588     
         169  -1.4805854070254580        1.4805854070254580     
         170  0.76300277101770841      -0.76300277101770841     
         171 -0.42408389461999113       0.42408389461999113     
         172  0.22711490428958389      -0.22711490428958389     
         173 -0.12380582846735318       0.12380582846735318     
         174  -38.662873350360513       -38.662873350360513     
         175  -18.488683889583996        18.488683889583996     
         176   36.611244661134471        36.611244661134471     
         177   28.330979405526936       -28.330979405526936     
         178  -8.6809201622737664        8.6809201622737664     
         179  -1.6129355637429299        1.6129355637429299     
         180  -38.117406134776303       -38.117406134776303     
         181  -16.430567873167785        16.430567873167785     
         182   33.800327365051785        33.800327365051785     
         183   28.696132808630445       -28.696132808630445     
         184  -18.597317247525307       -18.597317247525307     
         185  -30.978282465493301        30.978282465493301     
         186   15.869683737367751        15.869683737367751     
         187  -36.336036690879993       -36.336036690879993     
         188   22.096100539797543        22.096100539797543     
         189   13.340813537558915       -13.340813537558915     
         190  -9.6843819667321647        9.6843819667321647     
         191   14.791090027691231        14.791090027691231     
         192  -35.304624435275976       -35.304624435275976     
         193   23.983470112984882        23.983470112984882     
         194   13.953213186600117       -13.953213186600117     
         195  -14.738628574849088        14.738628574849088     
         196  -7.2157860597064694E-002  -7.2157860597064694E-002
         197   14.956407226926441       -14.956407226926441     
         198  -15.206385069726347        15.206385069726347     
         199   15.274473028306918       -15.274473028306918     
         200  -15.313549193989173        15.313549193989173     
         201   15.306809205781835       -15.306809205781835     
         202   20.302068375386121        20.302068375386121     
         203  -38.364045946664213       -38.364045946664213     
         204   28.633710994870384        28.633710994870384     
         205  -21.344750408878191       -21.344750408878191     
         206   40.115732357590026        40.115732357590026     
         207  -17.422645203022682       -17.422645203022682     
         208  -25.780118257180654       -25.780118257180654     
         209  -21.117199408131302        21.117199408131302     
         210   35.567705859037027        35.567705859037027     
         211  -19.979484335272151       -19.979484335272151     
         212   22.386105997481170       -22.386105997481170     
         213   15.263383093904134        15.263383093904134     
         214  0.37390218609023806      -0.37390218609023806     
         215  -36.377101578374429       -36.377101578374429     
         216   23.903436314491760        23.903436314491760     
         217   4.6568822588493859        4.6568822588493859     
         218  -6.7402860764974095        6.7402860764974095     
         219   7.4465512918103656       -7.4465512918103656     
         220  -13.337071790652558       -13.337071790652558     
         221   34.163560198096263        34.163560198096263     
         222  -8.7014574169303476        8.7014574169303476     
         223  -7.0072964472870725       -7.0072964472870725     
         224   12.054298112847350       -12.054298112847350     
         225  -5.3869030824929522        5.3869030824929522     
         226  -36.267476316765134       -36.267476316765134     
         227   38.768048781294155        38.768048781294155     
         228 -0.83125888427270134       0.83125888427270134     
         229  0.36046861199040842      -0.36046861199040842     
         230  -30.977259728731180       -30.977259728731180     
         231  -19.712434249972777        19.712434249972777     
         232   12.037480414400390       -12.037480414400390     
         233  -4.7362190740919115        4.7362190740919115     
         234   23.189901653652051        23.189901653652051     
         235   24.490139683075459       -24.490139683075459     
         236  -9.2807625563341229        9.2807625563341229     
         237  -1.5063362763415489        1.5063362763415489     
         238  0.85551705397006905      -0.85551705397006905     
         239  -37.059293904864681       -37.059293904864681     
         240   25.763678019234352        25.763678019234352     
         241  -3.1948785293572022       -3.1948785293572022     
         242  -14.632658883872224        14.632658883872224     
         243  -9.5167107986256632       -9.5167107986256632     
         244   3.0032584386661889       -3.0032584386661889     
         245   28.469039736620971        28.469039736620971     
         246   17.955312386961417       -17.955312386961417     
         247  -6.7713893350114658        6.7713893350114658     
         248  -3.9197190261078381E-002   3.9197190261078381E-002
         249   1.6043633709916766E-002  -1.6043633709916766E-002
         250  -6.5596490609123540E-003   6.5596490609123540E-003
         251   2.6696663352563789E-003  -2.6696663352563789E-003
         252  -38.047856250232464       -38.047856250232464     
         253  -22.269675933797952        22.269675933797952     
         254   2.8765354839536337       -2.8765354839536337     
         255   1.7839010776543176       -1.7839010776543176     
         256   38.778615224612182        38.778615224612182     
         257  -23.981759004083671       -23.981759004083671     
         258   2.2200638974389864        2.2200638974389864     
         259  -6.2813346558861172       -6.2813346558861172     
         260   9.2089597113589381       -9.2089597113589381     
         261   27.530877511442320        27.530877511442320     
         262   13.676378970893735       -13.676378970893735     
         263  -5.6682772137253039        5.6682772137253039     
         264  -37.848016641527764       -37.848016641527764     
         265   36.621567259907771        36.621567259907771     
         266  -38.540339096218183       -38.540339096218183     
         267  -20.846136500958789        20.846136500958789     
         268   38.268079605947463        38.268079605947463     
         269   27.109436076256262       -27.109436076256262     
         270  -38.878593475267351       -38.878593475267351     
         271  -25.012495613658125        25.012495613658125     
         272   1.2158939564287010       -1.2158939564287010     
         273  0.47738378950349708      -0.47738378950349708     
         274   38.639906400041959        38.639906400041959     
         275   26.141400855623594       -26.141400855623594     
         276  -7.5955966608742713        7.5955966608742713     
         277  -38.761774064429687       -38.761774064429687     
         278  -21.841394667111157        21.841394667111157     
         279   1.8849913782670458       -1.8849913782670458     
         280   38.596773934654244        38.596773934654244     
         281  -30.780219453199763       -30.780219453199763     
         282   4.8814710162967101       -4.8814710162967101     
         283 -0.82258651722887877       0.82258651722887877     
         284   33.758518440730704        33.758518440730704     
         285  -26.789811457392251       -26.789811457392251     
         286   14.164433890160710        14.164433890160710     
         287   23.665737376790023       -23.665737376790023     
         288  -15.533745938399885        15.533745938399885     
         289   8.9588248536117803       -8.9588248536117803     
         290  -8.0104313828760212        8.0104313828760212     
         291  -25.352000285905635       -25.352000285905635     
         292   39.694856563635362        39.694856563635362     
         293   7.7116190174347796       -7.7116190174347796     
         294  -3.1287451307885092        3.1287451307885092     
         295  0.81310627021469417      -0.81310627021469417     
         296  -34.944036756784406       -34.944036756784406     
         297  -22.832832820723020        22.832832820723020     
         298   24.413215691941133        24.413215691941133     
         299  -37.403747379624399       -37.403747379624399     
         300   2.3771430956831865       -2.3771430956831865     
         301   35.225148547640373        35.225148547640373     
         302   29.945902386638252       -29.945902386638252     
         303  -13.827998802434557        13.827998802434557     
         304   6.2833462220197474       -6.2833462220197474     
         305  -23.431689694066097       -23.431689694066097     
         306   40.172073003961948        40.172073003961948     
         307  -5.8017708281996931        5.8017708281996931     
         308  -21.492392093947053       -21.492392093947053     
         309  0.71479632024206841      -0.71479632024206841     
         310 -0.73386937072961167       0.73386937072961167     
         311  -13.669626351816618       -13.669626351816618     
         312  -14.357847751441494        14.357847751441494     
         313   9.2912027191288509       -9.2912027191288509     
         314   27.769026106450823        27.769026106450823     
         315   15.798291891279089       -15.798291891279089     
         316  -6.0765765096704669        6.0765765096704669     
         317  0.42250658311230460      -0.42250658311230460     
         318  -38.735274867885124       -38.735274867885124     
         319   35.239874802258704        35.239874802258704     
         320  -36.732727282207897       -36.732727282207897     
         321  -21.771533803292524        21.771533803292524     
         322   38.464444328086280        38.464444328086280     
         323  -31.681119162542679       -31.681119162542679     
         324   30.661599231744983        30.661599231744983     
         325   28.863488149915700       -28.863488149915700     
         326  -35.075287630107304       -35.075287630107304     
         327  -27.932991991056870        27.932991991056870     
         328   2.0762431684449036       -2.0762431684449036     
         329   38.442448973613146        38.442448973613146     
         330  -28.866081936625886       -28.866081936625886     
         331   7.9624169029561154       -7.9624169029561154     
         332  -4.0753144919274700        4.0753144919274700     
         333   24.158164863896676        24.158164863896676     
         334  -37.502140901873091       -37.502140901873091     
         335   37.712248290225205        37.712248290225205     
         336   23.905814365021236       -23.905814365021236     
         337  -9.3912235157599504        9.3912235157599504     
         338  -36.030315276940073       -36.030315276940073     
         339  -21.625491077462765        21.625491077462765     
         340   1.9924928351213453       -1.9924928351213453     
         341   38.743388602996767        38.743388602996767     
         342  -32.388620336152776       -32.388620336152776     
         343   32.158631635165847        32.158631635165847     
         344  -32.866197662415175       -32.866197662415175     
         345   3.5299389659271472       -3.5299389659271472     
         346   35.762052174836633        35.762052174836633     
         347   23.121494085511987       -23.121494085511987     
         348  -6.4209249272770483        6.4209249272770483     
         349  -38.450102229770067       -38.450102229770067     
         350  -23.705568905775458        23.705568905775458     
         351   3.8104275566556303       -3.8104275566556303     
         352   1.6773366018455229       -1.6773366018455229     
         353   37.960738009151811        37.960738009151811     
         354  -29.605485623459138       -29.605485623459138     
         355   21.545333373734433        21.545333373734433     
         356  -37.323330778671675       -37.323330778671675     
         357   6.3888846963798762E-002  -6.3888846963798762E-002
         358   2.1915688971390193E-002  -2.1915688971390193E-002
         359   7.4447279951581182E-003  -7.4447279951581182E-003
         360   35.674997400383049        35.674997400383049     
         361   26.764078360900214       -26.764078360900214     
         362  -13.525483038276398        13.525483038276398     
         363   5.1342583302541760       -5.1342583302541760     
         364  -24.440336300297563       -24.440336300297563     
         365   40.150580339921383        40.150580339921383     
         366  -3.3793455126001741        3.3793455126001741     
         367  0.75885635953012798      -0.75885635953012798     
         368  -29.093453073011897       -29.093453073011897     
         369   18.250027218352894        18.250027218352894     
         370  -36.211523388519467       -36.211523388519467     
         371   35.684718843306200        35.684718843306200     
         372   3.0937357022665850       -3.0937357022665850     
         373  -1.6783782194501926        1.6783782194501926     
         374  0.82842647637527911      -0.82842647637527911     
         375 -0.43448982276588727       0.43448982276588727     
         376  0.22132909383531651      -0.22132909383531651     
         377  -34.663058294818988       -34.663058294818988     
         378   36.448941881879513        36.448941881879513     
         379  -37.034821392931804       -37.034821392931804     
         380  -22.176917741075005        22.176917741075005     
         381   2.2110344824576540       -2.2110344824576540     
         382   38.614934427495015        38.614934427495015     
         383   27.502322501082336       -27.502322501082336     
         384  -36.784059582015800       -36.784059582015800     
         385   34.405185336418285        34.405185336418285     
         386  -8.1823509639136009        8.1823509639136009     
         387   1.2247855063648130       -1.2247855063648130     
         388 -0.57933941518792975       0.57933941518792975     
         389  0.26011558562434384      -0.26011558562434384     
         390  -35.866679713825860       -35.866679713825860     
         391  -22.700013669766477        22.700013669766477     
         392   2.4528307143092754       -2.4528307143092754     
         393   38.424834041449202        38.424834041449202     
         394  -33.186330547420674       -33.186330547420674     
         395   3.8513535137191646       -3.8513535137191646     
         396   34.788461304043530        34.788461304043530     
         397   23.573657049847441       -23.573657049847441     
         398  -6.5746820436217170        6.5746820436217170     
         399 -0.32000595727168285       0.32000595727168285     
         400   8.9812593593794024E-002  -8.9812593593794024E-002
         401  -38.739840275346808       -38.739840275346808     
         402  -23.629965793689845        23.629965793689845     
         403   3.3020194441423105       -3.3020194441423105     
         404   1.3077366404897428       -1.3077366404897428     
         405  0.21931573762498946      -0.21931573762498946     
         406   38.178328374015834        38.178328374015834     
         407   25.699266541949207       -25.699266541949207     
         408  -6.6828188212815780        6.6828188212815780     
         409 -0.17346841474232905       0.17346841474232905     
         410   5.1239605202204719E-002  -5.1239605202204719E-002
         411  -1.5337458019409469E-002   1.5337458019409469E-002
         412  -38.617821501080563       -38.617821501080563     
         413   37.765296113533068        37.765296113533068     
         414  -1.9842063994568841E-002   1.9842063994568841E-002
         415   6.4199636760070150E-003  -6.4199636760070150E-003
         416  -2.0761055942742153E-003   2.0761055942742153E-003
         417   6.7407667013434007E-004  -6.7407667013434007E-004
         418  -2.1505369922479974E-004   2.1505369922479974E-004
         419   5.5241096651669227E-005  -5.5241096651669227E-005
         420  -38.232371148487019       -38.232371148487019     
         421  -23.411097083459413        23.411097083459413     
         422   2.7973211905785780       -2.7973211905785780     
         423   1.1064642919142238       -1.1064642919142238     
         424   38.379640826833729        38.379640826833729     
         425  -33.914027287687560       -33.914027287687560     
         426   33.090868641372801        33.090868641372801     
         427  -35.098063905241055       -35.098063905241055     
         428   36.074307265827422        36.074307265827422     
         429   26.432298680467927       -26.432298680467927     
         430  -6.7880501629841241        6.7880501629841241     
         431  -2.6193625840844885E-002   2.6193625840844885E-002
         432  -38.310876423005368       -38.310876423005368     
         433   37.892829790209092        37.892829790209092     
         434  -2.9371652827431944E-002   2.9371652827431944E-002
         435   9.2912505443269681E-003  -9.2912505443269681E-003
         436  -2.9237783022621686E-003   2.9237783022621686E-003
         437  -38.046100928101616       -38.046100928101616     
         438   37.849313840805095        37.849313840805095     
         439  -2.5559170627010363E-002   2.5559170627010363E-002
         440   8.1735933045172723E-003  -8.1735933045172723E-003
         441  -37.891610219503605       -37.891610219503605     
         442   37.896336081885444        37.896336081885444     
         443  -5.4163211740686553E-003   5.4163211740686553E-003
         444  -37.876429359914162       -37.876429359914162     
         445  -23.540772241807375        23.540772241807375     
         446   2.8983209785262511       -2.8983209785262511     
         447   1.0645948235797866       -1.0645948235797866     
         448  0.19722089273158949      -0.19722089273158949     
         449   38.234637259742158        38.234637259742158     
         450   26.352834751505593       -26.352834751505593     
         451  -36.554343493646350       -36.554343493646350     
         452   37.199391712998299        37.199391712998299     
         453  -6.7132291815022027        6.7132291815022027     
         454 -0.18324437834290530       0.18324437834290530     
         455  -38.386765800684977       -38.386765800684977     
         456  -23.769767706231161        23.769767706231161     
         457   3.2231650413900863       -3.2231650413900863     
         458   37.372950235753329        37.372950235753329     
         459  -34.818613118184786       -34.818613118184786     
         460   2.4568399602867985       -2.4568399602867985     
         461   2.5631346848176452E-002  -2.5631346848176452E-002
         462  -2.2826432382106552E-003   2.2826432382106552E-003
         463   2.1094004958962625E-004  -2.1094004958962625E-004
         464   35.690341611072604        35.690341611072604     
         465   24.993834185469883       -24.993834185469883     
         466  -6.7147944087980456        6.7147944087980456     
         467  -9.5082355062187707E-002   9.5082355062187707E-002
         468   2.6260012062092955E-002  -2.6260012062092955E-002
         469  -7.3016960964056308E-003   7.3016960964056308E-003
         470   2.0323652834994366E-003  -2.0323652834994366E-003
         471  -5.6404343506273179E-004   5.6404343506273179E-004
         472  -38.205728033115861       -38.205728033115861     
         473  -23.875101221004098        23.875101221004098     
         474   35.627256013906859        35.627256013906859     
         475   29.408847119993318       -29.408847119993318     
         476  -6.7322411572696614        6.7322411572696614     
         477  -36.071063226339952       -36.071063226339952     
         478   38.858243660910524        38.858243660910524     
         479  -38.332945897463489       -38.332945897463489     
         480   39.271409170230164        39.271409170230164     
         481   1.5953757611072568       -1.5953757611072568     
         482  -38.644415669107474       -38.644415669107474     
         483  -24.457176168827115        24.457176168827115     
         484   34.476589650588799        34.476589650588799     
         485  -36.345020327817089       -36.345020327817089     
         486   36.664177474487659        36.664177474487659     
         487   29.499821560927121       -29.499821560927121     
         488  -6.6717725550914464        6.6717725550914464     
         489   1.2016392479466060       -1.2016392479466060     
         490  -35.403070716872172       -35.403070716872172     
         491   39.144262602505357        39.144262602505357     
         492  -38.570559113288013       -38.570559113288013     
         493  -23.975861222933805        23.975861222933805     
         494   3.7626234488228079       -3.7626234488228079     
         495   1.0368302142018697       -1.0368302142018697     
         496   36.944911935753055        36.944911935753055     
         497  -35.660259053315556       -35.660259053315556     
         498   35.384459377986907        35.384459377986907     
         499  -35.966967355326460       -35.966967355326460     
         500  0.43822901967457556      -0.43822901967457556     
         501  -1.5049842412885842E-003   1.5049842412885842E-003
         502   36.321080575125940        36.321080575125940     
         503   25.626525953184384       -25.626525953184384     
         504  -35.836740669703303       -35.836740669703303     
         505  -29.472688207929430        29.472688207929430     
         506   33.404350566680698        33.404350566680698     
         507   28.974323849527853       -28.974323849527853     
         508  -7.5156314667148685        7.5156314667148685     
         509  -35.197845071716330       -35.197845071716330     
         510  -22.532720682243998        22.532720682243998     
         511   35.250368141346335        35.250368141346335     
         512  -36.636413551225274       -36.636413551225274     
         513   2.5984974587687102       -2.5984974587687102     
         514   37.795711994678001        37.795711994678001     
         515   27.787620258244328       -27.787620258244328     
         516  -7.1334063153227492        7.1334063153227492     
         517  -36.389295818908309       -36.389295818908309     
         518  -23.261943794380908        23.261943794380908     
         519   35.132981351299335        35.132981351299335     
         520   29.455140748599771       -29.455140748599771     
         521  -6.9729663535056599        6.9729663535056599     
         522   1.2623415347075195       -1.2623415347075195     
         523  -34.520683817299648       -34.520683817299648     
         524  -23.864176936116365        23.864176936116365     
         525   34.150466618954233        34.150466618954233     
         526  -37.040484064807458       -37.040484064807458     
         527   2.3278150391566879       -2.3278150391566879     
         528   38.141466113658169        38.141466113658169     
         529  -36.836005686396163       -36.836005686396163     
         530   1.3917293286959169       -1.3917293286959169     
         531  0.27652096002151783      -0.27652096002151783     
         532   3.7362799718574272E-002  -3.7362799718574272E-002
         533   37.814240669040124        37.814240669040124     
         534  -36.601676844724324       -36.601676844724324     
         535   36.681459862542120        36.681459862542120     
         536  -36.558223685012983       -36.558223685012983     
         537   36.524380885496413        36.524380885496413     
         538  -36.601525129519672       -36.601525129519672     
         539   36.583237066040944        36.583237066040944     
         540   26.722990608931816       -26.722990608931816     
         541  -6.9808733771910578        6.9808733771910578     
         542  0.39217741745139406      -0.39217741745139406     
         543  -36.432110829799996       -36.432110829799996     
         544  -23.966159418960817        23.966159418960817     
         545   3.5748505995173643       -3.5748505995173643     
         546   36.216632804816072        36.216632804816072     
         547  -36.785508244738772       -36.785508244738772     
         548   36.806581598478843        36.806581598478843     
         549   26.951818340722951       -26.951818340722951     
         550  -33.678769633481316       -33.678769633481316     
         551   39.850692598100714        39.850692598100714     
         552  -39.476025589267820       -39.476025589267820     
         553  -29.613928635967156        29.613928635967156     
         554   4.9203304935203578       -4.9203304935203578     
         555   33.329046918606345        33.329046918606345     
         556  -37.261911300793280       -37.261911300793280     
         557  -1.7471868282508989        1.7471868282508989     
         558   37.365253377290699        37.365253377290699     
         559  -36.909221631512928       -36.909221631512928     
         560  0.14867842555720615      -0.14867842555720615     
         561   1.0689539792098081E-002  -1.0689539792098081E-002
         562   36.980698056277923        36.980698056277923     
         563   26.348836537581739       -26.348836537581739     
         564  -6.9370506236591085        6.9370506236591085     
         565  0.41923814332132081      -0.41923814332132081     
         566  -36.130400431895886       -36.130400431895886     
         567  -23.977686484080838        23.977686484080838     
         568   33.687625969009822        33.687625969009822     
         569   29.425909525035891       -29.425909525035891     
         570  -29.539321643578347       -29.539321643578347     
         571   40.006314557327414        40.006314557327414     
         572  -5.4195889543535722        5.4195889543535722     
         573  -36.969040025222249       -36.969040025222249     
         574  -22.718047253268452        22.718047253268452     
         575   8.4992792066653244       -8.4992792066653244     
         576   27.138472196323367        27.138472196323367     
         577   20.056811096257182       -20.056811096257182     
         578  -7.2930486366252731        7.2930486366252731     
         579  -34.096083261295696       -34.096083261295696     
         580  -22.417491219649488        22.417491219649488     
         581   3.7917227169263326       -3.7917227169263326     
         582  0.70397268671417601      -0.70397268671417601     
         583   35.795889507185962        35.795889507185962     
         584   25.845702957487052       -25.845702957487052     
         585  -33.302649111538948       -33.302649111538948     
         586   40.070312987645046        40.070312987645046     
         587  -39.458139535216901       -39.458139535216901     
         588  -29.506604563658943        29.506604563658943     
         589   5.3576138896223497       -5.3576138896223497     
         590   32.114796923099483        32.114796923099483     
         591   24.183741801064222       -24.183741801064222     
         592  -32.141053006651894       -32.141053006651894     
         593   40.109441543293109        40.109441543293109     
         594  -39.437273970703416       -39.437273970703416     
         595  -29.490637450588277        29.490637450588277     
         596   26.833532790334125        26.833532790334125     
         597  -36.914557925045941       -36.914557925045941     
         598  0.73017404968739741      -0.73017404968739741     
         599   38.889383393287346        38.889383393287346     
         600  -37.573201746599068       -37.573201746599068     
         601  0.53515520107674819      -0.53515520107674819     
         602   38.718266352423797        38.718266352423797     
         603  -37.627681598584523       -37.627681598584523     
         604   38.220180454625194        38.220180454625194     
         605  -37.554387111996711       -37.554387111996711     
         606   37.777981496752219        37.777981496752219     
         607  -37.508565853673758       -37.508565853673758     
         608  0.78181715176721367      -0.78181715176721367     
         609  0.16500966648876539      -0.16500966648876539     
         610   2.9520141179987629E-002  -2.9520141179987629E-002
         611   37.906339199048681        37.906339199048681     
         612  -37.509436259779513       -37.509436259779513     
         613  0.15393588107860012      -0.15393588107860012     
         614   37.647860998294448        37.647860998294448     
         615  -37.498245651341037       -37.498245651341037     
         616   37.510262428680996        37.510262428680996     
         617  -37.500732484423821       -37.500732484423821     
         618   9.9534307478701511E-002  -9.9534307478701511E-002
         619   1.4461190688105365E-002  -1.4461190688105365E-002
         620   37.527565993323655        37.527565993323655     
         621   26.847045434370145       -26.847045434370145     
         622  -31.407271239827523       -31.407271239827523     
         623   40.006776300587099        40.006776300587099     
         624  -5.4042474408237258        5.4042474408237258     
         625 -0.86138709353275289       0.86138709353275289     
         626   4.6738107348253330E-002  -4.6738107348253330E-002
         627  -3.6066887805174647E-003   3.6066887805174647E-003
         628   2.8367304733984663E-004  -2.8367304733984663E-004
         629  -37.805166273709290       -37.805166273709290     
         630   36.962082288660945        36.962082288660945     
         631  -38.291735719119224       -38.291735719119224     
         632  -23.172736722384389        23.172736722384389     
         633   24.591685905487477        24.591685905487477     
         634   27.881186403696894       -27.881186403696894     
         635  -9.6259148552566138        9.6259148552566138     
         636  -25.751954447125357       -25.751954447125357     
         637   37.764171484122905        37.764171484122905     
         638  -37.897566601761312       -37.897566601761312     
         639   37.874687515652703        37.874687515652703     
         640   6.6959515026564667       -6.6959515026564667     
         641  -38.821515252844762       -38.821515252844762     
         642   39.948685607168692        39.948685607168692     
         643  -38.844209606925411       -38.844209606925411     
         644   39.461687240585618        39.461687240585618     
         645  -1.5312861591136377        1.5312861591136377     
         646   4.9097672926723207E-002  -4.9097672926723207E-002
         647  -3.6470388996621976E-003   3.6470388996621976E-003
         648  -38.408003815903889       -38.408003815903889     
         649   38.279357237501351        38.279357237501351     
         650   3.4329329606197799E-002  -3.4329329606197799E-002
         651  -38.471845099084156       -38.471845099084156     
         652   38.420715465189154        38.420715465189154     
         653  -38.496801052632208       -38.496801052632208     
         654  -23.531159715717308        23.531159715717308     
         655   24.953020406826738        24.953020406826738     
         656  -35.372638221551938       -35.372638221551938     
         657  0.69786314845846364      -0.69786314845846364     
         658  0.25404256484193904      -0.25404256484193904     
         659   8.4442681369120545E-002  -8.4442681369120545E-002
         660   38.837277608136134        38.837277608136134     
         661   27.720923856186701       -27.720923856186701     
         662  -26.336193642849942       -26.336193642849942     
         663   38.071285665950739        38.071285665950739     
         664  -39.134914157481134       -39.134914157481134     
         665  -28.193931669275354        28.193931669275354     
         666   6.6867483702683499       -6.6867483702683499     

   k   test 
         666   1239.5002731794536     
