 k   gradient vector, at each step of the optimization (k):

           1   5.5041495735037191        5.5041495735037191     
           2 -0.17580416867580517       0.17580416867580517     
           3  -1.2059720995511301       -1.2059720995511301     
           4   1.4811039974355560        1.4811039974355560     
           5   5.5540955642573497E-002  -5.5540955642573497E-002
           6  -1.7843969450454951       -1.7843969450454951     
           7  -1.6255190790482463        1.6255190790482463     
           8  -5.8507341389937843E-002   5.8507341389937843E-002
           9   3.7813066362186822E-002  -3.7813066362186822E-002
          10  -2.4633894823919488E-002   2.4633894823919488E-002
          11  0.93711560596618759       0.93711560596618759     
          12  -1.0283313455071403       -1.0283313455071403     
          13  -2.7443212465600272E-002   2.7443212465600272E-002
          14   1.1046905041753257        1.1046905041753257     
          15  -1.1964253427185085       -1.1964253427185085     
          16  -2.3743740038034568E-002   2.3743740038034568E-002
          17   1.2721285697907507        1.2721285697907507     
          18  -1.3591846114816861       -1.3591846114816861     
          19  -2.2207544491684390E-002   2.2207544491684390E-002
          20   1.4281833390684000        1.4281833390684000     
          21  -1.5049383063451169       -1.5049383063451169     
          22  -1.7005289482248435E-002   1.7005289482248435E-002
          23   1.3172522187059159E-002  -1.3172522187059159E-002
          24  -1.0188672099076916E-002   1.0188672099076916E-002
          25   1.5654255443624792        1.5654255443624792     
          26  -1.6190556004185315       -1.6190556004185315     
          27   1.6626788384676072        1.6626788384676072     
          28  -1.7046314806122498       -1.7046314806122498     
          29  -3.2245841357770727E-002   3.2245841357770727E-002
          30   1.7230027467713591        1.7230027467713591     
          31  -1.7449099869445079       -1.7449099869445079     
          32   1.7593889278103862        1.7593889278103862     
          33  -1.7697828788829875       -1.7697828788829875     
          34   1.7742943942916714        1.7742943942916714     
          35  0.75232476308611240      -0.75232476308611240     
          36  -1.4149813288122448       -1.4149813288122448     
          37   1.4890985467736413        1.4890985467736413     
          38  -1.5674436905184730       -1.5674436905184730     
          39   1.6339993265770234        1.6339993265770234     
          40   5.6060486969215548E-002  -5.6060486969215548E-002
          41  -1.6700070733691008       -1.6700070733691008     
          42   1.7288675805754667        1.7288675805754667     
          43  -1.7887766203039572       -1.7887766203039572     
          44   1.8356228413349021        1.8356228413349021     
          45   7.7033356689588398E-002  -7.7033356689588398E-002
          46  -1.8359311063132002       -1.8359311063132002     
          47  -1.1684698896291448        1.1684698896291448     
          48  0.58629580312640417      -0.58629580312640417     
          49   1.5410150399445472        1.5410150399445472     
          50  -1.5236692471605140       -1.5236692471605140     
          51   1.5052690932673347        1.5052690932673347     
          52  0.34631995292973661      -0.34631995292973661     
          53  -1.3065144272063616       -1.3065144272063616     
          54   1.3162661913542506        1.3162661913542506     
          55  -1.3232074203462663       -1.3232074203462663     
          56 -0.76082459496133314       0.76082459496133314     
          57  0.34995480971956272      -0.34995480971956272     
          58   1.1042389805011423        1.1042389805011423     
          59  -1.0758383242377321       -1.0758383242377321     
          60 -0.19362724938212997       0.19362724938212997     
          61  0.10333336407127708      -0.10333336407127708     
          62   1.0051080794824159        1.0051080794824159     
          63 -0.96603501011545023      -0.96603501011545023     
          64  -3.9297579498766194E-002   3.9297579498766194E-002
          65  0.91105181616012709       0.91105181616012709     
          66 -0.86856845826309659      -0.86856845826309659     
          67  0.82862528212074604       0.82862528212074604     
          68 -0.78721489784958476      -0.78721489784958476     
          69  0.74826810338820915       0.74826810338820915     
          70 -0.70826908919941600      -0.70826908919941600     
          71  0.67065039278724770       0.67065039278724770     
          72  0.37282781066925474      -0.37282781066925474     
          73  -7.3170428909555815E-002   7.3170428909555815E-002
          74 -0.49244966017064606      -0.49244966017064606     
          75  0.47117038299197983       0.47117038299197983     
          76 -0.44918844506598826      -0.44918844506598826     
          77  0.42784508775035912       0.42784508775035912     
          78  -1.5071669917357528E-002   1.5071669917357528E-002
          79 -0.41364234653550169      -0.41364234653550169     
          80 -0.20841145138250372       0.20841145138250372     
          81   6.4166065930601798E-002  -6.4166065930601798E-002
          82  -2.2589876033322791E-002   2.2589876033322791E-002
          83  0.30883516186599508       0.30883516186599508     
          84  0.15123482021413748      -0.15123482021413748     
          85 -0.21342878171133967      -0.21342878171133967     
          86 -0.13950988127245040       0.13950988127245040     
          87  0.13094499866570763       0.13094499866570763     
          88 -0.12024660298442416      -0.12024660298442416     
          89  0.11022473778155971       0.11022473778155971     
          90 -0.10073317979486118      -0.10073317979486118     
          91   9.1887356084192864E-002   9.1887356084192864E-002
          92  -8.3571060252853741E-002  -8.3571060252853741E-002
          93   5.0136252024035259E-002  -5.0136252024035259E-002
          94   9.9425611973955066E-002   9.9425611973955066E-002
          95  -9.0036185531851831E-002  -9.0036185531851831E-002
          96   8.1382301835920198E-002   8.1382301835920198E-002
          97  -7.3344277104923861E-002  -7.3344277104923861E-002
          98  -5.3422918595398602E-003   5.3422918595398602E-003
          99   6.3448251688103280E-002   6.3448251688103280E-002
         100   3.1169670819514765E-002  -3.1169670819514765E-002
         101  -4.2014960603439067E-002  -4.2014960603439067E-002
         102   3.7483650542189655E-002   3.7483650542189655E-002
         103  -3.3351129941126448E-002  -3.3351129941126448E-002
         104   2.9609950145529439E-002   2.9609950145529439E-002
         105  -2.6219057291313845E-002  -2.6219057291313845E-002
         106   2.3165190970762226E-002   2.3165190970762226E-002
         107  -1.2342123736704768E-002   1.2342123736704768E-002
         108   2.5803494516326488E-003  -2.5803494516326488E-003
         109  -2.5022892887058838E-002  -2.5022892887058838E-002
         110  -1.2306845792138974E-002   1.2306845792138974E-002
         111   1.6118028100503511E-002   1.6118028100503511E-002
         112   1.0183151329786685E-002  -1.0183151329786685E-002
         113  -2.1476039800880490E-003   2.1476039800880490E-003
         114  -1.0265707839928298E-002  -1.0265707839928298E-002
         115   8.8672780116395358E-003   8.8672780116395358E-003
         116  -7.6403014649831366E-003  -7.6403014649831366E-003
         117   6.5678160321414568E-003   6.5678160321414568E-003
         118  -5.6319636250359373E-003  -5.6319636250359373E-003
         119  -3.3299926381949959E-003   3.3299926381949959E-003
         120   6.7492551042054485E-004  -6.7492551042054485E-004
         121  -1.3640169973993513E-004   1.3640169973993513E-004
         122   2.7344430196814767E-005  -2.7344430196814767E-005
         123  -5.4571738907231891E-006   5.4571738907231891E-006

   k   test 
         124   4.1112002691079397E-011
