  -2.2000000000000002      -0.29999999999999999       0.10070493454179255     
  -2.4009453692580007      -0.50094536925800037        9.0781296187370616E-002
  -2.5239131236783425      -0.37797761483765863        8.6858299857071539E-002
  -2.6942924926886223      -0.54835698384793852        7.9618421277164939E-002
  -2.8528428025467982      -0.70690729370611438        7.3322222691148242E-002
  -2.9410514349939159      -0.61869866125899675        7.1262775645395751E-002
  -3.0780784794212175      -0.75572570568629860        6.6464223431586894E-002
  -3.1551789213883570      -0.67862526371915899        6.4868990078769909E-002
  -3.2328426406737689      -0.60096154443374705        6.3241401410313092E-002
  -3.3106389878430682      -0.52316519726444766        6.1598990292903617E-002
  -3.3881727427680777      -0.44563144233943830        5.9958142319418997E-002
  -3.4883916623977287      -0.54585036196908943        5.7251376282723046E-002
  -3.5837797983230328      -0.64123849789439347        5.4780519385451178E-002
  -3.6469798996947986      -0.57803839652262745        5.3663641557076425E-002
  -3.7333887558965939      -0.66444725272442262        5.1600434551908866E-002
  -3.8159135734826104      -0.74697207031043888        4.9703855299248798E-002
  -3.8689432434472573      -0.69394240034579202        4.8899091056992451E-002
  -3.9446864191176680      -0.76968557601620280        4.7274692386403944E-002
  -4.0172929465165783      -0.84229210341511340        4.5770573359795730E-002
  -4.0627961394960037      -0.79678891043568800        4.5164700906624111E-002
  -4.1301235122710640      -0.86411628321074829        4.3850769000655709E-002
  -4.1948860650513016      -0.92887883599098553        4.2625954918186652E-002
  -4.2346242155835769      -0.88914068545871050        4.2153871620140893E-002
  -4.2741566516461669      -0.84960824939612034        4.1683601914749312E-002
  -4.3134542087746874      -0.81031069226760000        4.1215884027855178E-002
  -4.3705489334883172      -0.86740541698122942        4.0234826319159513E-002
  -4.4257976654771802      -0.92265414897009235        3.9309758914321952E-002
  -4.4792905804582599      -0.97614706395117157        3.8436544071845727E-002
  -4.5311142692948234       -1.0279707527877351        3.7611347845238126E-002
  -4.5627719667147799      -0.99631305536777837        3.7297389774806670E-002
  -4.6118568272255116       -1.0453979158785101        3.6546928917226863E-002
  -4.6595139958325760       -1.0930550844855742        3.5834792881807125E-002
  -4.7058111922480279       -1.1393522809010261        3.5158304100057387E-002
  -4.7508126154441683       -1.1843537040971666        3.4514995384211614E-002
  -4.7945790099052354       -1.2281200985582337        3.3902595361989855E-002
  -4.8197987766466506       -1.2029003318168185        3.3695640705486848E-002
  -4.8616153978452061       -1.2447169530153743        3.3129449653787342E-002
  -4.9023550905645985       -1.2854566457347669        3.2588698707301945E-002
  -4.9420654814689122       -1.3251670366390811        3.2071759769031608E-002
  -4.9807915771122424       -1.3638931322824110        3.1577129977365559E-002
  -5.0023311897887819       -1.3423535196058718        3.1421610792756863E-002
  -5.0395293373193288       -1.3795516671364183        3.0959734355749419E-002
  -5.0758575065758205       -1.4158798363929102        3.0516604795276736E-002
  -5.1113514839318279       -1.4513738137489178        3.0091115953697734E-002
  -5.1460451384236796       -1.4860674682407700        2.9682242317155952E-002
  -5.1647671035727143       -1.4673455030917348        2.9561378267291293E-002
  -5.1982322853327823       -1.5008106848518030        2.9176591421192971E-002
  -5.2163079378595105       -1.4827350323250748        2.9062694664513656E-002
  -5.2343205824713754       -1.4647223877132096        2.8948986519727531E-002
  -5.2662166104876240       -1.4966184157294584        2.8593564834461377E-002
  -5.2974643794835456       -1.5278661847253800        2.8250579531494072E-002
  -5.3280874439518406       -1.5584892491936750        2.7919387587033676E-002
  -5.3445203155911054       -1.5420563775544101        2.7822730596247590E-002
  -5.3741799188090305       -1.5717159807723353        2.7508726444509100E-002
  -5.4032741313328589       -1.6008101932961640        2.7204988375183259E-002
  -5.4318223832738157       -1.6293584452371206        2.6911016293068666E-002
  -5.4469116636483728       -1.6142691648625640        2.6827840024914257E-002
  -5.4619515055387593       -1.5992293229721777        2.6744798080841240E-002
  -5.4893532175741750       -1.6266310350075932        2.6469782818809039E-002
  -5.5162700030545322       -1.6535478204879503        2.6203078214461585E-002
  -5.5305184845219708       -1.6392993390205119        2.6127440174282233E-002
  -5.5447204980498848       -1.6250973254925984        2.6051933625961008E-002
  -5.5706130773639622       -1.6509899048066761        2.5801459297884168E-002
  -5.5960721537911624       -1.6764489812338765        2.5558122472702248E-002
  -5.6095671306710191       -1.6629540043540201        2.5488967990800051E-002
  -5.6343541797515364       -1.6877410534345372        2.5256086050485613E-002
  -5.6587426134005145       -1.7121294870835155        2.5029562826353269E-002
  -5.6827441153859723       -1.7361309890689738        2.4809136187545457E-002
  -5.7063698965021548       -1.7597567701851566        2.4594557921991049E-002
  -5.7296307177387380       -1.7830175914217403        2.4385592860334326E-002
  -5.7525369122244028       -1.8059237859074055        2.4182018061355698E-002
  -5.7750984059745143       -1.8284852796575171        2.3983622054608442E-002
  -5.7866349044635745       -1.8169487811684566        2.3931204645740833E-002
  -5.7981373409945007       -1.8054463446375306        2.3878867398904772E-002
  -5.8199771534511449       -1.8272861570941747        2.3690446169735070E-002
  -5.8415033822129887       -1.8488123858560184        2.3506586038635188E-002
  -5.8627243189614306       -1.8700333226044605        2.3327118407790462E-002
  -5.8836479482930537       -1.8909569519360832        2.3151882796836203E-002
  -5.8942446591576365       -1.8803602410715008        2.3106495086670287E-002
  -5.9147112034280926       -1.9008267853419567        2.2937383808913175E-002
  -5.9250800092785374       -1.8904579794915117        2.2893560893227364E-002
  -5.9354194334525570       -1.8801185553174917        2.2849804997129203E-002
  -5.9457294175661479       -1.8698085712039005        2.2806118454724147E-002
  -5.9654421547393781       -1.8895213083771309        2.2646573271146105E-002
  -5.9755380193834551       -1.8794254437330538        2.2604338712847886E-002
  -5.9948434718812420       -1.8987308962308405        2.2450051698396888E-002
  -6.0047337834740349       -1.8888405846380480        2.2409191285630972E-002
  -6.0236481712077889       -1.9077549723718021        2.2259882815143670E-002
  -6.0423264249066673       -1.9264332260706802        2.2113691370215158E-002
  -6.0607740010639946       -1.9448808022280075        2.1970516836506422E-002
  -6.0789961784453332       -1.9631029796093467        2.1830263314879823E-002
  -6.0969980652579681       -1.9811048664219817        2.1692838907106334E-002
  -6.1147846061173787       -1.9988914072813924        2.1558155513091922E-002
  -6.1237005236906130       -1.9899754897081583        2.1524025614596216E-002
  -6.1411540599915586       -2.0074290260091039        2.1393328449094674E-002
  -6.1584048140909280       -2.0246797801084728        2.1265158678961563E-002
  -6.1754571706175057       -2.0417321366350505        2.1139440632313222E-002
  -6.1923153796634827       -2.0585903456810275        2.1016101624471803E-002
  -6.2006661819785540       -2.0502395433659557        2.0985591104365708E-002
  -6.2172245464510194       -2.0667979078384211        2.0865703580435189E-002
  -6.2254286880814904       -2.0585937662079496        2.0836037397517979E-002
  -6.2416975257927341       -2.0748626039191937        2.0719444233868865E-002
  -6.2577893472229436       -2.0909544253494028        2.0604954065260871E-002
  -6.2737077487871904       -2.1068728269136496        2.0492507907702521E-002
  -6.2894562228271216       -2.1226213009535813        2.0382048966342527E-002
  -6.3050381614421687       -2.1382032395686283        2.0273522536039149E-002
  -6.3204568601318680       -2.1536219382583277        2.0166875907341460E-002
  -6.3279597785847628       -2.1461190198054334        2.0141432410654640E-002
  -6.3354444098647855       -2.1386343885254111        2.0116024029316334E-002
  -6.3505203142150810       -2.1537102928757061        2.0012977901075955E-002
  -6.3578848000742259       -2.1463458070165613        1.9988207175912525E-002
  -6.3727196837571922       -2.1611806906995277        1.9887730521258001E-002
  -6.3799677639728669       -2.1539326104838525        1.9863571287642864E-002
  -6.3871984283403913       -2.1467019461163277        1.9839446104731789E-002
  -6.4017150029688903       -2.1612185207448262        1.9742237266338572E-002
  -6.4160900117802493       -2.1755935295561848        1.9646589970525104E-002
  -6.4303260427718580       -2.1898295605477931        1.9552464989473300E-002
  -6.4444256162487692       -2.2039291340247043        1.9459824405409089E-002
  -6.4583911870947919       -2.2178947048707265        1.9368631556773843E-002
  -6.4651524739996171       -2.2111334179659012        1.9347109537878403E-002
  -6.4718980900907130       -2.2043878018748053        1.9325616954386862E-002
  -6.4786280777587466       -2.1976578142067718        1.9304154106893678E-002
  -6.4853424792818561       -2.1909434126836627        1.9282721290564367E-002
  -6.4920413367727718       -2.1842445551927470        1.9261318795365998E-002
  -6.5055022091152450       -2.1977054275352206        1.9174915600348626E-002
  -6.5121046186884382       -2.1911030179620274        1.9153991560612333E-002
  -6.5253724089942517       -2.2043708082678415        1.9069508760047756E-002
  -6.5385218936262239       -2.2175202928998141        1.8986260948177756E-002
  -6.5515550538661058       -2.2305534531396960        1.8904219798832465E-002
  -6.5644738234828939       -2.2434722227564841        1.8823357851350708E-002
  -6.5707563209382318       -2.2371897253011461        1.8804112419380681E-002
  -6.5770247779970745       -2.2309212682423039        1.8784893655381683E-002
  -6.5832792367146240       -2.2246668095247544        1.8765701759263807E-002
  -6.5958901324728290       -2.2372777052829598        1.8687684222148778E-002
  -6.6083940283918654       -2.2497816012019962        1.8610748948683292E-002
  -6.6207926319556609       -2.2621802047657917        1.8534872332634199E-002
  -6.6268254153415693       -2.2561474213798829        1.8516798420275014E-002
  -6.6328450054665336       -2.2501278312549187        1.8498749479257309E-002
  -6.6388514435055672       -2.2441213932158850        1.8480725668470185E-002
  -6.6509656256184986       -2.2562355753288164        1.8407411815576553E-002
  -6.6629810661152424       -2.2682510158255602        1.8335072936321160E-002
  -6.6688455797549935       -2.2623865021858092        1.8317737777141196E-002
  -6.6746974634791139       -2.2565346184616883        1.8300426669813828E-002
  -6.6805367574643766       -2.2506953244764256        1.8283139748352637E-002
  -6.6922843572553239       -2.2624429242673729        1.8213172023695531E-002
  -6.7039391838734970       -2.2740977508855464        1.8144104452758762E-002
  -6.7096446821470916       -2.2683922526119513        1.8127457176833173E-002
  -6.7211539438096057       -2.2799015142744650        1.8059714400131675E-002
  -6.7267888068382122       -2.2742666512458585        1.8043383942688087E-002
  -6.7324118042994003       -2.2686436537846704        1.8027076142886494E-002
  -6.7380229747626785       -2.2630324833213922        1.8010791105659923E-002
  -6.7436223565473972       -2.2574331015366735        1.7994528934038596E-002
  -6.7492099877765677       -2.2518454703075030        1.7978289729022674E-002
  -6.7547859062807172       -2.2462695518033540        1.7962073589890364E-002
  -6.7658946746115296       -2.2573783201341668        1.7897704287532661E-002
  -6.7769207697315972       -2.2684044152542349        1.7834113376619234E-002
  -6.7878653501257400       -2.2793489956483781        1.7771286012173045E-002
  -6.7932673871014453       -2.2739469586726728        1.7755897283879028E-002
  -6.7986583237802511       -2.2685560219938670        1.7740530098741568E-002
  -6.8094263939939133       -2.2793240922075286        1.7679212277534453E-002
  -6.8147547699911639       -2.2739957162102784        1.7664118488624373E-002
  -6.8253982728658773       -2.2846392190849918        1.7603886448293599E-002
  -6.8306655071183373       -2.2793719848325318        1.7589057999856467E-002
  -6.8411872600294314       -2.2898937377436264        1.7529879890692487E-002
  -6.8463947241585501       -2.2846862736145073        1.7515309053804357E-002
  -6.8515917217170204       -2.2794892760560370        1.7500758510643626E-002
  -6.8619499653326139       -2.2898475196716306        1.7442947914243431E-002
  -6.8670888828559873       -2.2847086021482572        1.7428646170432927E-002
  -6.8722175557989038       -2.2795799292053407        1.7414364361931341E-002
  -6.8773360180720537       -2.2744614669321908        1.7400102544745898E-002
  -6.8824443033798079       -2.2693531816244366        1.7385860773718141E-002
  -6.8875424452182381       -2.2642550397860060        1.7371639102548370E-002
  -6.8926304768358921       -2.2591670081683524        1.7357437583923881E-002
  -6.8977084313065040       -2.2540890536977400        1.7343256269334698E-002
  -6.9076964350116077       -2.2640770574028437        1.7288381363873277E-002
  -6.9127196305659071       -2.2590538618485443        1.7274433927291419E-002
  -6.9226002493070062       -2.2689344805896434        1.7220460047223180E-002
  -6.9275698416819100       -2.2639648882147396        1.7206740087692730E-002
  -6.9325297362018778       -2.2590049936947718        1.7193039566361239E-002
  -6.9374799645628045       -2.2540547653338447        1.7179358525311054E-002
  -6.9471762096151632       -2.2637510103862035        1.7126857939421054E-002
  -6.9520745767770098       -2.2588526432243565        1.7113395839833248E-002
  -6.9616695362945471       -2.2684476027418943        1.7061731847033749E-002
  -6.9665171062934652       -2.2636000327429757        1.7048482869254724E-002
  -6.9760128528574716       -2.2730957793069821        1.6997633323181563E-002
  -6.9808106575577371       -2.2682979746067167        1.6984591861045180E-002
  -6.9902092012483834       -2.2776965182973630        1.6934535424447002E-002
  -6.9995489445357659       -2.2870362615847459        1.6884983797580983E-002
  -7.0088305810694012       -2.2963178981183812        1.6835928921933148E-002
  -7.0135021039933143       -2.2916463751944680        1.6823445795978390E-002
  -7.0181648639830181       -2.2869836152047642        1.6810979931508763E-002
  -7.0273182655857083       -2.2961370168074540        1.6762928564601841E-002
  -7.0364158597649702       -2.3052346109867159        1.6715348793038567E-002
  -7.0454582885893444       -2.3142770398110897        1.6668233282451851E-002
  -7.0500015110349334       -2.3097338173655011        1.6656286576395066E-002
  -7.0545363630272737       -2.3051989653731608        1.6644356136941370E-002
  -7.0634569606646584       -2.3141195630105456        1.6598178822169400E-002
  -7.0679479978991271       -2.3096285257760769        1.6586423532224798E-002
  -7.0724308257360402       -2.3051456979391638        1.6574684220789084E-002
  -7.0769054712167865       -2.3006710524584171        1.6562960905647683E-002
  -7.0813719611897339       -2.2962045624854692        1.6551253604144955E-002
  -7.0858303223229546       -2.2917462013522480        1.6539562333160850E-002
  -7.0945353516090632       -2.3004512306383562        1.6494979301477957E-002
  -7.1031900168462956       -2.3091058958755890        1.6450810522141642E-002
  -7.1117948680699383       -2.3177107470992313        1.6407049889734290E-002
  -7.1203504467000434       -2.3262663257293363        1.6363691419472689E-002
  -7.1288572856892598       -2.3347731647185528        1.6320729244384876E-002
  -7.1373159096740260       -2.3432317887033189        1.6278157612531614E-002
  -7.1457268351440515       -2.3516427141733449        1.6235970884196465E-002
  -7.1499486832435446       -2.3474208660738518        1.6225297762131077E-002
  -7.1582830611461992       -2.3557552439765068        1.6183691592367405E-002
  -7.1665711069055904       -2.3640432897358981        1.6142455984407465E-002
  -7.1707243961962686       -2.3598900004452199        1.6132058533265894E-002
  -7.1789380802765352       -2.3681036845254866        1.6091381793189592E-002
  -7.1830543370482651       -2.3639874277537563        1.6081124469823096E-002
  -7.1911949715914760       -2.3721280622969667        1.6040993937189767E-002
  -7.1992913832086751       -2.3802244739141662        1.6001212260401458E-002
  -7.2073440266219153       -2.3882771173274060        1.5961774612616463E-002
  -7.2113664305514211       -2.3842547133978997        1.5951895124573845E-002
  -7.2153819970961015       -2.3802391468532194        1.5942028214686113E-002
  -7.2233375970781637       -2.3881947468352815        1.5903287606752393E-002
  -7.2312509437471206       -2.3961080935042385        1.5864875880394251E-002
  -7.2352042517787023       -2.3921547854726573        1.5855251678577216E-002
  -7.2430497203421380       -2.4000002540360934        1.5817336220647377E-002
  -7.2469693195322886       -2.3960806548459428        1.5807835694393795E-002
  -7.2508823747078228       -2.3921675996704090        1.5798347107715705E-002
  -7.2586356368040237       -2.3999208617666099        1.5761084292275976E-002
  -7.2663487759908021       -2.4076340009533883        1.5724129329555230E-002
  -7.2702027118510024       -2.4037800650931880        1.5714867909727710E-002
  -7.2740502889094163       -2.3999324880347741        1.5705618028708079E-002
  -7.2816742490619655       -2.4075564481873233        1.5669288283427490E-002
  -7.2854899299680200       -2.4037407672812687        1.5660153816400776E-002
  -7.2892993620637538       -2.3999313351855349        1.5651030695605344E-002
  -7.2931025656259063       -2.3961281316233825        1.5641918921296936E-002
  -7.3006153600592176       -2.4036409260566938        1.5606351790541449E-002
  -7.3043874922716796       -2.3998687938442318        1.5597352020502876E-002
  -7.3081535024229334       -2.3961027836929776        1.5588363408710455E-002
  -7.3119134102176977       -2.3923428758982133        1.5579385954622951E-002
  -7.3156672352357743       -2.3885890508801366        1.5570419657559956E-002
  -7.3230487377259301       -2.3959705533702929        1.5535738031612036E-002
  -7.3303939891362200       -2.4033158047805832        1.5501327768573435E-002
  -7.3377033268506251       -2.4106251424949883        1.5467185481235126E-002
  -7.3413796872667909       -2.4069487820788225        1.5458517048499267E-002
  -7.3486310369796009       -2.4142001317916328        1.5424781421939588E-002
  -7.3522783909835328       -2.4105527777877009        1.5416215725515339E-002
  -7.3594726599711784       -2.4177470467753470        1.5382878630389332E-002
  -7.3630914589193281       -2.4141282478271968        1.5374413626374855E-002
  -7.3667045585165338       -2.4105151482299916        1.5365958904352243E-002
  -7.3703119768123289       -2.4069077299341970        1.5357514461788818E-002
  -7.3739137317697727       -2.4033059749767536        1.5349080295991819E-002
  -7.3775098412154376       -2.3997098655310887        1.5340656404228914E-002
  -7.3811003228757377       -2.3961193838707882        1.5332242783646590E-002
  -7.3881314583440254       -2.4031505193390763        1.5299966820111045E-002
  -7.3916944691846878       -2.3995875084984140        1.5291649837839540E-002
  -7.3952519435931832       -2.3960300340899185        1.5283342961558980E-002
  -7.3988038988052374       -2.3924780788778643        1.5275046187946966E-002
  -7.4057399880852248       -2.3994141681578518        1.5243397473254643E-002
  -7.4126441709268258       -2.4063183509994528        1.5211980096211053E-002
  -7.4195167256134757       -2.4131909056861027        1.5180791356190925E-002
  -7.4263579269165287       -2.4200321069891562        1.5149828595117345E-002
  -7.4298204828098351       -2.4165695510958498        1.5141870055123201E-002
  -7.4366108400098740       -2.4233599082958892        1.5111251900628894E-002
  -7.4400477936842551       -2.4199229546215086        1.5103381526190762E-002
  -7.4434795425305964       -2.4164912057751669        1.5095520503020427E-002
  -7.4502004218432205       -2.4232120850877914        1.5065358844373586E-002
  -7.4568913235852721       -2.4299029868298425        1.5035410631448884E-002
  -7.4635525015045214       -2.4365641647490919        1.5005673448934751E-002
  -7.4669198863111781       -2.4331967799424352        1.4998048943142765E-002
  -7.4735328335690907       -2.4398097272003474        1.4968633710190258E-002
  -7.4768759581140412       -2.4364666026553974        1.4961091378114735E-002
  -7.4834413647710072       -2.4430320093123634        1.4931992228295518E-002
  -7.4867605744211572       -2.4397127996622134        1.4924530579189309E-002
  -7.4900748824633592       -2.4363984916200110        1.4917077601670372E-002
  -7.4933843038234986       -2.4330890702598720        1.4909633290685113E-002
  -7.4998666376430396       -2.4395714040794125        1.4881061283297428E-002
  -7.5031526847729673       -2.4362853569494853        1.4873695577588041E-002
  -7.5064339198169927       -2.4330041219054599        1.4866338405325131E-002
  -7.5128528412978550       -2.4394230433863222        1.4838172824755899E-002
  -7.5161111267485881       -2.4361647579355887        1.4830892557550636E-002
  -7.5193646729882255       -2.4329112116959517        1.4823620693490209E-002
  -7.5257213940055259       -2.4392679327132516        1.4795851892566849E-002
  -7.5320513404095397       -2.4455978791172654        1.4768268213116748E-002
  -7.5352647104836468       -2.4423845090431580        1.4761137556986704E-002
  -7.5384734547844117       -2.4391757647423926        1.4754015061949828E-002
  -7.5447428884437890       -2.4454451984017695        1.4726814468542461E-002
  -7.5509862822375826       -2.4516885921955636        1.4699792577425290E-002
  -7.5572038416398435       -2.4579061515978249        1.4672947508012050E-002
  -7.5603565264192554       -2.4547534668184130        1.4666024113270552E-002
  -7.5635047349578377       -2.4516052582798307        1.4659108539764019E-002
  -7.5666484805443117       -2.4484615126933571        1.4652200781709030E-002
  -7.5697877763854979       -2.4453222168521709        1.4645300833309137E-002
  -7.5759144562573475       -2.4514488967240200        1.4619010700249516E-002
  -7.5820162870652359       -2.4575507275319088        1.4592889064455286E-002
  -7.5851182400739505       -2.4544487745231942        1.4586117989824168E-002
  -7.5882158465158094       -2.4513511680813354        1.4579354506662931E-002
  -7.5913091191462128       -2.4482578954509320        1.4572598609040758E-002
  -7.5973389512931719       -2.4542877275978912        1.4546917194988596E-002
  -7.6004118892237971       -2.4512147896672665        1.4540227501607241E-002
  -7.6064021611051107       -2.4572050615485796        1.4514797066484921E-002
  -7.6123686957386338       -2.4631715961821024        1.4489525719705220E-002
  -7.6154059081274790       -2.4601343837932572        1.4482958036347488E-002
  -7.6213336996897203       -2.4660621753554985        1.4457930960008258E-002
  -7.6243512780978886       -2.4630445969473307        1.4451426502164813E-002
  -7.6273647175579002       -2.4600311574873186        1.4444929219544494E-002
  -7.6303740300375065       -2.4570218450077124        1.4438439106073711E-002
  -7.6362337926632300       -2.4628816076334354        1.4413821790898991E-002
  -7.6420708577094736       -2.4687186726796795        1.4389354872410682E-002
  -7.6450459602436123       -2.4657435701455408        1.4382980405461666E-002
  -7.6508459381335738       -2.4715435480355024        1.4358744691155322E-002
  -7.6538022199837554       -2.4685872661853203        1.4352430222128603E-002
  -7.6567545118409823       -2.4656349743280934        1.4346122635337648E-002
  -7.6625035559278851       -2.4713840184149958        1.4322195021575007E-002
  -7.6654373353114051       -2.4684502390314758        1.4315946266620583E-002
  -7.6683671800359026       -2.4655203943069788        1.4309704295922997E-002
  -7.6740661671797632       -2.4712193814508399        1.4286078219574914E-002
  -7.6769778000854965       -2.4683077485451066        1.4279893946895638E-002
  -7.6798855525065921       -2.4653999961240110        1.4273716362432812E-002
  -7.6827894353996466       -2.4624961132309564        1.4267545460052301E-002
  -7.6884254356128023       -2.4681321134441125        1.4244291517990502E-002
  -7.6940404764338641       -2.4737471542651743        1.4221173756645514E-002
  -7.6996347061307082       -2.4793413839620184        1.4198190895674543E-002
  -7.7024931120913687       -2.4764829780013575        1.4192174055351545E-002
  -7.7080532649867415       -2.4820431308967299        1.4169399057312236E-002
  -7.7135930064224087       -2.4875828723323976        1.4146755633162124E-002
  -7.7191124789968857       -2.4931023449068745        1.4124242561872703E-002
  -7.7219267198380752       -2.4902881040656850        1.4118373818001417E-002
  -7.7274130096036240       -2.4957743938312338        1.4096061515204898E-002
  -7.7302104010470796       -2.4929770023877782        1.4090244911697419E-002
  -7.7330041742068234       -2.4901832292280344        1.4084434423419707E-002
  -7.7384448289945533       -2.4956238840157638        1.4062390083156856E-002
  -7.7438659390597655       -2.5010449940809756        1.4040470245487139E-002
  -7.7466302520897106       -2.4982806810510305        1.4034755489767018E-002
  -7.7493910225066704       -2.4955199106340702        1.4029046694818142E-002
  -7.7547675635237763       -2.5008964516511760        1.4007386902411637E-002
  -7.7601250213896025       -2.5062539095170022        1.3985847915010991E-002
  -7.7654635251065924       -2.5115924132339922        1.3964428649139996E-002
  -7.7681830684372901       -2.5088728699032941        1.3958855468509199E-002
  -7.7708991689340827       -2.5061567694065014        1.3953288032746817E-002
  -7.7761944387565780       -2.5114520392289972        1.3932118842120230E-002
  -7.7788948391906558       -2.5087516387949194        1.3926599081589445E-002
  -7.7815918415134462       -2.5060546364721286        1.3921084988619123E-002
  -7.7868445659469749       -2.5113073609056578        1.3900160962798077E-002
  -7.7920790830200817       -2.5165418779787649        1.3879350794753395E-002
  -7.7972955129946504       -2.5217583079533332        1.3858653487538498E-002
  -7.8024939749676614       -2.5269567699263447        1.3838068056091474E-002
  -7.8051398572852184       -2.5243108876087881        1.3832721574596156E-002
  -7.8103088623582542       -2.5294798926818238        1.3812308643677039E-002
  -7.8129398100477729       -2.5268489449923046        1.3807006805852673E-002
  -7.8155675108764795       -2.5242212441635985        1.3801710307797031E-002
  -7.8206959580875743       -2.5293496913746933        1.3781527890566404E-002
  -7.8233089439107468       -2.5267367055515209        1.3776275260401497E-002
  -7.8259187239746382       -2.5241269254876291        1.3771027899779508E-002
  -7.8285253068663465       -2.5215203425959212        1.3765785802986591E-002
  -7.8336026055830805       -2.5265976413126552        1.3745888610625029E-002
  -7.8386629026096708       -2.5316579383392450        1.3726095863488953E-002
  -7.8437063064746333       -2.5367013422042080        1.3706406678650663E-002
  -7.8487329247191848       -2.5417279604487595        1.3686820183236775E-002
  -7.8512917883170505       -2.5391690968508933        1.3681731802355632E-002
  -7.8538475625461439       -2.5366133226217999        1.3676648449766108E-002
  -7.8564002556092847       -2.5340606295586596        1.3671570119865683E-002
  -7.8613777146509713       -2.5390380886003467        1.3652254739044514E-002
  -7.8639165325697196       -2.5364992706815985        1.3647217184807768E-002
  -7.8664523073733186       -2.5339634958779995        1.3642184588613153E-002
  -7.8689850470554026       -2.5314307561959151        1.3637156944955315E-002
  -7.8739142826015902       -2.5363599917421027        1.3618106434543800E-002
  -7.8788275077917014       -2.5412732169322143        1.3599152807259429E-002
  -7.8813360900238978       -2.5387646347000183        1.3594199785796356E-002
  -7.8838416953207231       -2.5362590294031930        1.3589251602113854E-002
  -7.8887182390187149       -2.5411355731011853        1.3570501283037219E-002
  -7.8935791159849957       -2.5459964500674657        1.3551845240332467E-002
  -7.8984244222330542       -2.5508417563155241        1.3533282709873005E-002
  -7.9032542529415997       -2.5556715870240700        1.3514812935864262E-002
  -7.9057158505312941       -2.5532099894343756        1.3510003767984641E-002
  -7.9081745678864150       -2.5507512720792547        1.3505199229567917E-002
  -7.9106304124597662       -2.5482954275059031        1.3500399315308555E-002
  -7.9130833916715959       -2.5458424482940738        1.3495604019901956E-002
  -7.9155335129098834       -2.5433923270557863        1.3490813338044411E-002
  -7.9202980603935247       -2.5481568745394276        1.3472690383607553E-002
  -7.9250476641600249       -2.5529064783059283        1.3454656307464488E-002
  -7.9297824136661239       -2.5576412278120273        1.3436710406549725E-002
  -7.9322002067173187       -2.5552234347608320        1.3432019829921441E-002
  -7.9346152138756114       -2.5528084276025393        1.3427333717534103E-002
  -7.9393158770382426       -2.5575090907651705        1.3409573131544070E-002
  -7.9417184867015793       -2.5551064811018334        1.3404922473405755E-002
  -7.9463950578316256       -2.5597830522318801        1.3387295972323448E-002
  -7.9510572324121700       -2.5644452268124245        1.3369754249101511E-002
  -7.9534381203235291       -2.5620643389010653        1.3365168878610304E-002
  -7.9558162985926790       -2.5596861606319150        1.3360587824834956E-002
  -7.9581917740608024       -2.5573106851637917        1.3356011082744567E-002
  -7.9605645535490872       -2.5549379056755073        1.3351438647293105E-002
  -7.9651750625463515       -2.5595484146727721        1.3334168609822936E-002
  -7.9675358963276617       -2.5571875808914619        1.3329630080728792E-002
  -7.9698940653190453       -2.5548294119000783        1.3325095805954030E-002
  -7.9744722379255188       -2.5594075845065518        1.3307999399325518E-002
  -7.9790366329878664       -2.5639719795688989        1.3290983315786797E-002
  -7.9813739465317246       -2.5616346660250406        1.3286511271399126E-002
  -7.9859156273287715       -2.5661763468220871        1.3269619793560604E-002
  -7.9882413489890229       -2.5638506251618356        1.3265180395449156E-002
  -7.9905644770824642       -2.5615274970683948        1.3260745114221019E-002
  -7.9928850180448663       -2.5592069561059931        1.3256313945012265E-002
  -7.9952029782776997       -2.5568889958731598        1.3251886882976464E-002
  -7.9996955774293070       -2.5613815950247671        1.3235250420652996E-002
  -8.0020021685828979       -2.5590750038711771        1.3230855316812016E-002
  -8.0043062081940128       -2.5567709642600622        1.3226464271234731E-002
  -8.0066077025324489       -2.5544694699216262        1.3222077279127564E-002
  -8.0089066578445962       -2.5521705146094797        1.3217694335695567E-002
  -8.0133512002621163       -2.5566150570269999        1.3201306537096950E-002
  -8.0156390028134972       -2.5543272544756195        1.3196954884847775E-002
  -8.0179242947594282       -2.5520419625296875        1.3192607233485674E-002
  -8.0202070822167340       -2.5497591750723827        1.3188263578273077E-002
  -8.0224873712742717       -2.5474788860148458        1.3183923914481560E-002
  -8.0247651679740848       -2.5452010893150323        1.3179588237428035E-002
  -8.0291541948497631       -2.5495901161907106        1.3163484568085566E-002
  -8.0335306061852680       -2.5539665275262156        1.3147453060027089E-002
  -8.0357891265704779       -2.5517080071410057        1.3143174270907410E-002
  -8.0380451975783469       -2.5494519361331358        1.3138899385186038E-002
  -8.0402988251049052       -2.5471983086065770        1.3134628398228366E-002
  -8.0425500150028260       -2.5449471187086572        1.3130361305440614E-002
  -8.0447987731100934       -2.5426983606013889        1.3126098102215801E-002
  -8.0470451052501666       -2.5404520284613157        1.3121838783933696E-002
  -8.0513594627911704       -2.5447663860023200        1.3106121219484412E-002
  -8.0535952226765648       -2.5425306261169260        1.3101891392440786E-002
  -8.0558285830120671       -2.5402972657814247        1.3097665405554713E-002
  -8.0580595494899843       -2.5380662993035070        1.3093443254287908E-002
  -8.0623375068944192       -2.5423442567079420        1.3077912906830953E-002
  -8.0666035076540368       -2.5466102574675604        1.3062450171483407E-002
  -8.0708576155908034       -2.5508643654043275        1.3047054572803770E-002
  -8.0750998940350982       -2.5551066438486227        1.3031725639881756E-002
  -8.0793304058038498       -2.5593371556173738        1.3016462906380777E-002
  -8.0815193818621704       -2.5571481795590536        1.3012368121725668E-002
  -8.0837060468540276       -2.5549615145671973        1.3008276993546855E-002
  -8.0858904062018002       -2.5527771552194243        1.3004189517484747E-002
  -8.0900859106823795       -2.5569726597000026        1.2989104869755385E-002
  -8.0942699126817033       -2.5611566616993273        1.2974084587191808E-002
  -8.0964366251611466       -2.5589899492198849        1.2970048233749398E-002
  -8.0986010701445039       -2.5568255042365275        1.2966015459126130E-002
  -8.1007632529117970       -2.5546633214692349        1.2961986259043439E-002
  -8.1049130033825190       -2.5588130719399564        1.2947139307205037E-002
  -8.1090515068679974       -2.5629515754254344        1.2932354956634393E-002
  -8.1111964181596594       -2.5608066641337719        1.2928375566440990E-002
  -8.1133391042815628       -2.5586639780118690        1.2924399679771551E-002
  -8.1174515069500668       -2.5627763806803725        1.2909748686842611E-002
  -8.1215528663190213       -2.5668777400493270        1.2895158879120471E-002
  -8.1236785939061473       -2.5647520124622014        1.2891231674338978E-002
  -8.1277616293831905       -2.5688350479392437        1.2876737508761811E-002
  -8.1298778885806886       -2.5667187887417455        1.2872835976761345E-002
  -8.1319919765109852       -2.5646047008114494        1.2868937845408717E-002
  -8.1341038981423637       -2.5624927791800713        1.2865043110627077E-002
  -8.1362136584251825       -2.5603830188972525        1.2861151768342155E-002
  -8.1402568566541316       -2.5644262171262011        1.2846854882155924E-002
  -8.1423573134473557       -2.5623257603329761        1.2842988722248446E-002
  -8.1463827075405035       -2.5663511544261244        1.2828784184783776E-002
  -8.1503975317565551       -2.5703659786421751        1.2814637606564355E-002
  -8.1524817267368395       -2.5682817836618903        1.2810817720937487E-002
  -8.1545638118966846       -2.5661996985020448        1.2807001129762722E-002
  -8.1585540627792739       -2.5701899493846332        1.2792978268489916E-002
  -8.1606270868551771       -2.5681169253087299        1.2789186038424745E-002
  -8.1626980225924850       -2.5660459895714220        1.2785397067113570E-002
  -8.1666639980352418       -2.5700119650141797        1.2771496087529173E-002
  -8.1706197196465151       -2.5739676866254531        1.2757650925925774E-002
  -8.1726748654575463       -2.5719125408144214        1.2753906594038064E-002
  -8.1747279557410089       -2.5698594505309598        1.2750165458773801E-002
  -8.1767789950969849       -2.5678084111749846        1.2746427516285175E-002
  -8.1788279880937882       -2.5657594181781818        1.2742692762755760E-002
  -8.1827462808913847       -2.5696777109757787        1.2729030221001645E-002
  -8.1847865197141996       -2.5676374721529629        1.2725318860253718E-002
  -8.1868247326886863       -2.5655992591784762        1.2721610654393254E-002
  -8.1888609242953105       -2.5635630675718524        1.2717905599657556E-002
  -8.1908950990232796       -2.5615288928438829        1.2714203692242477E-002
  -8.1929272613291086       -2.5594967305380538        1.2710504928377999E-002
  -8.1949574156584095       -2.5574665762087534        1.2706809304288736E-002
  -8.1969855664279958       -2.5554384254391667        1.2703116816226665E-002
  -8.2008472803821011       -2.5593001393932711        1.2689725140219156E-002
  -8.2028668948500734       -2.5572805249252992        1.2686055436892128E-002
  -8.2067123773641786       -2.5611260074394044        1.2672746248177890E-002
  -8.2087235272469368       -2.5591148575566462        1.2669099089620751E-002
  -8.2107327085494219       -2.5571056762541611        1.2665455005102430E-002
  -8.2145556329292848       -2.5609286006340235        1.2652257336904551E-002
  -8.2183690613445695       -2.5647420290493077        1.2639110520839816E-002
  -8.2221730388977718       -2.5685460066025110        1.2626014239784137E-002
  -8.2259676103715211       -2.5723405780762603        1.2612968179333087E-002
  -8.2279494175685546       -2.5703587708792268        1.2609402990099444E-002
  -8.2317283152876435       -2.5741376685983157        1.2596435825893875E-002
  -8.2337019594164129       -2.5721640244695458        1.2592892141773487E-002
  -8.2374653126946775       -2.5759273777478096        1.2580003058869936E-002
  -8.2412194595434531       -2.5796815245965843        1.2567162853586233E-002
  -8.2449644430647027       -2.5834265081178338        1.2554371225697034E-002
  -8.2469177092555199       -2.5814732419270165        1.2550885084458615E-002
  -8.2488691065939204       -2.5795218445886166        1.2547401812272312E-002
  -8.2508186391068357       -2.5775723120757004        1.2543921405669255E-002
  -8.2545361139447504       -2.5812897869136160        1.2531261829668785E-002
  -8.2582446080385612       -2.5849982810074272        1.2518649639677762E-002
  -8.2619441628976897       -2.5886978358665549        1.2506084548381825E-002
  -8.2638738188041749       -2.5867681799600692        1.2502659923712141E-002
  -8.2658016471721165       -2.5848403515921281        1.2499238091191328E-002
  -8.2677276518771983       -2.5829143468870472        1.2495819047495475E-002
  -8.2714003568094139       -2.5865870518192633        1.2483382053266630E-002
  -8.2750642985261020       -2.5902509935359519        1.2470991016684772E-002
  -8.2787195170354817       -2.5939062120453316        1.2458645662593863E-002
  -8.2823660520904188       -2.5975527471002695        1.2446345718046039E-002
  -8.2842668688256857       -2.5956519303650030        1.2442997617305667E-002
  -8.2861659072371783       -2.5937528919535100        1.2439652213891404E-002
  -8.2897921508739287       -2.5973791355902609        1.2427449747824507E-002
  -8.2916836832186185       -2.5954876032455716        1.2424123671278131E-002
  -8.2952956124239901       -2.5990995324509432        1.2411991582584382E-002
  -8.2971796980309751       -2.5972154468439586        1.2408684641921573E-002
  -8.3007774257758538       -2.6008131745888363        1.2396622236391156E-002
  -8.3026541232534949       -2.5989364771111947        1.2393334243315457E-002
  -8.3045290844061022       -2.5970615159585875        1.2390048873894664E-002
  -8.3081070582901120       -2.6006394898425969        1.2378080755506641E-002
  -8.3099747081401212       -2.5987718399925872        1.2374814102602870E-002
  -8.3135387477104494       -2.6023358795629150        1.2362914053184085E-002
  -8.3170945388614204       -2.6058916707138855        1.2351056606300811E-002
  -8.3189494295077875       -2.6040367800675188        1.2347824307692339E-002
  -8.3224914579954010       -2.6075788085551319        1.2336033861730020E-002
  -8.3243391881556743       -2.6057310783948586        1.2332819783297561E-002
  -8.3261852310773019       -2.6038850354732319        1.2329608238663964E-002
  -8.3297081108142841       -2.6074079152102145        1.2317908478127837E-002
  -8.3315470666022939       -2.6055689594222056        1.2314714934874939E-002
  -8.3350564386761103       -2.6090783314960211        1.2303080647320552E-002
  -8.3368883617398737       -2.6072464084322577        1.2299904932781673E-002
  -8.3387186247486778       -2.6054161454234537        1.2296731705775294E-002
  -8.3405472311117954       -2.6035875390603369        1.2293560963318281E-002
  -8.3440324257310667       -2.6070727336796087        1.2282039041706211E-002
  -8.3458540883045913       -2.6052510711060846        1.2278885874171185E-002
  -8.3493260650498140       -2.6087230478513073        1.2267427713929812E-002
  -8.3527902230155515       -2.6121872058170439        1.2256009431228523E-002
  -8.3545997720818121       -2.6103776567507841        1.2252888513508432E-002
  -8.3580508707772356       -2.6138287554462072        1.2241533018384787E-002
  -8.3614942437406228       -2.6172721284095952        1.2230216799610682E-002
  -8.3632918328868850       -2.6154745392633325        1.2227127598773596E-002
  -8.3650878189864937       -2.6136785531637239        1.2224040782109109E-002
  -8.3668822052890786       -2.6118841668611399        1.2220956346761578E-002
  -8.3703022967649066       -2.6153042583369679        1.2209747307259591E-002
  -8.3737148043147869       -2.6187167658868482        1.2198576658949875E-002
  -8.3771197601516363       -2.6221217217236981        1.2187444188441521E-002
  -8.3805171963091585       -2.6255191578812203        1.2176349683895091E-002
  -8.3839071446103173       -2.6289091061823791        1.2165292935115604E-002
  -8.3872896366835086       -2.6322915982555699        1.2154273733489597E-002
  -8.3906647039735667       -2.6356666655456289        1.2143291871939431E-002
  -8.3924224015373365       -2.6339089679818595        1.2140308426481261E-002
  -8.3941785589004319       -2.6321528106187633        1.2137327240874490E-002
  -8.3959331791536762       -2.6303981903655194        1.2134348312401047E-002
  -8.3992858792155367       -2.6337508904273799        1.2123468256976973E-002
  -8.4010340898475526       -2.6320026797953640        1.2120505182062135E-002
  -8.4027807768079192       -2.6302559928349973        1.2117544343095291E-002
  -8.4061163162489780       -2.6335915322760561        1.2106743333003890E-002
  -8.4094446416818105       -2.6369198577088877        1.2095978368283323E-002
  -8.4127657830062557       -2.6402409990333320        1.2085249253578616E-002
  -8.4144965402814105       -2.6385102417581767        1.2082330694482462E-002
  -8.4178056780970287       -2.6418193795737941        1.2071658028145854E-002
  -8.4211077138648225       -2.6451214153415878        1.2061020693898849E-002
  -8.4244026768096330       -2.6484163782863988        1.2050418501702164E-002
  -8.4261177753884446       -2.6467012797075871        1.2047541270719522E-002
  -8.4278314016807645       -2.6449876534152672        1.2044666176723165E-002
  -8.4311097893541227       -2.6482660410886245        1.2034139606673652E-002
  -8.4343812065214507       -2.6515374582559530        1.2023647547849743E-002
  -8.4360840829350714       -2.6498345818423323        1.2020800124350153E-002
  -8.4393438530082960       -2.6530943519155570        1.2010362399992912E-002
  -8.4425967310326619       -2.6563472299399233        1.1999958695827357E-002
  -8.4442889863103723       -2.6546549746622130        1.1997138511795350E-002
  -8.4459798049507562       -2.6529641560218287        1.1994320399684627E-002
  -8.4492165280084084       -2.6562008790794818        1.1983989909989074E-002
  -8.4509013842478264       -2.6545160228400628        1.1981186251606176E-002
  -8.4525848160386179       -2.6528325910492718        1.1978384646254820E-002
  -8.4542668261509402       -2.6511505809369491        1.1975585091490869E-002
  -8.4574829717291120       -2.6543667265151210        1.1965346308252824E-002
  -8.4591590893106812       -2.6526906089335522        1.1962561017061580E-002
  -8.4623639809423299       -2.6558955005652005        1.1952374322214496E-002
  -8.4640342473647809       -2.6542252341427490        1.1949603169896943E-002
  -8.4672279639914088       -2.6574189507693760        1.1939468108673083E-002
  -8.4704150717933455       -2.6606060585713123        1.1929365356303762E-002
  -8.4720751390778943       -2.6589459912867635        1.1926620141417909E-002
  -8.4752511953158240       -2.6621220475246927        1.1916568298766190E-002
  -8.4769055197183913       -2.6604677231221245        1.1913836887632671E-002
  -8.4785584677973933       -2.6588147750431235        1.1911107448017372E-002
  -8.4817191225210440       -2.6619754297667746        1.1901124628928034E-002
  -8.4833663807000868       -2.6603281715877323        1.1898408844300887E-002
  -8.4850122739648626       -2.6586822783229573        1.1895695013612703E-002
  -8.4881576760972894       -2.6618276804553851        1.1885780407585263E-002
  -8.4897979317046719       -2.6601874248480031        1.1883080085431848E-002
  -8.4914368336804600       -2.6585485228722150        1.1880381699837201E-002
  -8.4930743846025081       -2.6569109719501669        1.1877685248509530E-002
  -8.4962003479822066       -2.6600369353298645        1.1867856142829777E-002
  -8.4978323255199371       -2.6584049577921345        1.1865173027188593E-002
  -8.5009476617641511       -2.6615202940363489        1.1855392462370008E-002
  -8.5040567181328885       -2.6646293504050864        1.1845642244710712E-002
  -8.5071595189275531       -2.6677321511997500        1.1835922221007805E-002
  -8.5087776278593008       -2.6661140422680032        1.1833274724546834E-002
  -8.5103944169877472       -2.6644972531395563        1.1830629106129406E-002
  -8.5134825182762395       -2.6675853544280477        1.1820974246543287E-002
  -8.5150938716472933       -2.6659740010569939        1.1818341546026668E-002
  -8.5181716021344869       -2.6690517315441875        1.1808733761323995E-002
  -8.5212432042505526       -2.6721233336602532        1.1799155410508020E-002
  -8.5243087014328651       -2.6751888308425653        1.1789606346799684E-002
  -8.5259065309962860       -2.6735910012791435        1.1787008147390268E-002
  -8.5289618080436433       -2.6766462783265004        1.1777505284034486E-002
  -8.5320110445238342       -2.6796955148066908        1.1768031318123817E-002
  -8.5335995517517045       -2.6781070075788209        1.1765456317249040E-002
  -8.5366386761051967       -2.6811461319323122        1.1756027932841711E-002
  -8.5396718232547251       -2.6841792790818397        1.1746628063447683E-002
  -8.5412511121400705       -2.6825999901964952        1.1744075925218119E-002
  -8.5442742534797542       -2.6856231315361789        1.1734721030040998E-002
  -8.5472914799899939       -2.6886403580464191        1.1725394274523080E-002
  -8.5503028139134720       -2.6916516919698963        1.1716095520781863E-002
  -8.5533082773502862       -2.6946571554067109        1.1706824631921332E-002
  -8.5563078922923381       -2.6976567703487637        1.1697581471920637E-002
  -8.5593016806028164       -2.7006505586592415        1.1688365905692392E-002
  -8.5608563543758631       -2.6990958848861948        1.1685877064148373E-002
  -8.5624097996744659       -2.6975424395875911        1.1683389929534306E-002
  -8.5639620187693932       -2.6959902204926633        1.1680904499835731E-002
  -8.5669381971924956       -2.6989663989157657        1.1671764351007727E-002
  -8.5699086422278921       -2.7019368439511622        1.1662651256389519E-002
  -8.5714520424492218       -2.7003934437298325        1.1660187410127615E-002
  -8.5744128907280643       -2.7033542920086746        1.1651116970579878E-002
  -8.5773680642433252       -2.7063094655239346        1.1642073236555785E-002
  -8.5803175839052841       -2.7092589851858944        1.1633056079904150E-002
  -8.5832614704966002       -2.7122028717772113        1.1624065373360680E-002
  -8.5847887012114370       -2.7106756410623745        1.1621642171680387E-002
  -8.5863147428296021       -2.7091495994442099        1.1619220607506324E-002
  -8.5892453975311920       -2.7120802541458002        1.1610286907793891E-002
  -8.5907665698492757       -2.7105590818277165        1.1607876533825499E-002
  -8.5936878833999000       -2.7134803953783408        1.1598984061185183E-002
  -8.5966036727385600       -2.7163961847170013        1.1590117407227929E-002
  -8.5981163644300924       -2.7148834930254693        1.1587727555882450E-002
  -8.5996278881235568       -2.7133719693320053        1.1585339306949653E-002
  -8.6011382459300432       -2.7118616115255199        1.1582952658563692E-002
  -8.6026474399432598       -2.7103524175123042        1.1580567608879619E-002
  -8.6041554722554654       -2.7088443852000981        1.1578184156048239E-002
  -8.6070471348759643       -2.7117360478205965        1.1569417815244516E-002
  -8.6099333898302035       -2.7146223027748362        1.1560676638197273E-002
  -8.6128142565580639       -2.7175031695026965        1.1551960507149607E-002
  -8.6143104153770871       -2.7160070106836729        1.1549606284684443E-002
  -8.6171822580546458       -2.7188788533612316        1.1540929661111154E-002
  -8.6186737402510225       -2.7173873711648553        1.1538586088730089E-002
  -8.6201640857487654       -2.7158970256671120        1.1536244070121750E-002
  -8.6230233373341427       -2.7187562772524898        1.1527621073828728E-002
  -8.6258773025924853       -2.7216102425108315        1.1519022538672876E-002
  -8.6287260003272479       -2.7244589402455941        1.1510448351463766E-002
  -8.6315694492320816       -2.7273023891504273        1.1501898399763814E-002
  -8.6330447366735399       -2.7258271017089690        1.1499593600234906E-002
  -8.6358793947291534       -2.7286617597645835        1.1491081873922965E-002
  -8.6387088553550324       -2.7314912203904633        1.1482594084396874E-002
  -8.6415331368865420       -2.7343155019219725        1.1474130121824079E-002
  -8.6443522575588521       -2.7371346225942830        1.1465689877078560E-002
  -8.6458127679822230       -2.7356741121709121        1.1463421373661463E-002
  -8.6472721836256472       -2.7342146965274874        1.1461154347617806E-002
  -8.6487305064221598       -2.7327563737309744        1.1458888797241553E-002
  -8.6515340118140251       -2.7355598791228388        1.1450513411448307E-002
  -8.6543324341837238       -2.7383583014925374        1.1442161307261937E-002
  -8.6557829631844463       -2.7369077724918154        1.1439914219765514E-002
  -8.6585728716049779       -2.7396976809123461        1.1431598835284378E-002
  -8.6613577460106477       -2.7424825553180159        1.1423306450049344E-002
  -8.6641376038779825       -2.7452624131853511        1.1415036960240163E-002
  -8.6655771223787443       -2.7438228946845897        1.1412816401874934E-002
  -8.6683485785703578       -2.7465943508762032        1.1404583014599236E-002
  -8.6711150662714811       -2.7493608385773256        1.1396372246946953E-002
  -8.6725469803011137       -2.7479289245476930        1.1394169565845932E-002
  -8.6739778387131210       -2.7464980661356866        1.1391968295746374E-002
  -8.6754076433529015       -2.7450682614959057        1.1389768435018183E-002
  -8.6781590939175484       -2.7478197120605516        1.1381619525631648E-002
  -8.6795846179283807       -2.7463941880497202        1.1379429178221908E-002
  -8.6823278393487655       -2.7491374094701042        1.1371315463871441E-002
  -8.6850661955641257       -2.7518757656854644        1.1363223794537977E-002
  -8.6877997031763083       -2.7546092732976466        1.1355154072441562E-002
  -8.6892145933125846       -2.7531943831613708        1.1352989122747638E-002
  -8.6906284513135788       -2.7517805251603766        1.1350825546224567E-002
  -8.6933505536189486       -2.7545026274657460        1.1342803169453566E-002
  -8.6960678656550012       -2.7572199395017991        1.1334802414248332E-002
  -8.6974743919653985       -2.7558134131914009        1.1332655925769057E-002
  -8.7001836782160318       -2.7585226994420347        1.1324689274968025E-002
  -8.7015860585727296       -2.7571203190853359        1.1322551919328483E-002
  -8.7029874238958218       -2.7557189537622446        1.1320415909413618E-002
  -8.7056855066770815       -2.7584170365435039        1.1312495567871981E-002
  -8.7083788847295285       -2.7611104145959513        1.1304596372081407E-002
  -8.7110675738552228       -2.7637991037216452        1.1296718229805255E-002
  -8.7124586630647212       -2.7624080145121468        1.1294606552775126E-002
  -8.7151394953237595       -2.7650888467711852        1.1286761620562418E-002
  -8.7178156821090766       -2.7677650335565032        1.1278937496750458E-002
  -8.7204872389159753       -2.7704365903634014        1.1271134091181528E-002
  -8.7218681932846884       -2.7690556359946878        1.1269046307249531E-002
  -8.7245319928115492       -2.7717194355215491        1.1261275575909946E-002
  -8.7271912049927032       -2.7743786477027026        1.1253525323175556E-002
  -8.7298458450574490       -2.7770332877674484        1.1245795460811944E-002
  -8.7324959281465002       -2.7796833708565005        1.1238085901148043E-002
  -8.7338639063872083       -2.7783153926157924        1.1236028891264250E-002
  -8.7352309139591018       -2.7769483850438994        1.1233973149373822E-002
  -8.7365969525078082       -2.7755823464951925        1.1231918674031879E-002
  -8.7379620236520363       -2.7742172753509649        1.1229865463829803E-002
  -8.7405952392361641       -2.7768504909350922        1.1222223117130175E-002
  -8.7432239739680284       -2.7794792256669565        1.1214600664084038E-002
  -8.7445822028147369       -2.7781209968202480        1.1212563107843056E-002
  -8.7472034283884330       -2.7807422223939446        1.1204972033781568E-002
  -8.7485577848823528       -2.7793878659000244        1.1202942850478070E-002
  -8.7511715444792699       -2.7820016254969424        1.1195382932434168E-002
  -8.7525220508542798       -2.7806511191219316        1.1193362062663888E-002
  -8.7538716104717107       -2.7793015595045016        1.1191342425505884E-002
  -8.7564749448814077       -2.7819048939141986        1.1183824823531530E-002
  -8.7578206838187480       -2.7805591549768574        1.1181813426149588E-002
  -8.7591654826115573       -2.7792143561840486        1.1179803252082470E-002
  -8.7617584753006099       -2.7818073488731012        1.1172327557889826E-002
