  -2.2000000000000002      -0.29999999999999999       0.10070493454179255     
  -2.2502363423145004      -0.35023634231450007        9.8171756298887899E-002
  -2.2861873951554661      -0.31428528947353429        9.6848285151913086E-002
  -2.3336432144830619      -0.36174110880113020        9.4547025972108525E-002
  -2.3801050559025549      -0.40820295022062314        9.2323062884380774E-002
  -2.4122319651912250      -0.37607604093195318        9.1238409791025724E-002
  -2.4562162445881905      -0.42006032032891860        8.9210451626193940E-002
  -2.4866626007418251      -0.38961396417528388        8.8220063720155076E-002
  -2.5170700097349687      -0.35920655518214029        8.7224484584937270E-002
  -2.5474040852224826      -0.32887247969462652        8.6226039614784297E-002
  -2.5776324980614440      -0.29864406685566525        8.5226951380041105E-002
  -2.6156118903569894      -0.33662345915121072        8.3648822435780451E-002
  -2.6528657435212852      -0.37387731231550664        8.2118790281132212E-002
  -2.6803643149079996      -0.34637874092879228        8.1272195331706293E-002
  -2.7158594577178881      -0.38187388373868048        7.9861231481225925E-002
  -2.7506687239635101      -0.41668314998430234        7.8494147695892552E-002
  -2.7758143755336118      -0.39153749841420066        7.7769888955276839E-002
  -2.8090620774348394      -0.42478520031542832        7.6503647316844295E-002
  -2.8416696290502910      -0.45739275193087975        7.5276862219588486E-002
  -2.8647767072306696      -0.43428567375050126        7.4651658776007115E-002
  -2.8959946057307606      -0.46550357225059230        7.3510610711451527E-002
  -2.9266193937257170      -0.49612836024554857        7.2404771734291162E-002
  -2.9479503672085605      -0.47479738676270516        7.1860535754608310E-002
  -2.9691824028910982      -0.45356535108016743        7.1317694474576629E-002
  -2.9903080924728687      -0.43243966149839713        7.0776685052204691E-002
  -3.0184253454761416      -0.46055691450167013        6.9817754948875030E-002
  -3.0460489485907845      -0.48818051761631293        6.8886016056567037E-002
  -3.0731861029606105      -0.51531767198613887        6.7980849210045866E-002
  -3.0998446606695098      -0.54197622969503800        6.7101596157586624E-002
  -3.1182382934698101      -0.52358259689473796        6.6677562711087740E-002
  -3.1439307358634796      -0.54927503928840749        6.5850109761953074E-002
  -3.1691816581681733      -0.57452596159310121        6.5045759034784628E-002
  -3.1939994396568738      -0.59934374308180172        6.4263860861279679E-002
  -3.2183926815209296      -0.62373698494585739        6.3503759155355735E-002
  -3.2423701391590019      -0.64771444258392985        6.2764796365643735E-002
  -3.2580914929487093      -0.63199308879422234        6.2443116503609571E-002
  -3.2812803064956180      -0.65518190234113083        6.1743397278207227E-002
  -3.3040856178952209      -0.67798721374073367        6.1062555267591793E-002
  -3.3265157683890734      -0.70041736423458634        6.0399999085282284E-002
  -3.3485790758520406      -0.72248067169755337        5.9755146779176684E-002
  -3.3625800387495075      -0.70847970880008637        5.9492335193191651E-002
  -3.3839706844542512      -0.72987035450483018        5.8879054689069690E-002
  -3.4050222974152002      -0.75092196746577899        5.8281645027755784E-002
  -3.4257425300597766      -0.77164220011035534        5.7699597035799452E-002
  -3.4461389329482865      -0.79203860299886542        5.7132414337097377E-002
  -3.4587137617860897      -0.77946377416106205        5.6914339042848698E-002
  -3.4785315182141052      -0.79928153058907758        5.6372860281797110E-002
  -3.4907556856472111      -0.78705736315597163        5.6164520776889805E-002
  -3.5029344560112126      -0.77487859279197013        5.5956619538153111E-002
  -3.5219593332054644      -0.79390346998622219        5.5449338452712923E-002
  -3.5407072920957852      -0.81265142887654285        5.4954081686946488E-002
  -3.5591844261350452      -0.83112856291580295        5.4470478010264431E-002
  -3.5705011903464152      -0.81981179870443288        5.4287136209184995E-002
  -3.5884978458198784      -0.83780845417789596        5.3823515440631846E-002
  -3.6062423128764749      -0.85555292123449256        5.3370466596278518E-002
  -3.6237400830825055      -0.87305069144052316        5.2927668303440624E-002
  -3.6342958626176869      -0.86249491190534167        5.2764868865515215E-002
  -3.6448146413021147      -0.85197613322091403        5.2602406480451704E-002
  -3.6616908790171920      -0.86885237093599121        5.2184210478517415E-002
  -3.6783424795120672      -0.88550397143086612        5.1775054197756749E-002
  -3.6883978352296012      -0.87544861571333199        5.1624390166382275E-002
  -3.6984181710802027      -0.86542827986273063        5.1474054585054128E-002
  -3.7145036893537373      -0.88151379813626540        5.1086601190951562E-002
  -3.7303838977484389      -0.89739400653096690        5.0707162011593622E-002
  -3.7399821813362286      -0.88779572294317721        5.0567243202442720E-002
  -3.7555019914353500      -0.90331553304229839        5.0201372363576018E-002
  -3.7708292091677520      -0.91864275077470059        4.9842851897102247E-002
  -3.7859677053648295      -0.93378124697177822        4.9491477828761163E-002
  -3.8009212648217781      -0.94873480642872665        4.9147052427645416E-002
  -3.8156935870693429      -0.96350712867629162        4.8809384061639045E-002
  -3.8302882873775901      -0.97810182898453868        4.8478287046159051E-002
  -3.8447088977967199      -0.99252243940366869        4.8153581491577085E-002
  -3.8531111366718176      -0.98412020052857074        4.8042374141211319E-002
  -3.8614868665525357      -0.97574447064785252        4.7931381987500993E-002
  -3.8754820918788062      -0.98973969597412315        4.7621437511637360E-002
  -3.8893165795571325       -1.0035741836524497        4.7317243373929840E-002
  -3.9029934161755531       -1.0172510202708702        4.7018648041891715E-002
  -3.9165156173686837       -1.0307732214640011        4.6725504635016027E-002
  -3.9243146066380437       -1.0229742321946411        4.6627173487636307E-002
  -3.9375727739918487       -1.0362323995484464        4.6342946186499680E-002
  -3.9452213764181980       -1.0285837971220970        4.6247572901011835E-002
  -3.9528468560730423       -1.0209583174672530        4.6152381731164864E-002
  -3.9604491668390596       -1.0133560067012359        4.6057377914146248E-002
  -3.9732404024636878       -1.0261472423258642        4.5788347799174192E-002
  -3.9807007078108279       -1.0186869369787239        4.5696109210554142E-002
  -3.9932542842659933       -1.0312405134338893        4.5434849911048195E-002
  -4.0005776154768125       -1.0239171822230699        4.5345247632745334E-002
  -4.0129019131755816       -1.0362414799218396        4.5091399471923858E-002
  -4.0250998292040689       -1.0484393959503269        4.4841734635984246E-002
  -4.0371735724261626       -1.0605131391724207        4.4596153478187531E-002
  -4.0491253036114587       -1.0724648703577166        4.4354559195923515E-002
  -4.0609571363609378       -1.0842967031071959        4.4116857749076463E-002
  -4.0726711381888636       -1.0960107049351218        4.3882957776844478E-002
  -4.0793505748219259       -1.0893312683020600        4.3806344248165922E-002
  -4.0908642136923667       -1.1008449071725013        4.3578625239123196E-002
  -4.1022658367902523       -1.1122465302703866        4.3354460624258878E-002
  -4.1135573303992903       -1.1235380238794244        4.3133769081523214E-002
  -4.1247405400805750       -1.1347212335607086        4.2916471566770295E-002
  -4.1310376941231830       -1.1284240795181009        4.2847079914063162E-002
  -4.1420378077373652       -1.1394241931322826        4.2635260387609411E-002
  -4.1482329550613315       -1.1332290458083161        4.2567601583039127E-002
  -4.1590557027428989       -1.1440517934898833        4.2361036699036139E-002
  -4.1697785190926853       -1.1547746098396696        4.2157525535541425E-002
  -4.1804030170930737       -1.1653991078400581        4.1957001308440454E-002
  -4.1909307757566632       -1.1759268665036477        4.1759399045329743E-002
  -4.2013633409145479       -1.1863594316615322        4.1564655531061340E-002
  -4.2117022259878256       -1.1966983167348102        4.1372709254880312E-002
  -4.2174144139511283       -1.1909861287715076        4.1313723018067010E-002
  -4.2231118738329041       -1.1852886688897317        4.1254834901232655E-002
  -4.2332291859245954       -1.1954059809814228        4.1069069270857281E-002
  -4.2388413701082142       -1.1897937967978038        4.1011532318482917E-002
  -4.2488079026588599       -1.1997603293484498        4.0830003012458274E-002
  -4.2543372611085069       -1.1942309708988026        4.0773766801079872E-002
  -4.2598525545108021       -1.1887156774965071        4.0717625762466798E-002
  -4.2696124415661147       -1.1984755645518199        4.0541744608434439E-002
  -4.2792901645007078       -1.2081532874864134        4.0368224935148592E-002
  -4.2888869472306785       -1.2177500702163844        4.0197019291273242E-002
  -4.2984039894299837       -1.2272671124156891        4.0028081425827991E-002
  -4.3078424670709561       -1.2367055900566613        3.9861366253835830E-002
  -4.3130275812508900       -1.2315204758767269        3.9810740378590212E-002
  -4.3182000002643690       -1.2263480568632479        3.9760197029171641E-002
  -4.3233597508736361       -1.2211883062539806        3.9709737047206858E-002
  -4.3285068599585612       -1.2160411971690559        3.9659361256851045E-002
  -4.3336413545326238       -1.2109067025949933        3.9609070464804101E-002
  -4.3427355183875171       -1.2200008664498869        3.9451227279199939E-002
  -4.3478004835169601       -1.2149359013204437        3.9401975277041076E-002
  -4.3567719852841469       -1.2239074030876300        3.9247374353549774E-002
  -4.3656737589636299       -1.2328091767671130        3.9094683115724137E-002
  -4.3745067697464659       -1.2416421875499490        3.8943866030407032E-002
  -4.3832719649072898       -1.2504073827107727        3.8794888402810569E-002
  -4.3881090568519356       -1.2455702907661272        3.8749256994330267E-002
  -4.3929347190099231       -1.2407446286081398        3.8703700550852427E-002
  -4.3977489793667441       -1.2359303682513190        3.8658219646716736E-002
  -4.4063066881233972       -1.2444880770079718        3.8514437740153215E-002
  -4.4148007331843635       -1.2529821220689381        3.8372352683864866E-002
  -4.4232319615506741       -1.2614133504352489        3.8231934189298759E-002
  -4.4278869625744033       -1.2567583494115198        3.8188892532153268E-002
  -4.4325311988450276       -1.2521141131408959        3.8145921191398126E-002
  -4.4371646982856960       -1.2474806137002274        3.8103020631728816E-002
  -4.4454034215721103       -1.2557193369866417        3.7967316970990213E-002
  -4.4535830428244250       -1.2638989582389566        3.7833155223758540E-002
  -4.4581137638136736       -1.2593682372497077        3.7791771340259669E-002
  -4.4626341596800545       -1.2548478413833268        3.7750455280180055E-002
  -4.4671442580850433       -1.2503377429783384        3.7709207438853698E-002
  -4.4751421555988529       -1.2583356404921475        3.7579425199865506E-002
  -4.4830843531233127       -1.2662778380166071        3.7451072682381632E-002
  -4.4874972908006772       -1.2618649003392428        3.7411239549765524E-002
  -4.4953452398304377       -1.2697128493690037        3.7285191327476860E-002
  -4.4997062166857322       -1.2653518725137094        3.7246068321180027E-002
  -4.5040574692796760       -1.2610006199197656        3.7207009335454476E-002
  -4.5083990246506866       -1.2566590645487548        3.7168014684236722E-002
  -4.5127309097602284       -1.2523271794392132        3.7129084674587545E-002
  -4.5170531515336307       -1.2480049376658113        3.7090219606408938E-002
  -4.5213657767981212       -1.2436923124013208        3.7051419773084134E-002
  -4.5289343311546038       -1.2512608667578031        3.6931849749770665E-002
  -4.5364531152620264       -1.2587796508652258        3.6813520236091711E-002
  -4.5439227174683277       -1.2662492530715275        3.6696411656816877E-002
  -4.5481091016574338       -1.2620628688824214        3.6659445984937748E-002
  -4.5522863598641523       -1.2578856106757030        3.6622541334962525E-002
  -4.5596375348760754       -1.2652367856876265        3.6508184115360623E-002
  -4.5637685609157126       -1.2611057596479889        3.6471896604375269E-002
  -4.5710386499013147       -1.2683758486335910        3.6359442953335749E-002
  -4.5751244371119633       -1.2642900614229429        3.6323755555483284E-002
  -4.5823151769079180       -1.2714808012188972        3.6213153187099396E-002
  -4.5863566873822847       -1.2674392907445307        3.6178049521607358E-002
  -4.5903895750817663       -1.2634064030450489        3.6143003449014978E-002
  -4.5974702760007906       -1.2704871039640733        3.6034905747587186E-002
  -4.6014600961625236       -1.2664972838023398        3.6000424304155558E-002
  -4.6054414686831793       -1.2625159112816839        3.5965999480622284E-002
  -4.6094144182804726       -1.2585429616843911        3.5931631448624490E-002
  -4.6133789695832075       -1.2545784103816562        3.5897320375529410E-002
  -4.6173351471253188       -1.2506222328395449        3.5863066424541706E-002
  -4.6212829753506117       -1.2466744046142517        3.5828869754717808E-002
  -4.6252224786201097       -1.2427349013447535        3.5794730520956899E-002
  -4.6320423496885281       -1.2495547724131721        3.5692356001154286E-002
  -4.6359412439184826       -1.2456558781832174        3.5658747490257298E-002
  -4.6426910395322434       -1.2524056737969784        3.5557957616885558E-002
  -4.6465501388779868       -1.2485465744512345        3.5524866186773675E-002
  -4.6504012161144583       -1.2446954972147632        3.5491830083009220E-002
  -4.6542442948054550       -1.2408524185237662        3.5458849432568405E-002
  -4.6608677085635684       -1.2474758322818795        3.5360824283458478E-002
  -4.6646722583860987       -1.2436712824593488        3.5328341828199564E-002
  -4.6712294769563165       -1.2502285010295662        3.5231791201838419E-002
  -4.6749962497700572       -1.2464617282158250        3.5199794486368251E-002
  -4.6814885611839570       -1.2529540396297245        3.5104681666201107E-002
  -4.6852182873347523       -1.2492243134789289        3.5073158663673429E-002
  -4.6916469428718877       -1.2556529690160645        3.4979448191431423E-002
  -4.6980397634398345       -1.2620457895840118        3.4886555835447863E-002
  -4.7043971103062159       -1.2684031364503932        3.4794470659558221E-002
  -4.7080341216460120       -1.2647661251105966        3.4764206469353728E-002
  -4.7116638649875879       -1.2611363817690202        3.4733991557810283E-002
  -4.7179343413994506       -1.2674068581808826        3.4643763007845330E-002
  -4.7241706689737599       -1.2736431857551924        3.4554303336474211E-002
  -4.7303731846847095       -1.2798457014661420        3.4465602492400584E-002
  -4.7339148908315494       -1.2763039953193021        3.4436563654252371E-002
  -4.7374496483175141       -1.2727692378333371        3.4407571310807968E-002
  -4.7435694129339154       -1.2788890024497379        3.4320614009004907E-002
  -4.7470713314868753       -1.2753870838967782        3.4292025852610188E-002
  -4.7505664304225634       -1.2718919849610901        3.4263483396108373E-002
  -4.7540547302067608       -1.2684036851768932        3.4234986698203664E-002
  -4.7575362511984665       -1.2649221641851878        3.4206535815717823E-002
  -4.7610110136617436       -1.2614474017219108        3.4178130803523138E-002
  -4.7669791952330058       -1.2674155832931728        3.4094280269153392E-002
  -4.7729164726505457       -1.2733528607107125        3.4011107635452995E-002
  -4.7788231363163005       -1.2792595243764675        3.3928604479933816E-002
  -4.7846994729090850       -1.2851358609692518        3.3846762515164594E-002
  -4.7905457654076269       -1.2909821534677934        3.3765573586695539E-002
  -4.7963622931381975       -1.2967986811983641        3.3685029670674306E-002
  -4.8021493318515640       -1.3025857199117308        3.3605122871094260E-002
  -4.8054500261423811       -1.2992850256209134        3.3579029377014444E-002
  -4.8111862700055008       -1.3050212694840329        3.3500171065622336E-002
  -4.8168938016665610       -1.3107288011450930        3.3421928307130082E-002
  -4.8201433158571305       -1.3074792869545238        3.3396470840679413E-002
  -4.8258014167412941       -1.3131373878386874        3.3319240279653876E-002
  -4.8290229467057975       -1.3099158578741841        3.3294110457922035E-002
  -4.8346324544743622       -1.3155253656427488        3.3217870277823996E-002
  -4.8402144700383216       -1.3211073812067085        3.3142212326808689E-002
  -4.8457692393817702       -1.3266621505501568        3.3067129730841083E-002
  -4.8489208014604177       -1.3235105884715088        3.3042871931869867E-002
  -4.8520666669326324       -1.3203647229992943        3.3018650251459745E-002
  -4.8575548376302358       -1.3258528936968978        3.2944885789670850E-002
  -4.8630166608508993       -1.3313147169175614        3.2871672693343935E-002
  -4.8661158326281839       -1.3282155451402764        3.2848015045519811E-002
  -4.8715323250936464       -1.3336320376057385        3.2775707540935062E-002
  -4.8746059142185487       -1.3305584484808357        3.2752341079267812E-002
  -4.8776740464453869       -1.3274903162539973        3.2729008937162789E-002
  -4.8830271513249750       -1.3328434211335849        3.2657939125356160E-002
  -4.8883551766711273       -1.3381714464797374        3.2587387234168118E-002
  -4.8913788842139150       -1.3351477389369499        3.2564584578714861E-002
  -4.8943972863993892       -1.3321293367514757        3.2541815112141145E-002
  -4.8996639387396677       -1.3373959890917544        3.2472451048369932E-002
  -4.9026580933331116       -1.3344018344983106        3.2449954036606429E-002
  -4.9056470316061009       -1.3314128962253211        3.2427489677814295E-002
  -4.9086307691793474       -1.3284291586520747        3.2405057980118536E-002
  -4.9138196975976500       -1.3336180870703773        3.2337174573622465E-002
  -4.9167798080667415       -1.3306579766012854        3.2315007383040058E-002
  -4.9197348041591686       -1.3277029805088585        3.2292872328491762E-002
  -4.9226847011076549       -1.3247530835603720        3.2270769415070594E-002
  -4.9256295140541200       -1.3218082706139074        3.2248698647269730E-002
  -4.9307257345855708       -1.3269044911453585        3.2182558215041429E-002
  -4.9357992790894132       -1.3319780356492010        3.2116874580057651E-002
  -4.9408503324243238       -1.3370290889841114        3.2051642845728791E-002
  -4.9437370871110966       -1.3341423342973382        3.2030265110878968E-002
  -4.9487492719999668       -1.3391545191862082        3.1965779550372213E-002
  -4.9516139239479235       -1.3362898672382513        3.1944645234032662E-002
  -4.9565878276209920       -1.3412637709113202        3.1880891564849093E-002
  -4.9594307091133825       -1.3384208894189298        3.1859996028257953E-002
  -4.9622688224298956       -1.3355827761024166        3.1839130153138613E-002
  -4.9651021816049514       -1.3327494169273608        3.1818293937940022E-002
  -4.9679308006112519       -1.3299207979210599        3.1797487380503954E-002
  -4.9707546933467199       -1.3270969051855916        3.1776710478171509E-002
  -4.9735738736331472       -1.3242777248991648        3.1755963227803274E-002
  -4.9784310260043414       -1.3291348772703591        3.1694339784422092E-002
  -4.9812292675493355       -1.3263366357253652        3.1673821579404883E-002
  -4.9840228711211374       -1.3235430321535628        3.1653332562179372E-002
  -4.9868118502049095       -1.3207540530697910        3.1632872727659675E-002
  -4.9916024415578413       -1.3255446444227230        3.1572469822001653E-002
  -4.9963730351595208       -1.3303152380244030        3.1512457272104978E-002
  -5.0011237842081506       -1.3350659870730328        3.1452831155140963E-002
  -5.0058548402567560       -1.3397970431216379        3.1393587600036917E-002
  -5.0085768110255664       -1.3370750723528277        3.1373915769694304E-002
  -5.0132736996361222       -1.3417719609633831        3.1315306915186476E-002
  -5.0159761046434364       -1.3390695559560688        3.1295844933078812E-002
  -5.0186741457094000       -1.3363715148901054        3.1276409989600865E-002
  -5.0233230088890615       -1.3410203780697669        3.1218674298298534E-002
  -5.0279530082914308       -1.3456503774721360        3.1161300922800290E-002
  -5.0325642846623637       -1.3502616538430687        3.1104286320348836E-002
  -5.0352138452561812       -1.3476120932492512        3.1085405863770420E-002
  -5.0397926413906111       -1.3521908893836811        3.1028986281216982E-002
  -5.0424236247862355       -1.3495599059880570        3.1010302040938669E-002
  -5.0469703909085082       -1.3541066721103296        3.0954467056454382E-002
  -5.0495830534368915       -1.3514940095819459        3.0935975609714721E-002
  -5.0521916030465270       -1.3488854599723101        3.0917509261946238E-002
  -5.0547960514785633       -1.3462810115402737        3.0899068002597774E-002
  -5.0592843972936477       -1.3507693573553581        3.0844266356763062E-002
  -5.0618709364896999       -1.3481828181593059        3.0826012959614357E-002
  -5.0644534356055280       -1.3456003190434775        3.0807784275041026E-002
  -5.0688978527347430       -1.3500447361726930        3.0753762827225143E-002
  -5.0714627630213274       -1.3474798258861089        3.0735718019619686E-002
  -5.0740236929553912       -1.3449188959520451        3.0717697556280062E-002
  -5.0784250132793254       -1.3493202162759792        3.0664437966496167E-002
  -5.0828094310133016       -1.3537046340099559        3.0611494027868329E-002
  -5.0853398950927184       -1.3511741699305386        3.0593807303251969E-002
  -5.0878664727196448       -1.3486475923036123        3.0576144231853293E-002
  -5.0922089324828779       -1.3529900520668459        3.0523936757105446E-002
  -5.0965349359309142       -1.3573160555148820        3.0472034459630200E-002
  -5.1008445980370718       -1.3616257176210391        3.0420434551837978E-002
  -5.1033288015948965       -1.3591415140632146        3.0403240755065189E-002
  -5.1058092430818398       -1.3566610725762711        3.0386069637200652E-002
  -5.1082859330099231       -1.3541843826481874        3.0368921184810879E-002
  -5.1107588818388257       -1.3517114338192850        3.0351795384261374E-002
  -5.1150039064492434       -1.3559564584297028        3.0301301402458285E-002
  -5.1192332089748458       -1.3601857609553052        3.0251095632568090E-002
  -5.1216777881467204       -1.3577411817834306        3.0234275286763736E-002
  -5.1241187117835381       -1.3553002581466129        3.0217476968639485E-002
  -5.1265559899995354       -1.3528629799306153        3.0200700663980166E-002
  -5.1307345471223949       -1.3570415370534750        3.0151360984233062E-002
  -5.1331561973798170       -1.3546198867960526        3.0134743663143650E-002
  -5.1373080186010815       -1.3587717080173176        3.0085870279392975E-002
  -5.1414448046876950       -1.3629084941039313        3.0037269424228890E-002
  -5.1438392880059709       -1.3605140107856557        3.0020941713374470E-002
  -5.1479498650225111       -1.3646245878021956        2.9972795421450031E-002
  -5.1503292401402092       -1.3622452126844975        2.9956619847564533E-002
  -5.1527051316076546       -1.3598693212170523        2.9940465112016069E-002
  -5.1550775489456688       -1.3574969038790377        2.9924331199813817E-002
  -5.1591401304143849       -1.3615594853477542        2.9876992432924500E-002
  -5.1631883201485795       -1.3656076750819490        2.9829911676761352E-002
  -5.1655346993220697       -1.3632612959084587        2.9814052653770230E-002
  -5.1695577789237648       -1.3672843755101538        2.9767402700944200E-002
  -5.1718896624735100       -1.3649524919604088        2.9751688256969142E-002
  -5.1742181857454304       -1.3626239686884880        2.9735993813632705E-002
  -5.1782058302924252       -1.3666116132354826        2.9689939421739534E-002
  -5.1805200924190355       -1.3642973511088718        2.9674386790468341E-002
  -5.1828310399074287       -1.3619864036204787        2.9658853880790540E-002
  -5.1867838554717860       -1.3659392191848356        2.9613382443554850E-002
  -5.1890807706290731       -1.3636423040275485        2.9597988654106934E-002
  -5.1913744158488910       -1.3613486588077301        2.9582614312581863E-002
  -5.1936647999002119       -1.3590582747564088        2.9567259403198345E-002
  -5.1975731383208092       -1.3629666131770057        2.9522522341225144E-002
  -5.2014681716418583       -1.3668616464980550        2.9478019240725961E-002
  -5.2053499836530106       -1.3707434585092075        2.9433748182545683E-002
  -5.2076058581578613       -1.3684875840043569        2.9418758547195008E-002
  -5.2114645620278894       -1.3723462878743853        2.9374875723889304E-002
  -5.2153102829834230       -1.3761920088299191        2.9331219630022352E-002
  -5.2191431018959689       -1.3800248277424645        2.9287788426527069E-002
  -5.2213654154655122       -1.3778025141729209        2.9273150680905219E-002
  -5.2251757014360232       -1.3816128001434316        2.9230095330131971E-002
  -5.2273849999344320       -1.3794035016450226        2.9215583815310617E-002
  -5.2295912475353514       -1.3771972540441035        2.9201090097978818E-002
  -5.2333697052505448       -1.3809757117592971        2.9158554912430381E-002
  -5.2371357067389743       -1.3847417132477264        2.9116234901754648E-002
  -5.2393194421835512       -1.3825579778031500        2.9101970142975095E-002
  -5.2415001898026503       -1.3803772301840511        2.9087722737300856E-002
  -5.2452350903696763       -1.3841121307510773        2.9045907964688589E-002
  -5.2489578193447048       -1.3878348597261057        2.9004302213170938E-002
  -5.2526684502722381       -1.3915454906536384        2.8962903839789923E-002
  -5.2548178048712755       -1.3893961360546012        2.8948979687892118E-002
  -5.2569642551681444       -1.3872496857577321        2.8935072265772226E-002
  -5.2606446890102001       -1.3909301195997883        2.8894160542370470E-002
  -5.2627789906911548       -1.3887958179188333        2.8880368867300076E-002
  -5.2649104250772449       -1.3866643835327428        2.8866593701063856E-002
  -5.2685611405243407       -1.3903150989798385        2.8826159108162327E-002
  -5.2722002253435729       -1.3939541837990708        2.8785921948372116E-002
  -5.2758277483052600       -1.3975817067607577        2.8745880704235775E-002
  -5.2794437776027019       -1.4011977360581995        2.8706033873782205E-002
  -5.2815363219065379       -1.3991051917543635        2.8692658120287790E-002
  -5.2851322765237478       -1.4027011463715731        2.8653136111107209E-002
  -5.2872132457479788       -1.4006201771473419        2.8639869031897556E-002
  -5.2892914745131927       -1.3985419483821280        2.8626617513468573E-002
  -5.2928590562782327       -1.4021095301471682        2.8587545311279040E-002
  -5.2949258786250653       -1.4000427078003359        2.8574400599898089E-002
  -5.2969899945698682       -1.3979785918555332        2.8561271248309563E-002
  -5.2990514110174214       -1.3959171754079800        2.8548157241538329E-002
  -5.3025826990882576       -1.3994484634788165        2.8509652810958481E-002
  -5.3061031032646691       -1.4029688676552283        2.8471330056694732E-002
  -5.3096126858752912       -1.4064784502658503        2.8433187627629430E-002
  -5.3131115087592047       -1.4099772731497635        2.8395224185812681E-002
  -5.3151365628069227       -1.4079522191020455        2.8382477391726949E-002
  -5.3171590079730988       -1.4059297739358696        2.8369745259733299E-002
  -5.3191788508621762       -1.4039099310467920        2.8357027775098687E-002
  -5.3226427590051992       -1.4073738391898145        2.8319604929317652E-002
  -5.3246518341980105       -1.4053647639970037        2.8306986903425084E-002
  -5.3266583386745330       -1.4033582595204814        2.8294383339642803E-002
  -5.3286622788945879       -1.4013543193004268        2.8281794223281927E-002
  -5.3320919403393701       -1.4047839807452092        2.8244899382944520E-002
  -5.3355113384792565       -1.4082033788850956        2.8208173386460082E-002
  -5.3374967348584761       -1.4062179825058758        2.8195763994386919E-002
  -5.3394796156436399       -1.4042351017207120        2.8183368718284356E-002
  -5.3428733209527124       -1.4076288070297844        2.8147040219745793E-002
  -5.3462569767757051       -1.4110124628527774        2.8110876174437447E-002
  -5.3496306384862296       -1.4143861245633023        2.8074875407120298E-002
  -5.3529943610378856       -1.4177498471149588        2.8039036753585787E-002
  -5.3549436552098504       -1.4158005529429940        2.8026974360429936E-002
  -5.3568905151729176       -1.4138536929799270        2.8014925478574700E-002
  -5.3588349469491439       -1.4119092612037005        2.8002890093873162E-002
  -5.3607769565313790       -1.4099672516214656        2.7990868192177745E-002
  -5.3627165498874669       -1.4080276582653775        2.7978859759315546E-002
  -5.3660331624977973       -1.4113442708757078        2.7943728945830214E-002
  -5.3693401803150822       -1.4146512886929925        2.7908753370865035E-002
  -5.3726376550339738       -1.4179487634118837        2.7873931950532452E-002
  -5.3745525043158544       -1.4160339141300033        2.7862164016394114E-002
  -5.3764649979583981       -1.4141214204874599        2.7850409117987904E-002
  -5.3797385647226506       -1.4173949872517122        2.7815950862998304E-002
  -5.3816414174280522       -1.4154921345463107        2.7804282728731079E-002
  -5.3848985105790446       -1.4187492276973026        2.7770078261053842E-002
  -5.3881463464822055       -1.4219970636004631        2.7736022197938994E-002
  -5.3900324860453974       -1.4201109240372711        2.7724511876665074E-002
  -5.3919163338539464       -1.4182270762287223        2.7713014164154972E-002
  -5.3937978954510735       -1.4163455146315955        2.7701529046839982E-002
  -5.3956771763673270       -1.4144662337153422        2.7690056511073681E-002
  -5.3988879276638659       -1.4176769850118816        2.7656550750265144E-002
  -5.4007579151812095       -1.4158069974945380        2.7645161241941080E-002
  -5.4026256479778594       -1.4139392646978883        2.7633784164602927E-002
  -5.4058137124373475       -1.4171273291573769        2.7600618789502717E-002
  -5.4089929178335581       -1.4203065345535879        2.7567593989232857E-002
  -5.4108446012238183       -1.4184548511633273        2.7556367369449102E-002
  -5.4140082642717680       -1.4216185142112769        2.7523578655705875E-002
  -5.4158509239167287       -1.4197758545663164        2.7512432057785766E-002
  -5.4176913885834574       -1.4179353898995879        2.7501297492619904E-002
  -5.4195296634891026       -1.4160971149939428        2.7490174947019289E-002
  -5.4213657538396074       -1.4142610246434384        2.7479064407724317E-002
  -5.4244941799155759       -1.4173894507194074        2.7446792362461836E-002
  -5.4263214212595274       -1.4155622093754561        2.7435760135456327E-002
  -5.4281465023719422       -1.4137371282630411        2.7424739773782073E-002
  -5.4299694283481710       -1.4119142022868125        2.7413731264314352E-002
  -5.4317902042704107       -1.4100934263645726        2.7402734593875523E-002
  -5.4348841374517916       -1.4131873595459534        2.7370966073676270E-002
  -5.4366962340266367       -1.4113752629711080        2.7360046058317163E-002
  -5.4385062042475285       -1.4095652927502167        2.7349137744116556E-002
  -5.4403140530975795       -1.4077574439001652        2.7338241117986665E-002
  -5.4421197855285506       -1.4059517114691944        2.7327356166902031E-002
  -5.4439234064867996       -1.4041480905109449        2.7316482877744044E-002
  -5.4469772642926220       -1.4072019483167673        2.7285294402282369E-002
  -5.4500230197333757       -1.4102477037575214        2.7254231930352747E-002
  -5.4518118118040055       -1.4084589116868911        2.7243496088264787E-002
  -5.4535985284953989       -1.4066721949954979        2.7232771666399470E-002
  -5.4553831746174843       -1.4048875488734121        2.7222058651872761E-002
  -5.4571657549521300       -1.4031049685387667        2.7211357031850545E-002
  -5.4589462742665855       -1.4013244492243115        2.7200666793468737E-002
  -5.4607247373098389       -1.3995459861810586        2.7189987923856060E-002
  -5.4637255074203432       -1.4025467562915632        2.7159570263343809E-002
  -5.4654957456499424       -1.4007765180619640        2.7148963589123509E-002
  -5.4672639496798645       -1.3990083140320417        2.7138368154140738E-002
  -5.4690301241695289       -1.3972421395423773        2.7127783945618555E-002
  -5.4720050166405469       -1.4002170320133953        2.7097739942437995E-002
  -5.4749722365892577       -1.4031842519621061        2.7067813806445615E-002
  -5.4779318209418113       -1.4061438363146597        2.7038004805335223E-002
  -5.4808838063554566       -1.4090958217283047        2.7008312213027165E-002
  -5.4838282292461855       -1.4120402446190334        2.6978735309350219E-002
  -5.4855623719576032       -1.4103061019076160        2.6968456032074352E-002
  -5.4872945551387149       -1.4085739187265043        2.6958187459735352E-002
  -5.4890247832236989       -1.4068436906415205        2.6947929580114768E-002
  -5.4919442944989347       -1.4097632019167561        2.6918708748058882E-002
  -5.4948564113637834       -1.4126753187816046        2.6889600429103242E-002
  -5.4965730514459299       -1.4109586786994577        2.6879466237951427E-002
  -5.4982877685263940       -1.4092439616189936        2.6869342526556289E-002
  -5.5000005669284713       -1.4075311632169167        2.6859229282885571E-002
  -5.5028883064699716       -1.4104189027584171        2.6830467605281624E-002
  -5.5057688142377454       -1.4132994105261911        2.6801815385640554E-002
  -5.5074683107831577       -1.4115999139807791        2.6791822693478566E-002
  -5.5091659198322303       -1.4099023049317070        2.6781840262611219E-002
  -5.5120281027349733       -1.4127644878344505        2.6753449646871888E-002
  -5.5148831814430590       -1.4156195665425364        2.6725166086732050E-002
  -5.5165677249478131       -1.4139350230377823        2.6715301543060937E-002
  -5.5194102565092624       -1.4167775545992318        2.6687199286203275E-002
  -5.5210874179867053       -1.4151003931217889        2.6677397810238864E-002
  -5.5227627373432213       -1.4134250737652727        2.6667606296478293E-002
  -5.5244362186481100       -1.4117515924603845        2.6657824733442841E-002
  -5.5261078659692382       -1.4100799451392563        2.6648053109575239E-002
  -5.5289217844351937       -1.4128938636052120        2.6620350686440336E-002
  -5.5305861794571456       -1.4112294685832603        2.6610640906156093E-002
  -5.5333879085657411       -1.4140311976918560        2.6583113477844693E-002
  -5.5361828352335447       -1.4168261243596598        2.6555687508462905E-002
  -5.5378346963957661       -1.4151742631974384        2.6546089852780900E-002
  -5.5394847669680018       -1.4135241926252025        2.6536501851114353E-002
  -5.5422624311122721       -1.4163018567694727        2.6509318798903832E-002
  -5.5439054348279022       -1.4146588530538426        2.6499790672000065E-002
  -5.5455466659531840       -1.4130176219285611        2.6490272095529059E-002
  -5.5483072767880151       -1.4157782327633925        2.6463328349755792E-002
  -5.5510612858058828       -1.4185322417812605        2.6436482367840162E-002
  -5.5526903423706049       -1.4169031852165386        2.6427072013933184E-002
  -5.5543176539900116       -1.4152758735971316        2.6417671029666207E-002
  -5.5559432244429496       -1.4136503031441934        2.6408279404122187E-002
  -5.5575670574950458       -1.4120264700920977        2.6398897126385032E-002
  -5.5602941743338379       -1.4147535869308894        2.6372421461023157E-002
  -5.5619111788044329       -1.4131365824602939        2.6363096689805150E-002
  -5.5635264630603443       -1.4115212982043825        2.6353781167520608E-002
  -5.5651400308006442       -1.4099077304640821        2.6344474883358060E-002
  -5.5667518857144502       -1.4082958755502761        2.6335177826490998E-002
  -5.5683620314710920       -1.4066857297936348        2.6325889986135047E-002
  -5.5699704717256378       -1.4050772895390895        2.6316611351516566E-002
  -5.5715772101270939       -1.4034705511376337        2.6307341911825852E-002
  -5.5742631375289227       -1.4061564785394627        2.6281426115817647E-002
  -5.5758632205190422       -1.4045563955493430        2.6272212638008514E-002
  -5.5785380385990919       -1.4072312136293927        2.6246453019204599E-002
  -5.5801315210698492       -1.4056377311586352        2.6237294927815881E-002
  -5.5817233311096777       -1.4040459211188066        2.6228145850988600E-002
  -5.5843823107493682       -1.4067049007584969        2.6202604928687766E-002
  -5.5870351836034011       -1.4093577736125298        2.6177152876931932E-002
  -5.5896819759142771       -1.4120045659234060        2.6151789204466393E-002
  -5.5923227137578477       -1.4146453037669764        2.6126513423721080E-002
  -5.5938935737226831       -1.4130744438021412        2.6117554009889098E-002
  -5.5965235723156415       -1.4157044423950997        2.6092427878992748E-002
  -5.5980880606960843       -1.4141399540146566        2.6083521382181604E-002
  -5.6007074070434282       -1.4167593003620003        2.6058543391039201E-002
  -5.6033208223545712       -1.4193727156731437        2.6033651051791406E-002
  -5.6059283317710067       -1.4219802250895790        2.6008843897494867E-002
  -5.6074771679053148       -1.4204313889552709        2.6000076349171442E-002
  -5.6090244160844902       -1.4188841407760953        2.5991317217511183E-002
  -5.6105700796214686       -1.4173384772391167        2.5982566492623645E-002
  -5.6131579806739786       -1.4199263782916267        2.5958024075398163E-002
  -5.6157400925878784       -1.4225084902055265        2.5933564768324195E-002
  -5.6183164396205463       -1.4250848372381939        2.5909188123720086E-002
  -5.6198468291301662       -1.4235544477285738        2.5900572187748723E-002
  -5.6213756655447016       -1.4220256113140382        2.5891964444332335E-002
  -5.6229029520802802       -1.4204983247784595        2.5883364883828381E-002
  -5.6254601542118774       -1.4230555269100569        2.5859245194374027E-002
  -5.6280117041038968       -1.4256070768020759        2.5835206178072282E-002
  -5.6305576251721332       -1.4281529978703120        2.5811247405477411E-002
  -5.6330979406898578       -1.4306933133880364        2.5787368450240745E-002
  -5.6346059091071412       -1.4291853449707532        2.5778939994694938E-002
  -5.6361123660679473       -1.4276788880099467        2.5770519454938169E-002
  -5.6386383992986984       -1.4302049212406980        2.5746832503506935E-002
  -5.6401389871625902       -1.4287043333768066        2.5738459657960407E-002
  -5.6426551926861164       -1.4312205389003325        2.5714906641801958E-002
  -5.6441499570485858       -1.4297257745378633        2.5706581029462421E-002
  -5.6466564111201549       -1.4322322286094327        2.5683160656058659E-002
  -5.6481453970494258       -1.4307432426801621        2.5674881822172462E-002
  -5.6496329069417115       -1.4292557327878763        2.5666610689211229E-002
  -5.6521254541563826       -1.4317482800025469        2.5643376095248551E-002
  -5.6536072455227631       -1.4302664886361660        2.5635151171852975E-002
  -5.6560902235911374       -1.4327494667045402        2.5612046167851753E-002
  -5.6585678722493924       -1.4352271153627953        2.5589016137942223E-002
  -5.6600397976839636       -1.4337551899282239        2.5580874866309299E-002
  -5.6625079912148903       -1.4362233834591509        2.5557972481326758E-002
  -5.6639743133468707       -1.4347570613271710        2.5549876230062201E-002
  -5.6654392009142036       -1.4332921737598383        2.5541787417488786E-002
  -5.6678939077486623       -1.4357468805942966        2.5519063848398672E-002
  -5.6693532492605998       -1.4342875390823593        2.5511019516857077E-002
  -5.6717986751263609       -1.4367329649481200        2.5488420699552847E-002
  -5.6732525124767204       -1.4352791275977606        2.5480420431310526E-002
  -5.6747049381671086       -1.4338267019073720        2.5472427466863536E-002
  -5.6761559550183920       -1.4323756850560887        2.5464441797621105E-002
  -5.6785841213553354       -1.4348038513930317        2.5442068848370736E-002
  -5.6800297040313579       -1.4333582687170090        2.5434126608794797E-002
  -5.6824487888471058       -1.4357773535327569        2.5411875134213901E-002
  -5.6848628187457235       -1.4381913834313742        2.5389693892317981E-002
  -5.6862990298370670       -1.4367551723400309        2.5381830242141273E-002
  -5.6887040836655043       -1.4391602261684679        2.5359768699297187E-002
  -5.6911041399344056       -1.4415602824373688        2.5337776389784270E-002
  -5.6925310947552816       -1.4401333276164925        2.5329990076736003E-002
  -5.6939566861210471       -1.4387077362507270        2.5322210765581176E-002
  -5.6953809167208087       -1.4372835056509654        2.5314438448098654E-002
  -5.6977643455561386       -1.4396669344862953        2.5292661756085164E-002
  -5.7001428679707953       -1.4420454569009518        2.5270952745085999E-002
  -5.7025165029357954       -1.4444190918659516        2.5249311079494560E-002
  -5.7048852693171632       -1.4467878582473193        2.5227736425936301E-002
  -5.7072491858772434       -1.4491517748073990        2.5206228453245244E-002
  -5.7096082712794036       -1.4515108602095592        2.5184786832409822E-002
  -5.7119625440774424       -1.4538651330075985        2.5163411236657874E-002
  -5.7133586576035746       -1.4524690194814662        2.5155882575232002E-002
  -5.7147534610651443       -1.4510742160198962        2.5148360551868795E-002
  -5.7161469570177585       -1.4496807200672817        2.5140845158776907E-002
  -5.7184852388976664       -1.4520190019471895        2.5119674771782782E-002
  -5.7198737096379606       -1.4506305312068957        2.5112198671732901E-002
  -5.7212608841791939       -1.4492433566656626        2.5104729140177178E-002
  -5.7235870601524281       -1.4515695326388964        2.5083715053311972E-002
  -5.7259085599014536       -1.4538910323879222        2.5062764700178361E-002
  -5.7282254011078066       -1.4562078735942749        2.5041877771964864E-002
  -5.7296002847751488       -1.4548329899269330        2.5034511042385611E-002
  -5.7319088584135267       -1.4571415635653113        2.5013732102791869E-002
  -5.7342128243168347       -1.4594455294686191        2.4993015721722488E-002
  -5.7365121997826121       -1.4617449049343967        2.4972361598219677E-002
  -5.7378749943309968       -1.4603821103860122        2.4965095451919196E-002
  -5.7392365363389306       -1.4590205683780786        2.4957835584285389E-002
  -5.7415242084146714       -1.4613082404538191        2.4937331233863793E-002
  -5.7438073550878919       -1.4635913871270396        2.4916888049958213E-002
  -5.7451605566504522       -1.4622381855644788        2.4909695917492529E-002
  -5.7474356747161277       -1.4645133036301541        2.4889356821136462E-002
  -5.7497063160445148       -1.4667839449585409        2.4869078067795203E-002
  -5.7510512742832454       -1.4654389867198103        2.4861952650919686E-002
  -5.7523950102041068       -1.4640952507989493        2.4854833322280102E-002
  -5.7546542396530826       -1.4663544802479251        2.4834699692668244E-002
  -5.7559932941452310       -1.4650154257557766        2.4827616274028505E-002
  -5.7573311365807651       -1.4636775833202424        2.4820538888529739E-002
  -5.7586677692525159       -1.4623409506484915        2.4813467529159482E-002
  -5.7609122719135266       -1.4645854533095024        2.4793519105082755E-002
  -5.7622442783781116       -1.4632534468449174        2.4786483177698947E-002
  -5.7644810222693890       -1.4654901907361948        2.4766634556106438E-002
  -5.7658084345367175       -1.4641627784688662        2.4759633756741398E-002
  -5.7680374732768147       -1.4663918172089632        2.4739884082724078E-002
  -5.7702622178911378       -1.4686165618232860        2.4720191736362834E-002
  -5.7715817120405619       -1.4672970676738619        2.4713254490769852E-002
  -5.7737988340753930       -1.4695141897086927        2.4693659760272855E-002
  -5.7751138172755416       -1.4681992065085443        2.4686756832295816E-002
  -5.7764276291194481       -1.4668853946646381        2.4679859699059847E-002
  -5.7786338684952394       -1.4690916340404296        2.4660401843369213E-002
  -5.7799432109660556       -1.4677822915696133        2.4653538657903231E-002
  -5.7812513917089356       -1.4664741108267336        2.4646681215771467E-002
  -5.7834468539684680       -1.4686695730862658        2.4627358617439615E-002
  -5.7847506063340193       -1.4673658207207148        2.4620534758965435E-002
  -5.7860532064750050       -1.4660632205797293        2.4613716593101371E-002
  -5.7873546565255412       -1.4647617705291929        2.4606904113264879E-002
  -5.7895362041263780       -1.4669433181300302        2.4587754239285785E-002
  -5.7908332766434825       -1.4656462456129260        2.4580974908065122E-002
  -5.7930074953218629       -1.4678204642913066        2.4561918077186610E-002
  -5.7951776326247195       -1.4699906015941635        2.4542915103725416E-002
  -5.7973437029837571       -1.4721566719532013        2.4523965744028344E-002
  -5.7986300542840654       -1.4708703206528932        2.4517273273146654E-002
  -5.7999152820264488       -1.4695850929105096        2.4510586323520826E-002
  -5.8020709630988980       -1.4717407739829584        2.4491766235992550E-002
  -5.8033519193910799       -1.4704598176907762        2.4485111421407517E-002
  -5.8055004446485379       -1.4726083429482344        2.4466381644339532E-002
  -5.8076449840570223       -1.4747528823567189        2.4447704161504529E-002
  -5.8097855515551400       -1.4768934498548369        2.4429078739029598E-002
  -5.8110560477911317       -1.4756229536188454        2.4422508125395485E-002
  -5.8131895596602128       -1.4777564654879267        2.4403971417403480E-002
  -5.8153191397070438       -1.4798860455347573        2.4385486113044117E-002
  -5.8165823892876638       -1.4786227959541376        2.4378972454531366E-002
  -5.8187049861095641       -1.4807453927760379        2.4360574722606089E-002
  -5.8208236905989024       -1.4828640972653766        2.4342227749150503E-002
  -5.8220797722266706       -1.4816080156376084        2.4335770247679661E-002
  -5.8241915647931162       -1.4837198082040539        2.4317509725127414E-002
  -5.8262995039229084       -1.4858277473338459        2.4299299327247826E-002
  -5.8284036028794306       -1.4879318462903683        2.4281138833469842E-002
  -5.8305038748672917       -1.4900321182782297        2.4263028024470636E-002
  -5.8326003330188634       -1.4921285764298011        2.4244966682285776E-002
  -5.8346929904098621       -1.4942212338208001        2.4226954590168982E-002
  -5.8359301013071496       -1.4929841229235121        2.4220651058125126E-002
  -5.8371661663775170       -1.4917480578531446        2.4214352545273078E-002
  -5.8384011874940800       -1.4905130367365815        2.4208059045886285E-002
  -5.8404812148987837       -1.4925930641412850        2.4190199872310879E-002
  -5.8425575021438210       -1.4946693513863221        2.4172388987466813E-002
  -5.8437856579982395       -1.4934411955319038        2.4166148600566695E-002
  -5.8458553079783595       -1.4955108455120241        2.4148419876004534E-002
  -5.8479212544596466       -1.4975767919933110        2.4130738849134435E-002
  -5.8499835099588191       -1.4996390474924834        2.4113105313995364E-002
  -5.8520420869295338       -1.5016976244631981        2.4095519065843986E-002
  -5.8532577364256015       -1.5004819749671301        2.4089377979132423E-002
  -5.8544723735524116       -1.4992673378403198        2.4083241707941988E-002
  -5.8565215753032884       -1.5013165395911969        2.4065769062623695E-002
  -5.8577323761622662       -1.5001057387322192        2.4059660749547067E-002
  -5.8597751131780544       -1.5021484757480079        2.4042267602681709E-002
  -5.8618142414805332       -1.5041876040504865        2.4024920637061697E-002
  -5.8630184343457605       -1.5029834111852594        2.4018862899363790E-002
  -5.8642216327344592       -1.5017802127965605        2.4012809874298158E-002
  -5.8654238383986277       -1.5005780071323920        2.4006761556509545E-002
  -5.8666250530805861       -1.4993767924504340        2.4000717940673051E-002
  -5.8678252785169844       -1.4981765670140359        2.3994679021474060E-002
  -5.8698468572252738       -1.5001981457223257        2.3977539795154417E-002
  -5.8718649044669817       -1.5022161929640339        2.3960445552073866E-002
  -5.8738794318991232       -1.5042307203961753        2.3943396102626965E-002
  -5.8750704479415861       -1.5030397043537123        2.3937428831934469E-002
  -5.8770787283514663       -1.5050479847635929        2.3920455596864277E-002
  -5.8782660584744528       -1.5038606546406061        2.3914514951327629E-002
  -5.8794524205989571       -1.5026742925161016        2.3908578875988504E-002
  -5.8814517776087154       -1.5046736495258601        2.3891712549939673E-002
  -5.8834476802044078       -1.5066695521215525        2.3874889992583720E-002
  -5.8854401396663114       -1.5086620115834557        2.3858111021448955E-002
  -5.8874291672259176       -1.5106510391430621        2.3841375455054242E-002
  -5.8886038720537002       -1.5094763343152793        2.3835530435670060E-002
  -5.8905868102499843       -1.5114592725115634        2.3818868688080527E-002
  -5.8925663488012106       -1.5134388110627899        2.3802249836388449E-002
  -5.8945424987310808       -1.5154149609926602        2.3785673703065658E-002
  -5.8965152710099851       -1.5173877332715646        2.3769140111590932E-002
  -5.8976785284810154       -1.5162244758005339        2.3763383982230230E-002
  -5.8988408536878216       -1.5150621505937274        2.3757632198480514E-002
  -5.9000022482307903       -1.5139007560507585        2.3751884755471141E-002
  -5.9019638030420554       -1.5158623108620237        2.3735483073542320E-002
  -5.9039220310197100       -1.5178205388396784        2.3719123151327546E-002
  -5.9050773448256146       -1.5166652250337738        2.3713421300351600E-002
  -5.9070296712501928       -1.5186175514583522        2.3697132370445403E-002
  -5.9089787016442479       -1.5205665818524072        2.3680884718243013E-002
  -5.9109244465354234       -1.5225123267435827        2.3664678175512061E-002
  -5.9120712052366828       -1.5213655680423233        2.3659041530715377E-002
  -5.9140111238143458       -1.5233054866199860        2.3642904840774356E-002
  -5.9159477871240860       -1.5252421499297264        2.3626808788784048E-002
  -5.9170886088274983       -1.5241013282263138        2.3621216337073970E-002
  -5.9182285315669452       -1.5229614054868670        2.3615628036017702E-002
  -5.9193675568622286       -1.5218223801915833        2.3610043881006404E-002
  -5.9212934124184233       -1.5237482357477778        2.3594073759922358E-002
  -5.9224290585976114       -1.5226125895685900        2.3588513450054607E-002
  -5.9243492069348855       -1.5245327379058642        2.3572611434569214E-002
  -5.9262661672421144       -1.5264496982130935        2.3556749030425296E-002
  -5.9281799495391638       -1.5283634805101427        2.3540926078831573E-002
  -5.9293073287592719       -1.5272361012900344        2.3535428246418688E-002
  -5.9304338289334426       -1.5261096011158637        2.3529934453700208E-002
  -5.9323395137551662       -1.5280152859375873        2.3514206195093517E-002
  -5.9342420581736350       -1.5299178303560566        2.3498516814576608E-002
  -5.9353628318994263       -1.5287970566302653        2.3493065291464832E-002
  -5.9372598069819498       -1.5306940317127888        2.3477441969718429E-002
  -5.9383773060735452       -1.5295765326211934        2.3472013359329691E-002
  -5.9394939406383296       -1.5284598980564088        2.3466588708065440E-002
  -5.9413829602628780       -1.5303489176809570        2.3451058032973558E-002
  -5.9432688946603420       -1.5322348520784212        2.3435565396185222E-002
  -5.9451517533715910       -1.5341177107896700        2.3420110647705279E-002
  -5.9462603949162096       -1.5330090692450513        2.3414745902687731E-002
  -5.9481377994704490       -1.5348864737992904        2.3399355521069191E-002
  -5.9500121557452061       -1.5367608300740472        2.3384002607332262E-002
  -5.9518834731181771       -1.5386321474470184        2.3368687014543643E-002
  -5.9529842282713501       -1.5375313922938449        2.3363381131198024E-002
  -5.9548501583888989       -1.5393973224113933        2.3348128912203777E-002
  -5.9567130765271008       -1.5412602405495952        2.3332913602514563E-002
  -5.9585729918974737       -1.5431201559199681        2.3317735058233920E-002
  -5.9604299136764629       -1.5449770776989575        2.3302593136178551E-002
  -5.9615205904146089       -1.5438864009608113        2.3297362920751408E-002
  -5.9626104404677855       -1.5427965509076349        2.3292136435665634E-002
  -5.9636994651923789       -1.5417075261830415        2.3286913676838186E-002
  -5.9647876659454901       -1.5406193254299301        2.3281694640170911E-002
  -5.9666323551189073       -1.5424640146033468        2.3266691457750135E-002
  -5.9684741011312274       -1.5443057606156674        2.3251724149249701E-002
  -5.9695569510098085       -1.5432229107370865        2.3246543911022627E-002
  -5.9713934795496284       -1.5450594392769066        2.3231637513098050E-002
  -5.9724732674611509       -1.5439796513653845        2.3226478320246064E-002
  -5.9743046082144655       -1.5458109921186991        2.3211632406009219E-002
  -5.9753813515482275       -1.5447342487849374        2.3206494111286655E-002
  -5.9764572884363876       -1.5436583118967770        2.3201359443242031E-002
  -5.9782812184397986       -1.5454822419001883        2.3186598351742003E-002
  -5.9793541340684433       -1.5444093262715437        2.3181484395718311E-002
  -5.9804262488450552       -1.5433372114949320        2.3176374039133280E-002
  -5.9822428277347770       -1.5451537903846537        2.3161696944181631E-002
