  -2.2000000000000002      -0.29999999999999999       0.10070493454179255     
  -2.2402710007323647      -0.34027100073236477        9.8671891042154292E-002
  -2.2694426038201043      -0.31109939764462508        9.7588085415664050E-002
  -2.3079221778821539      -0.34957897170667462        9.5705592111769017E-002
  -2.3457678257975751      -0.38742461962209584        9.3872698700749990E-002
  -2.3724126429630830      -0.36077980245658792        9.2949727699683835E-002
  -2.4086222497957857      -0.39698940928929083        9.1248687555203239E-002
  -2.4341319355664686      -0.37147972351860775        9.0391431795132107E-002
  -2.4596273731417821      -0.34598428594329433        8.9529747269848664E-002
  -2.4850874303512738      -0.32052422873380293        8.8665095683518449E-002
  -2.5104919680356321      -0.29511969104944452        8.7798890607676497E-002
  -2.5425705234276474      -0.32719824644145962        8.6417550064574786E-002
  -2.5741542782830855      -0.35878200129689752        8.5070220729404289E-002
  -2.5976315782441741      -0.33530470133580881        8.4316185615243969E-002
  -2.6279728074498312      -0.36564593054146599        8.3056905946828338E-002
  -2.6578367626286052      -0.39550988572024015        8.1829549476281113E-002
  -2.6796085207583626      -0.37373812759048275        8.1168949677239269E-002
  -2.7083440699546952      -0.40247367678681517        8.0018483234091484E-002
  -2.7366248328995026      -0.43075443973162275        7.8897549621874535E-002
  -2.7568828241954022      -0.41049644843572336        7.8315218852938115E-002
  -2.7841381276980828      -0.43775175193840382        7.7261531698460936E-002
  -2.8109634676641311      -0.46457709190445207        7.6234924834950424E-002
  -2.8298733721322211      -0.44566718743636197        7.5718554634906093E-002
  -2.8487197722363358      -0.42682078733224743        7.5202782468566154E-002
  -2.8674967476476998      -0.40804381192088340        7.4687968510580641E-002
  -2.8924043065070513      -0.43295137078023466        7.3781954582348291E-002
  -2.9169431019059013      -0.45749016617908478        7.2897697938955938E-002
  -2.9411162740244889      -0.48166333829767261        7.2034876071860932E-002
  -2.9649275183491741      -0.50547458262235789        7.1193126895697900E-002
  -2.9815488625812594      -0.48885323839027262        7.0778365425329989E-002
  -3.0046050519253114      -0.51190942773432480        6.9980461831685339E-002
  -3.0273219338318724      -0.53462630964088576        6.9201741528552047E-002
  -3.0497040351340217      -0.55700841094303499        6.8441804931386505E-002
  -3.0717561502846467      -0.57906052609366010        6.7700237437114452E-002
  -3.0934832933802721      -0.60078766918928550        6.6976613403409227E-002
  -3.1079278313771561      -0.58634313119240122        6.6653275256953928E-002
  -3.1290206536227911      -0.60743595343803625        6.5964154192739891E-002
  -3.1498096054868339      -0.62822490530207908        6.5291339072233959E-002
  -3.1702997908318329      -0.64871509064707822        6.4634422399272862E-002
  -3.1904963891043785      -0.66891168891962394        6.3992996375236186E-002
  -3.2035036472537124      -0.65590443077028993        6.3724115403411455E-002
  -3.2231481653998522      -0.67554894891642947        6.3111190548539503E-002
  -3.2425181070873959      -0.69491889060397327        6.2512362056722184E-002
  -3.2616184662377616      -0.71401924975433884        6.1927256063945391E-002
  -3.2804542342856298      -0.73285501780220719        6.1355503352854793E-002
  -3.2922461465367099      -0.72106310555112685        6.1129115806716275E-002
  -3.3105986104271063      -0.73941556944152331        6.0581099196972937E-002
  -3.3220925315580230      -0.72792164831060679        6.0363987427945291E-002
  -3.3335528437421047      -0.71646133612652507        6.0147150937583937E-002
  -3.3512345947282238      -0.73414308711264420        5.9631218903591132E-002
  -3.3686859839396224      -0.75159447632404264        5.9126327454750459E-002
  -3.3859112454904690      -0.76881973787488933        5.8632185854132927E-002
  -3.3966217496999680      -0.75810923366539051        5.8439311834680985E-002
  -3.4134379585440464      -0.77492544250946882        5.7964065060771508E-002
  -3.4300417599233346      -0.79152924388875689        5.7498675312279798E-002
  -3.4464370808093849      -0.80792456477480734        5.7042883282515972E-002
  -3.4564784009360774      -0.79788324464811478        5.6870332532781849E-002
  -3.4664914134838090      -0.78787023210038309        5.6698013527868671E-002
  -3.4823489945364261      -0.80372781315300013        5.6265966784536610E-002
  -3.4980149735647865      -0.81939379218136066        5.5842477487341072E-002
  -3.5076177981792642      -0.80979096756688285        5.5681941097578014E-002
  -3.5171934078451028      -0.80021535790104426        5.5521643900274011E-002
  -3.5323656409774986      -0.81538759103343983        5.5119304799072955E-002
  -3.5473612717401113      -0.83038322179605228        5.4724628090250485E-002
  -3.5565604127159625      -0.82118408082020100        5.4574829902433931E-002
  -3.5712410896869375      -0.83586475779117619        5.4193396073067959E-002
  -3.5857550051648106      -0.85037867326904915        5.3819045642001601E-002
  -3.6001050878114316      -0.86472875591567011        5.3451604016757047E-002
  -3.6142942180420823      -0.87891788614632071        5.3090900897662358E-002
  -3.6283252273968625      -0.89294889550110090        5.2736770246937702E-002
  -3.6422008980506191      -0.90682456615485740        5.2389050248511947E-002
  -3.6559239625206619      -0.92054763062490008        5.2047583258064495E-002
  -3.6640366860211020      -0.91243490712446007        5.1927274843938449E-002
  -3.6721282577528358      -0.90434333539272604        5.1807128995614168E-002
  -3.6854722180318467      -0.91768729567173679        5.1480434588509469E-002
  -3.6986743712825878      -0.93088944892247805        5.1159407043076116E-002
  -3.7117371460944195      -0.94395222373430998        5.0843911197810218E-002
  -3.7246629260181772      -0.95687800365806741        5.0533815408532134E-002
  -3.7322251966576809      -0.94931573301856376        5.0426849973540210E-002
  -3.7449145430667090      -0.96200507942759172        5.0125718540931286E-002
  -3.7523400855723565      -0.95457953692194408        5.0021813987592645E-002
  -3.7597468478263414      -0.94717277466795935        4.9918052964782314E-002
  -3.7671347166338514      -0.93978490586044938        4.9814442093507459E-002
  -3.7794022688799478      -0.95205245810654571        4.9528769927473217E-002
  -3.7866604113101996      -0.94479431567629402        4.9428035163670468E-002
  -3.7987136010731692      -0.95684750543926378        4.9150236228997009E-002
  -3.8058463111020551      -0.94971479541037807        4.9052250826395596E-002
  -3.8176922033579714      -0.96156068766629454        4.8781980496251015E-002
  -3.8294245407651886      -0.97329302507351190        4.8515918370488506E-002
  -3.8410451214381323      -0.98491360574645570        4.8253972386535865E-002
  -3.8525557104649768      -0.99642419477330013        4.7996052778127421E-002
  -3.8639580403628266       -1.0078265246711497        4.7742072023975277E-002
  -3.8752538114273198       -1.0191222957356427        4.7491944799072434E-002
  -3.8817842918494341       -1.0125918153135287        4.7407763693786992E-002
  -3.8928973498101929       -1.0237048732742875        4.7163979352938250E-002
  -3.9039087355172937       -1.0347162589813885        4.6923812895549859E-002
  -3.9148200161235929       -1.0456275395876877        4.6687187562019582E-002
  -3.9256327294983642       -1.0564402529624590        4.6454028509137379E-002
  -3.9318039111058574       -1.0502690713549661        4.6377570589074796E-002
  -3.9424487599932840       -1.0609139202423927        4.6150067731353724E-002
  -3.9485250922409016       -1.0548375879947751        4.6075448265902659E-002
  -3.9590070280218033       -1.0653195237756770        4.5853381636907317E-002
  -3.9693975220282818       -1.0757100177821557        4.5634451542136280E-002
  -3.9796979352012887       -1.0860104309551626        4.5418593929699186E-002
  -3.9899096032605295       -1.0962220990144034        4.5205746316163836E-002
  -4.0000338371428290       -1.1063463328967027        4.4995847747305022E-002
  -4.0100719234237090       -1.1163844191775829        4.4788838759862358E-002
  -4.0156901229048048       -1.1107662196964869        4.4723581694373411E-002
  -4.0212958786824089       -1.1051604639188828        4.4658407449705416E-002
  -4.0311286868694109       -1.1149932721058848        4.4457863829452847E-002
  -4.0366544651883496       -1.1094674937869462        4.4394136237601259E-002
  -4.0463475435372915       -1.1191605721358879        4.4198018237958138E-002
  -4.0517955215143253       -1.1137125941588539        4.4135685526612109E-002
  -4.0572315145795210       -1.1082766010936580        4.4073435076125773E-002
  -4.0667324118585801       -1.1177774983727176        4.3883247829107519E-002
  -4.0761572194726581       -1.1272023059867957        4.3695517420616434E-002
  -4.0855069929794281       -1.1365520794935660        4.3510197318292920E-002
  -4.0947827691835466       -1.1458278556976842        4.3327242068727401E-002
  -4.1039855664496709       -1.1550306529638081        4.3146607271206332E-002
  -4.1091056062566942       -1.1499106131567849        4.3090366446214147E-002
  -4.1142147528294251       -1.1448014665840538        4.3034197662989840E-002
  -4.1193130057925984       -1.1397032136208802        4.2978102168813370E-002
  -4.1244003652877463       -1.1346158541257321        4.2922081189010572E-002
  -4.1294768319041726       -1.1295393875093063        4.2866135927814498E-002
  -4.1383569971019210       -1.1384195527070544        4.2694906396726018E-002
  -4.1433675552927776       -1.1334089945161978        4.2640085365771775E-002
  -4.1521328522770391       -1.1421742915004591        4.2472278482178764E-002
  -4.1608330298498659       -1.1508744690732855        4.2306475344941717E-002
  -4.1694689328129950       -1.1595103720364142        4.2142640602271755E-002
  -4.1780413917354196       -1.1680828309588387        4.1980739673930789E-002
  -4.1828325711002288       -1.1632916515940297        4.1929888909059340E-002
  -4.1876138023609411       -1.1585104203333174        4.1879105844108054E-002
  -4.1923850914783403       -1.1537391312159182        4.1828391369716167E-002
  -4.2007621075179404       -1.1621161472555186        4.1672021133015380E-002
  -4.2090793973807417       -1.1704334371183203        4.1517439488745957E-002
  -4.2173377084727566       -1.1786917482103347        4.1364616062022401E-002
  -4.2219553819107452       -1.1740740747723466        4.1316582347120025E-002
  -4.2265636252304279       -1.1694658314526636        4.1268612995685204E-002
  -4.2311624467170663       -1.1648670099660250        4.1220708747449653E-002
  -4.2392388314793452       -1.1729433947283037        4.1072919827649011E-002
  -4.2472595819103427       -1.1809641451593007        4.0926761519353858E-002
  -4.2517592984785928       -1.1764644285910504        4.0880524498787589E-002
  -4.2562499184504530       -1.1719738086191900        4.0834350352181463E-002
  -4.2607314515058272       -1.1674922755638155        4.0788239723180235E-002
  -4.2685800174734592       -1.1753408415314475        4.0646769015873281E-002
  -4.2763760245470346       -1.1831368486050231        4.0506813627349522E-002
  -4.2807636426167672       -1.1787492305352902        4.0462261736475200E-002
  -4.2884703553792294       -1.1864559432977522        4.0324766484326542E-002
  -4.2928080932559345       -1.1821182054210468        4.0280992506654678E-002
  -4.2971372026452812       -1.1777890960317001        4.0237278761129779E-002
  -4.3014576946752525       -1.1734686040017288        4.0193625776527818E-002
  -4.3057695805986764       -1.1691567180783051        4.0150034072428786E-002
  -4.3100728718212160       -1.1648534268557658        4.0106504158998323E-002
  -4.3143675798556727       -1.1605587188213091        4.0063036537514467E-002
  -4.3218081961076198       -1.1679993350732565        3.9932516394248191E-002
  -4.3292016590401925       -1.1753927980058292        3.9803315523729378E-002
  -4.3365484964326377       -1.1827396353982746        3.9675413998567659E-002
  -4.3407202504753464       -1.1785678813555660        3.9633980909463198E-002
  -4.3448838307801783       -1.1744043010507343        3.9592606388552262E-002
  -4.3521177377698423       -1.1816382080403980        3.9467663847183414E-002
  -4.3562366911203787       -1.1775192546898618        3.9426968900455259E-002
  -4.3633933074349338       -1.1846758710044172        3.9304069451535681E-002
  -4.3674685570443508       -1.1806006213950007        3.9264035817269831E-002
  -4.3745494770479088       -1.1876815413985584        3.9143124789946124E-002
  -4.3785819182651329       -1.1836491001813343        3.9103734877249198E-002
  -4.3826065910109051       -1.1796244274355623        3.9064400847231937E-002
  -4.3895822842651562       -1.1866001206898134        3.8946190129079607E-002
  -4.3935652667936180       -1.1826171381613515        3.8907479456818023E-002
  -4.3975406182231742       -1.1786417867317955        3.8868824013226340E-002
  -4.4015083515729287       -1.1746740533820408        3.8830224120581028E-002
  -4.4054684799186603       -1.1707139250363094        3.8791680095175404E-002
  -4.4094210164020717       -1.1667613885528978        3.8753192247276844E-002
  -4.4133659741997846       -1.1628164307551851        3.8714760881475810E-002
  -4.4173033665445542       -1.1588790384104157        3.8676386296526470E-002
  -4.4240285512962094       -1.1656042231620707        3.8564383996182020E-002
  -4.4279265045409950       -1.1617062699172849        3.8526597159722287E-002
  -4.4345845299198423       -1.1683642952961319        3.8416303147077328E-002
  -4.4384438080231341       -1.1645050171928404        3.8379089295715138E-002
  -4.4422957688287061       -1.1606530563872686        3.8341930492229261E-002
  -4.4461404257421817       -1.1568083994737930        3.8304826993077183E-002
  -4.4526768798735779       -1.1633448536051891        3.8197530871960421E-002
  -4.4564840375362786       -1.1595376959424886        3.8160980167139417E-002
  -4.4629569269421276       -1.1660105853483380        3.8055276116579974E-002
  -4.4667272932584847       -1.1622402190319807        3.8019264685154583E-002
  -4.4731378146281138       -1.1686507404016100        3.7915113916139873E-002
  -4.4768720779350977       -1.1649164770946263        3.7879628690608076E-002
  -4.4832213949983934       -1.1712657941579219        3.7776993709447676E-002
  -4.4895363908277144       -1.1775807899872432        3.7675236678737262E-002
  -4.4958173954683751       -1.1838617946279035        3.7574346289348123E-002
  -4.4994603670994300       -1.1802188229968491        3.7540271234103549E-002
  -4.5030966621767652       -1.1765825279195141        3.7506245736132475E-002
  -4.5092938835618313       -1.1827797493045804        3.7407371030359952E-002
  -4.5154583426418817       -1.1889442083846304        3.7309322720012555E-002
  -4.5215903482504682       -1.1950762139932165        3.7212090380502660E-002
  -4.5251398399814322       -1.1915267222622521        3.7179383814302649E-002
  -4.5286829340222639       -1.1879836282214200        3.7146724134696933E-002
  -4.5347350168748264       -1.1940357110739825        3.7051386967040564E-002
  -4.5382459982483718       -1.1905247297004375        3.7019177515120044E-002
  -4.5417506883015912       -1.1870200396472181        3.6987014306788461E-002
  -4.5452491001226321       -1.1835216278261773        3.6954897488087515E-002
  -4.5487412467733579       -1.1800294811754513        3.6922827202239716E-002
  -4.5522271413102020       -1.1765435866386071        3.6890803589484752E-002
  -4.5581323596589014       -1.1824488049873063        3.6798858761675962E-002
  -4.5640078468695426       -1.1883242921979476        3.6707644052490489E-002
  -4.5698538703424356       -1.1941703156708408        3.6617150693749399E-002
  -4.5756706942451792       -1.1999871395735848        3.6527370051084293E-002
  -4.5814585795560658       -1.2057750248844714        3.6438293621621889E-002
  -4.5872177841025854       -1.2115342294309914        3.6349913031776246E-002
  -4.5929485626039863       -1.2172650079323921        3.6262220035009993E-002
  -4.5962617260060332       -1.2139518445303448        3.6232801778670581E-002
  -4.6019433355593602       -1.2196334540836715        3.6146248584341234E-002
  -4.6075972432524956       -1.2252873617768072        3.6060360243468183E-002
  -4.6108598471669175       -1.2220247578623853        3.6031656353739526E-002
  -4.6164658706643271       -1.2276307813597953        3.5946869056135429E-002
  -4.6197009943860623       -1.2243956576380601        3.5918531306241376E-002
  -4.6252599227452329       -1.2299545859972305        3.5834821721530977E-002
  -4.6307922905441350       -1.2354869537961330        3.5751741727287116E-002
  -4.6362983261409818       -1.2409929893929801        3.5669284111420660E-002
  -4.6394640757069059       -1.2378272398270560        3.5641928544520037E-002
  -4.6426245279778318       -1.2346667875561301        3.5614609853992091E-002
  -4.6480658615422206       -1.2401081211205185        3.5533591809354829E-002
  -4.6534817076972255       -1.2455239672755229        3.5453170634725646E-002
  -4.6565959356208575       -1.2424097393518905        3.5426486419499664E-002
  -4.6619677673860265       -1.2477815711170597        3.5347052169755824E-002
  -4.6650568194986928       -1.2446925190043938        3.5320693856264490E-002
  -4.6681407845317242       -1.2416085539713624        3.5294370704993666E-002
  -4.6734509535495752       -1.2469187229892131        3.5216289501868850E-002
  -4.6787368291872777       -1.2522045986269161        3.5138769551649983E-002
  -4.6817767628764742       -1.2491646649377199        3.5113042556521271E-002
  -4.6848117428493961       -1.2461296849647983        3.5087349640471804E-002
  -4.6900378658611537       -1.2513558079765559        3.5011129024418775E-002
  -4.6930489472387027       -1.2483447265990071        3.4985741413579852E-002
  -4.6960551507823887       -1.2453385230553216        3.4960387414015873E-002
  -4.6990564876654721       -1.2423371861722381        3.4935067080104104E-002
  -4.7042068264560752       -1.2474875249628412        3.4860469413415827E-002
  -4.7071848548231365       -1.2445094965957795        3.4835445712842590E-002
  -4.7101580904092764       -1.2415362610096394        3.4810455214506708E-002
  -4.7131265442211117       -1.2385678071978039        3.4785497967173236E-002
  -4.7160902272246972       -1.2356041241942179        3.4760574018501987E-002
  -4.7211500394413450       -1.2406639364108663        3.4687890005908675E-002
  -4.7261878389787526       -1.2457017359482740        3.4615701650171811E-002
  -4.7312037988968063       -1.2507176958663277        3.4544003779728702E-002
  -4.7341096481583023       -1.2478118466048316        3.4519863229726673E-002
  -4.7390877180309277       -1.2527899164774565        3.4448980831898547E-002
  -4.7419717241105470       -1.2499059103978374        3.4425113628898302E-002
  -4.7469124627747519       -1.2548466490620427        3.4355031303281894E-002
  -4.7497749462860916       -1.2519841655507031        3.4331432307067089E-002
  -4.7526329426599343       -1.2491261691768609        3.4307864139728271E-002
  -4.7554864622757593       -1.2462726495610359        3.4284326836310247E-002
  -4.7583355154872535       -1.2434235963495415        3.4260820430866055E-002
  -4.7611801126144151       -1.2405789992223799        3.4237344956532391E-002
  -4.7640202639398836       -1.2377388478969116        3.4213900445570176E-002
  -4.7688466748205318       -1.2425652587775600        3.4146163368373936E-002
  -4.7716660946638880       -1.2397458389342042        3.4122976471219764E-002
  -4.7744811334761161       -1.2369308001219761        3.4099820112231657E-002
  -4.7772918013721766       -1.2341201322259154        3.4076694319794036E-002
  -4.7820530348885359       -1.2388813657422750        3.4010298962218841E-002
  -4.7867948051218123       -1.2436231359755516        3.3944327827721194E-002
  -4.7915172561175821       -1.2483455869713214        3.3878776760425285E-002
  -4.7962205304668686       -1.2530488613206079        3.3813641656916624E-002
  -4.7989641778847885       -1.2503052139026880        3.3791409330693967E-002
  -4.8036340437355989       -1.2549750797534989        3.3726969249109132E-002
  -4.8063582917657337       -1.2522508317233638        3.3704973159469999E-002
  -4.8090784073629758       -1.2495307161261218        3.3683005439196258E-002
  -4.8137012245935358       -1.2541535333566818        3.3619524505905829E-002
  -4.8183056548187659       -1.2587579635819119        3.3556437790732113E-002
  -4.8228918307506046       -1.2633441395137508        3.3493741531286515E-002
  -4.8255634660202498       -1.2606725042441060        3.3472402319838092E-002
  -4.8301178487000023       -1.2652268869238581        3.3410358121181621E-002
  -4.8327710460691113       -1.2625736895547490        3.3389239936914991E-002
  -4.8372940668763134       -1.2670967103619513        3.3327836503440490E-002
  -4.8399290754030408       -1.2644617018352238        3.3306935532618827E-002
  -4.8425601801525477       -1.2618305970857167        3.3286060964248493E-002
  -4.8451873901845017       -1.2592033870537627        3.3265212812826420E-002
  -4.8496530534397007       -1.2636690503089620        3.3204947281891946E-002
  -4.8522624711258135       -1.2610596326228496        3.3184310904925185E-002
  -4.8548680479961517       -1.2584540557525112        3.3163700591484373E-002
  -4.8592905936182138       -1.2628766013745734        3.3104293133740748E-002
  -4.8618786881822347       -1.2602885068105529        3.3083890176276567E-002
  -4.8644629947317526       -1.2577042002610355        3.3063512934555062E-002
  -4.8688432210021011       -1.2620844265313844        3.3004943594552701E-002
  -4.8732069354347827       -1.2664481409640662        3.2946718169788225E-002
  -4.8757607791550903       -1.2638942972437588        3.2926719116607252E-002
  -4.8783109203682660       -1.2613441560305831        3.2906745080878562E-002
  -4.8826334118243624       -1.2656666474866796        3.2849330102604019E-002
  -4.8869398185836479       -1.2699730542459653        3.2792247747156666E-002
  -4.8912302496024846       -1.2742634852648023        3.2735495043152624E-002
  -4.8937379081512695       -1.2717558267160174        3.2716053813266761E-002
  -4.8962419790285630       -1.2692517558387235        3.2696636593230639E-002
  -4.8987424705266545       -1.2667512643406320        3.2677243389456379E-002
  -4.9012393909041307       -1.2642543439631559        3.2657874207967973E-002
  -4.9054661831059896       -1.2684811361650150        3.2602342235573803E-002
  -4.9096775952829166       -1.2726925483419422        3.2547124545582215E-002
  -4.9121461108708662       -1.2702240327539929        3.2528101791297045E-002
  -4.9146111336505998       -1.2677590099742593        3.2509102424262110E-002
  -4.9170726716689952       -1.2652974719558636        3.2490126448505754E-002
  -4.9212341120081353       -1.2694589122950037        3.2435864201008906E-002
  -4.9236800762735653       -1.2670129480295738        3.2417067824521792E-002
  -4.9278152421325290       -1.2711481138885377        3.2363317763422911E-002
  -4.9319356882425769       -1.2752685599985860        3.2309865012166893E-002
  -4.9343544299888178       -1.2728498182523456        3.2291397258266713E-002
  -4.9384491101007955       -1.2769444983643234        3.2238443923613837E-002
  -4.9408527879451842       -1.2745408205199344        3.2220148079395293E-002
  -4.9432531295394808       -1.2721404789256379        3.2201874425818351E-002
  -4.9456501425305754       -1.2697434659345435        3.2183622964011054E-002
  -4.9496975080686152       -1.2737908314725832        3.2131561001851577E-002
  -4.9537307730990863       -1.2778240965030541        3.2079780624152406E-002
  -4.9561016746812729       -1.2754531949208676        3.2061841225919548E-002
  -4.9601102345862493       -1.2794617548258438        3.2010534363338373E-002
  -4.9624666709264567       -1.2771053184856360        3.1992758421665560E-002
  -4.9648198835433917       -1.2747521058687008        3.1975003827310812E-002
  -4.9687935153638376       -1.2787257376891470        3.1924353573363484E-002
  -4.9711324913965678       -1.2763867616564164        3.1906759349525665E-002
  -4.9734682847971765       -1.2740509682558081        3.1889186200862674E-002
  -4.9774075743470014       -1.2779902578056332        3.1839178769349871E-002
  -4.9797293544496295       -1.2756684777030047        3.1821762987315427E-002
  -4.9820479922390506       -1.2733498399135832        3.1804368012709458E-002
  -4.9843634948488136       -1.2710343373038202        3.1786993843344311E-002
  -4.9882588733781743       -1.2749297158331812        3.1737797683588621E-002
  -4.9921412000975653       -1.2788120425525726        3.1688856998143042E-002
  -4.9960105549322540       -1.2826813973872617        3.1640169732464814E-002
  -4.9982913346850877       -1.2804006176344278        3.1623211201313652E-002
  -5.0021379208160042       -1.2842472037653443        3.1574950984130788E-002
  -5.0059717641360617       -1.2880810470854018        3.1526938452770874E-002
  -5.0097929418672482       -1.2919022248165888        3.1479171636591079E-002
  -5.0120399430790838       -1.2896552236047529        3.1462613540016997E-002
  -5.0158389098478526       -1.2934541903735219        3.1415260259194853E-002
  -5.0180728991005266       -1.2912202011208485        3.1398845019422993E-002
  -5.0203039507414235       -1.2889891494799517        3.1382448855241780E-002
  -5.0240714876528205       -1.2927566863913491        3.1335669602347134E-002
  -5.0278267893055988       -1.2965119880441274        3.1289125527690809E-002
  -5.0300352147440961       -1.2943035626056305        3.1272989582130636E-002
  -5.0322407611328437       -1.2920980162168825        3.1256872251663320E-002
  -5.0359653396751574       -1.2958225947591961        3.1210885835622315E-002
  -5.0396779579328470       -1.2995352130168858        3.1165127919926837E-002
  -5.0433786862977614       -1.3032359413818004        3.1119596741039205E-002
  -5.0455526080473758       -1.3010620196321863        3.1103847395549878E-002
  -5.0477237291953418       -1.2988908984842202        3.1088116007227731E-002
  -5.0513946143130406       -1.3025617836019185        3.1043122086633474E-002
  -5.0535535761685120       -1.3004028217464467        3.1027521764701090E-002
  -5.0557097711027374       -1.2982466268122212        3.1011939180924097E-002
  -5.0593512777421958       -1.3018881334516794        3.0967472077870269E-002
  -5.0629813471944143       -1.3055182029038976        3.0923220892408960E-002
  -5.0666000453745514       -1.3091369010840346        3.0879183994120082E-002
  -5.0702074376614341       -1.3127442933709175        3.0835359768789927E-002
  -5.0723243901879602       -1.3106273408443918        3.0820232330692060E-002
  -5.0759119583205381       -1.3142149089769692        3.0776765834773290E-002
  -5.0780173185578610       -1.3121095487396466        3.0761761477088711E-002
  -5.0801200315615471       -1.3100068357359604        3.0746773850908918E-002
  -5.0836795332320408       -1.3135663374064541        3.0703804156364610E-002
  -5.0857708194658118       -1.3114750511726827        3.0688937519228458E-002
  -5.0878594895822449       -1.3093863810562498        3.0674087413285100E-002
  -5.0899455493663375       -1.3073003212721568        3.0659253831936316E-002
  -5.0934691088047046       -1.3108238807105241        3.0616912281977972E-002
  -5.0969819541973633       -1.3143367261031833        3.0574769523695741E-002
  -5.1004841454077434       -1.3178389173135632        3.0532824103371055E-002
  -5.1039757418335459       -1.3213305137393661        3.0491074581214004E-002
  -5.1060250787358790       -1.3192811768370332        3.0476659593149380E-002
  -5.1080718913351371       -1.3172343642377753        3.0462260399110708E-002
  -5.1101161851855608       -1.3151900703873514        3.0447876992043436E-002
  -5.1135731868580336       -1.3186470720598240        3.0406725679605551E-002
  -5.1156066838010110       -1.3166135751168462        3.0392454990813875E-002
  -5.1176376909543038       -1.3145825679635532        3.0378199903178360E-002
  -5.1196662137644129       -1.3125540451534443        3.0363960409355573E-002
  -5.1230892704116746       -1.3159771018007056        3.0323393467864054E-002
  -5.1265022155365303       -1.3193900469255613        3.0283011340463458E-002
  -5.1285120503116390       -1.3173802121504521        3.0268976353024970E-002
  -5.1305194463951853       -1.3153728160669060        3.0254956611712975E-002
  -5.1339069370683665       -1.3187603067400870        3.0215013798346062E-002
  -5.1372845238444222       -1.3221378935161432        3.0175251018632769E-002
  -5.1406522600188049       -1.3255056296905254        3.0135667006406776E-002
  -5.1440101984923237       -1.3288635681640439        3.0096260507125022E-002
  -5.1459836416228004       -1.3268901250335674        3.0082620373230642E-002
  -5.1479547236106278       -1.3249190430457405        3.0068994835882042E-002
  -5.1499234495661508       -1.3229503170902175        3.0055383887328906E-002
  -5.1518898245922351       -1.3209839420641329        3.0041787519660350E-002
  -5.1538538537664484       -1.3190199128899196        3.0028205724929619E-002
  -5.1571650170388077       -1.3223310761622793        2.9989584178409273E-002
  -5.1604667187580819       -1.3256327778815535        2.9951132615101007E-002
  -5.1637590087346670       -1.3289250678581384        2.9912849866489687E-002
  -5.1656980346178543       -1.3269860419749511        2.9899542196164915E-002
  -5.1676347722004197       -1.3250493043923859        2.9886248635931704E-002
  -5.1709033527165724       -1.3283178849085386        2.9848367410349345E-002
  -5.1728304070180844       -1.3263908306070267        2.9835172259496508E-002
  -5.1760826727892688       -1.3296430963782111        2.9797570858548745E-002
  -5.1793258049241100       -1.3328862285130525        2.9760132004238982E-002
  -5.1812359948373468       -1.3309760385998157        2.9747116505699681E-002
  -5.1831439566593742       -1.3290680767777883        2.9734114667048932E-002
  -5.1850496951438050       -1.3271623382933577        2.9721126480056460E-002
  -5.1869532150314983       -1.3252588184056646        2.9708151936397097E-002
  -5.1901595039362975       -1.3284651073104641        2.9671323141993857E-002
  -5.1920536839611486       -1.3265709272856132        2.9658442800435711E-002
  -5.1939456694392954       -1.3246789418074667        2.9645575948957899E-002
  -5.1971294427225683       -1.3278627150907394        2.9609123592421297E-002
  -5.2003044713433759       -1.3310377437115470        2.9572825209522959E-002
  -5.2021802524977989       -1.3291619625571240        2.9560129690083970E-002
  -5.2053398768027321       -1.3323215868620568        2.9524091679666027E-002
  -5.2072065856653431       -1.3304548779994456        2.9511486964375704E-002
  -5.2090711564594354       -1.3285903072053538        2.9498895317550913E-002
  -5.2109335936888233       -1.3267278699759659        2.9486316730687318E-002
  -5.2127939018403424       -1.3248675618244468        2.9473751195232795E-002
  -5.2159184916438361       -1.3279921516279407        2.9438286119979132E-002
  -5.2177698994683777       -1.3261407438033992        2.9425809474963302E-002
  -5.2196192008295954       -1.3242914424421810        2.9413345737064677E-002
  -5.2214664001398434       -1.3224442431319328        2.9400894897586294E-002
  -5.2233115017935052       -1.3205991414782710        2.9388456947796696E-002
  -5.2264017838875372       -1.3236894235723031        2.9353550316074662E-002
  -5.2282381523042174       -1.3218530551556227        2.9341199400381962E-002
  -5.2300724451436764       -1.3200187623161641        2.9328861232791624E-002
  -5.2319046667252378       -1.3181865407346025        2.9316535804460850E-002
  -5.2337348213449308       -1.3163563861149092        2.9304223106554370E-002
  -5.2355629133024877       -1.3145282941573522        2.9291923130063926E-002
  -5.2386133037034064       -1.3175786845582711        2.9257660361457882E-002
  -5.2416556906686438       -1.3206210715235089        2.9223535574536635E-002
  -5.2434687923147347       -1.3188079698774182        2.9211392221783396E-002
  -5.2452798656067845       -1.3169968965853689        2.9199261332581741E-002
  -5.2470889147305169       -1.3151878474616363        2.9187142897963099E-002
  -5.2488959438554588       -1.3133808183366944        2.9175036908927556E-002
  -5.2507009571376431       -1.3115758050545105        2.9162943356426739E-002
  -5.2525039587180045       -1.3097728034741491        2.9150862231375457E-002
  -5.2555015308713724       -1.3127703756275173        2.9117453705129789E-002
  -5.2572962477823664       -1.3109756587165233        2.9105454608787065E-002
  -5.2590889736500559       -1.3091829328488342        2.9093467805813757E-002
  -5.2608797125416134       -1.3073921939572766        2.9081493287079405E-002
  -5.2638515280769393       -1.3103640094926028        2.9048498918798540E-002
  -5.2668157619660985       -1.3133282433817617        2.9015633593917813E-002
  -5.2697724499111613       -1.3162849313268248        2.8982896522267772E-002
  -5.2727216273850788       -1.3192341088007420        2.8950286919978859E-002
  -5.2756633296243161       -1.3221758110399791        2.8917804009522492E-002
  -5.2774215671309035       -1.3204175735333912        2.8906177830952427E-002
  -5.2791778854978588       -1.3186612551664354        2.8894563364802381E-002
  -5.2809322886137222       -1.3169068520505720        2.8882960602130171E-002
  -5.2838491868067274       -1.3198237502435770        2.8850872383618949E-002
  -5.2867587743852162       -1.3227333378220660        2.8818907380224010E-002
  -5.2884994276318995       -1.3209926845753828        2.8807445612135069E-002
  -5.2902381962738589       -1.3192539159334236        2.8795995319075039E-002
  -5.2919750841011481       -1.3175170281061348        2.8784556492169423E-002
  -5.2948603932586913       -1.3204023372636779        2.8752975750549959E-002
  -5.2977385511228352       -1.3232804951278223        2.8721514878580278E-002
  -5.2994619754707077       -1.3215570707799502        2.8710213480252034E-002
  -5.3011835488110535       -1.3198354974396040        2.8698923326354847E-002
  -5.3040434692966292       -1.3226954179251800        2.8667751978258722E-002
  -5.3068963632665103       -1.3255483118950611        2.8636697875179966E-002
  -5.3086047101127543       -1.3238399650488168        2.8625542115254768E-002
  -5.3114451368292555       -1.3266803917653183        2.8594688059778290E-002
  -5.3131460390649741       -1.3249794895295994        2.8583603977958550E-002
  -5.3148451336964886       -1.3232803948980851        2.8572530819093951E-002
  -5.3165424243232531       -1.3215831042713204        2.8561468574387662E-002
  -5.3182379145326832       -1.3198876140618903        2.8550417235018510E-002
  -5.3210498115299751       -1.3226995110591826        2.8520006922888318E-002
  -5.3227379855851371       -1.3210113370040208        2.8509025884982806E-002
  -5.3255377671195925       -1.3238111185384760        2.8478808661663718E-002
  -5.3283308180168243       -1.3266041694357074        2.8448702552299913E-002
  -5.3300062982248804       -1.3249286892276511        2.8437849354272488E-002
  -5.3316800195970853       -1.3232549678554462        2.8427006754448897E-002
  -5.3344558791776171       -1.3260308274359782        2.8397169517394027E-002
  -5.3361224695790961       -1.3243642370344992        2.8386394984162233E-002
  -5.3377873181201148       -1.3226993884934808        2.8375630940816608E-002
  -5.3405461923756752       -1.3254582627490412        2.8346058584556053E-002
  -5.3432985327268181       -1.3282106031001841        2.8316593296187333E-002
  -5.3449510477915734       -1.3265580880354293        2.8305952650769788E-002
  -5.3466018475210424       -1.3249072883059603        2.8295322300217998E-002
  -5.3482509352753844       -1.3232582005516182        2.8284702235890084E-002
  -5.3498983144018624       -1.3216108214251401        2.8274092449137877E-002
  -5.3526238219657083       -1.3243363289889858        2.8245038197188283E-002
  -5.3542643072943461       -1.3226958436603480        2.8234493798867139E-002
  -5.3559031002376400       -1.3210570507170538        2.8223959574403594E-002
  -5.3575402040915785       -1.3194199468631158        2.8213435515138847E-002
  -5.3591756221388867       -1.3177845288158072        2.8202921612413424E-002
  -5.3608093576482982       -1.3161507933063952        2.8192417857572385E-002
  -5.3624414138844818       -1.3145187370702121        2.8181924241902089E-002
  -5.3640717940966249       -1.3128883568580691        2.8171440756704108E-002
  -5.3667561491171956       -1.3155727118786393        2.8143009052819887E-002
  -5.3683798069945086       -1.3139490540013259        2.8132589221521974E-002
  -5.3710531098421272       -1.3166223568489444        2.8104329840338563E-002
  -5.3726701003036634       -1.3150053663874082        2.8093973008928914E-002
  -5.3742854428261690       -1.3133900238649023        2.8083626115359205E-002
  -5.3769429569243403       -1.3160475379630736        2.8055608821436553E-002
  -5.3795944246277037       -1.3186990056664367        2.8027688813066179E-002
  -5.3822398714190607       -1.3213444524577940        2.7999865559346811E-002
  -5.3848793226216838       -1.3239839036604168        2.7972138533294003E-002
  -5.3864733766006507       -1.3223898496814503        2.7962008303459400E-002
  -5.3891021404176733       -1.3250186134984727        2.7934446408722211E-002
  -5.3906897566438348       -1.3234309972723115        2.7924376365749924E-002
  -5.3933079188698274       -1.3260491594983042        2.7896977937004196E-002
  -5.3959202063451190       -1.3286614469735956        2.7869673292323548E-002
  -5.3985266435085126       -1.3312678841369892        2.7842461926702557E-002
  -5.4000983643719289       -1.3296961632735729        2.7832550511940685E-002
  -5.4016685196525600       -1.3281260079929418        2.7822648375779802E-002
  -5.4032371123176226       -1.3265574153278794        2.7812755510050056E-002
  -5.4058239749153554       -1.3291442779256117        2.7785837708872427E-002
  -5.4084051020130470       -1.3317254050233038        2.7759010911471007E-002
  -5.4109805172011836       -1.3343008202114401        2.7732274633558901E-002
  -5.4125335959001273       -1.3327477415124964        2.7722535643726245E-002
  -5.4140851426431018       -1.3311961947695223        2.7712805689304103E-002
  -5.4156351603221671       -1.3296461770904566        2.7703084762220387E-002
  -5.4181914596242935       -1.3322024763925828        2.7676633420038191E-002
  -5.4207421578273314       -1.3347531745956207        2.7650270415437675E-002
  -5.4232872777043069       -1.3372982944725964        2.7623995283852572E-002
  -5.4258268419026852       -1.3398378586709749        2.7597807563899946E-002
  -5.4273572196743531       -1.3383074808993067        2.7588282065528116E-002
  -5.4288861059038007       -1.3367785946698587        2.7578765299638874E-002
  -5.4314114205957305       -1.3393039093617882        2.7552790126739255E-002
  -5.4329343729015767       -1.3377809570559422        2.7543327604217800E-002
  -5.4354498996271969       -1.3402964837815625        2.7517500233508664E-002
  -5.4369669637169542       -1.3387794196918055        2.7508091430097571E-002
  -5.4394727777723384       -1.3412852337471899        2.7482410435436463E-002
  -5.4409839988218582       -1.3397740126976698        2.7473054834015426E-002
  -5.4424937623571052       -1.3382642491624228        2.7463707733753836E-002
  -5.4449856981635358       -1.3407561849688536        2.7438232395148816E-002
  -5.4464896785150154       -1.3392522046173740        2.7428937852290298E-002
  -5.4489720817123546       -1.3417346078147132        2.7403605518701409E-002
  -5.4514492007537720       -1.3442117268561311        2.7378355290853872E-002
  -5.4529431685685008       -1.3427177590414019        2.7369156139703095E-002
  -5.4554108676416320       -1.3451854581145328        2.7344046772572815E-002
  -5.4568991680433392       -1.3436971577128254        2.7334898823848382E-002
  -5.4583860510517397       -1.3422102747044249        2.7325759090940930E-002
  -5.4608402877795079       -1.3446645114321933        2.7300847669302315E-002
  -5.4623215605986495       -1.3431832386130518        2.7291758527614493E-002
  -5.4647665494508191       -1.3456282274652211        2.7266984771458294E-002
  -5.4662422541176481       -1.3441525227983919        2.7257945745756212E-002
  -5.4677165633877216       -1.3426782135283188        2.7248914790942810E-002
  -5.4691894798145491       -1.3412052971014916        2.7239891899606482E-002
  -5.4716172201965625       -1.3436330374835050        2.7215368599463913E-002
  -5.4730846383131668       -1.3421656193669009        2.7206395107585681E-002
  -5.4755033279738408       -1.3445843090275746        2.7182005851422681E-002
  -5.4779170037650378       -1.3469979848187721        2.7157693501246451E-002
  -5.4793749072261129       -1.3455400813576968        2.7148809627765245E-002
  -5.4817796365542879       -1.3479448106858720        2.7124629363578474E-002
  -5.4841794082651978       -1.3503445823967815        2.7100524915350862E-002
  -5.4856279136030004       -1.3488960770589793        2.7091729227756739E-002
  -5.4870750702588058       -1.3474489204031741        2.7082941281986173E-002
  -5.4885208806760577       -1.3460031099859222        2.7074161070856969E-002
  -5.4909040307924855       -1.3483862601023497        2.7050295704693673E-002
  -5.4932823131477262       -1.3507645424575905        2.7026504450497153E-002
  -5.4956557462395219       -1.3531379755493866        2.7002786944805249E-002
  -5.4980243484709321       -1.3555065777807971        2.6979142826475077E-002
  -5.5003881381453077       -1.3578703674551729        2.6955571736721251E-002
  -5.5027471334690361       -1.3602293627789011        2.6932073319076665E-002
  -5.5051013525496248       -1.3625835818594898        2.6908647219399649E-002
  -5.5065185234617831       -1.3611664109473314        2.6900145404478753E-002
  -5.5079343981162507       -1.3597505362928637        2.6891650927708250E-002
  -5.5093489788399701       -1.3583359555691439        2.6883163782230154E-002
  -5.5116872091129085       -1.3606741858420823        2.6859965207702275E-002
  -5.5130967029121809       -1.3592646920428098        2.6851522746606696E-002
  -5.5145049136086435       -1.3578564813463467        2.6843087551000573E-002
  -5.5168310498657123       -1.3601826176034160        2.6820061982870885E-002
  -5.5191525444982821       -1.3625041122359860        2.6797106215065713E-002
  -5.5214694147662549       -1.3648209825039583        2.6774219912909368E-002
  -5.5228651248051488       -1.3634252724650646        2.6765902026149063E-002
  -5.5251737495723434       -1.3657338972322592        2.6743134887590756E-002
  -5.5274777998736937       -1.3680379475336097        2.6720436268983249E-002
  -5.5297772926057513       -1.3703374402656676        2.6697805844016511E-002
  -5.5311607065133357       -1.3689540263580837        2.6689602723690031E-002
  -5.5325428801564813       -1.3675718527149376        2.6681406547803373E-002
  -5.5348306785194650       -1.3698596510779215        2.6658941898061166E-002
  -5.5371139833950069       -1.3721429559534633        2.6636544246402095E-002
  -5.5384876842166282       -1.3707692551318424        2.6628425280468080E-002
  -5.5407629801934410       -1.3730445511086553        2.6606142487281732E-002
  -5.5430338305046236       -1.3753154014198381        2.6583925793024904E-002
  -5.5443991567705559       -1.3739500751539060        2.6575882870637214E-002
  -5.5457632722913512       -1.3725859596331109        2.6567846683213502E-002
  -5.5480227175944039       -1.3748454049361634        2.6545790612687806E-002
  -5.5493820921894956       -1.3734860303410716        2.6537795254390959E-002
  -5.5507402658822551       -1.3721278566483124        2.6529806572268909E-002
  -5.5520972407704079       -1.3707708817601598        2.6521824560041093E-002
  -5.5543419527854727       -1.3730155937752251        2.6499973811284262E-002
  -5.5556942419835060       -1.3716633045771918        2.6492032087261752E-002
  -5.5579312123903710       -1.3739002749840563        2.6470291460866994E-002
  -5.5592788480954658       -1.3725526392789611        2.6462389679029127E-002
  -5.5615081300221441       -1.3747819212056394        2.6440758230637629E-002
  -5.5637331466021651       -1.3770069377856604        2.6419189569906604E-002
  -5.5650727359006336       -1.3756673484871915        2.6411360225079707E-002
  -5.5672901458240505       -1.3778847584106089        2.6389899272740668E-002
  -5.5686251655163534       -1.3765497387183061        2.6382108946073374E-002
  -5.5699590237852519       -1.3752158804494081        2.6374325036229634E-002
  -5.5721655537944939       -1.3774224104586503        2.6353015566125716E-002
  -5.5734948841482082       -1.3760930801049363        2.6345270254884635E-002
  -5.5748230623345698       -1.3747649019185744        2.6337531305467642E-002
  -5.5770188171213428       -1.3769606567053476        2.6316371524895677E-002
  -5.5783425085105831       -1.3756369653161074        2.6308670760976108E-002
  -5.5796650568714519       -1.3743144169552384        2.6300976304584438E-002
  -5.5809864641649298       -1.3729930096617606        2.6293288149738598E-002
  -5.5831682921421191       -1.3751748376389499        2.6272319837770002E-002
  -5.5844852635465863       -1.3738578662344827        2.6264669375870499E-002
  -5.5866597759832120       -1.3760323786711086        2.6243803714776130E-002
  -5.5888302333320237       -1.3782028360199201        2.6222997028815479E-002
  -5.5909966497135839       -1.3803692524014801        2.6202249053692100E-002
  -5.5923027088810251       -1.3790631932340394        2.6194697673967298E-002
  -5.5936076529654688       -1.3777582491495959        2.6187152414054719E-002
  -5.5957636792846452       -1.3799142754687725        2.6166547494436754E-002
  -5.5970642944075841       -1.3786136603458337        2.6159038771987362E-002
  -5.5992131768549154       -1.3807625427931651        2.6138533485515130E-002
  -5.6013580983754325       -1.3829074643136821        2.6118085463356807E-002
  -5.6034990726114806       -1.3850484385497306        2.6097694451784999E-002
  -5.6047890402267528       -1.3837584709344584        2.6090281768083038E-002
  -5.6069229699634731       -1.3858924006711784        2.6069988628883361E-002
  -5.6090529918782011       -1.3880224225859066        2.6049751782873342E-002
  -5.6103355918947528       -1.3867398225693546        2.6042403999567400E-002
  -5.6124586411405746       -1.3888628718151765        2.6022263765272724E-002
  -5.6145778214410536       -1.3909820521156553        2.6002179119369525E-002
  -5.6158531336120801       -1.3897067399446286        2.5994895323265637E-002
  -5.6179654119850113       -1.3918190183175598        2.5974906051063087E-002
  -5.6200738597203799       -1.3939274660529288        2.5954971674718153E-002
  -5.6221784898100475       -1.3960320961425965        2.5935091954805572E-002
  -5.6242793151852251       -1.3981329215177738        2.5915266653274632E-002
  -5.6263763487159704       -1.4002299550485195        2.5895495533447666E-002
  -5.6284696032114256       -1.4023232095439746        2.5875778360011589E-002
  -5.6297255757966864       -1.4010672369587138        2.5868670296985970E-002
  -5.6309805099975643       -1.3998123027578357        2.5861567794914192E-002
  -5.6322344075406408       -1.3985584052147595        2.5854470848532599E-002
  -5.6343150149042645       -1.4006390125783836        2.5834923144475979E-002
  -5.6363919032106793       -1.4027159008847983        2.5815428330070486E-002
  -5.6376388196995286       -1.4014689843959491        2.5808391887401104E-002
  -5.6397090786666189       -1.4035392433630391        2.5788987709969145E-002
  -5.6417756547033369       -1.4056058193997569        2.5769635776177559E-002
  -5.6438385600795007       -1.4076687247759205        2.5750335862350961E-002
  -5.6458978070026227       -1.4097279716990425        2.5731087746131708E-002
  -5.6471319814946765       -1.4084937972069889        2.5724164562357137E-002
  -5.6483651504647314       -1.4072606282369344        2.5717246714386098E-002
  -5.6504150164549873       -1.4093104942271901        2.5698124285374171E-002
  -5.6516442959904554       -1.4080812146917225        2.5691238207245951E-002
  -5.6536877039338735       -1.4101246226351409        2.5672203475653386E-002
  -5.6557275224385188       -1.4121644411397862        2.5653219328616247E-002
  -5.6569500816742497       -1.4109418819040558        2.5646390852402494E-002
  -5.6581716528738557       -1.4097203107044503        2.5639567599154960E-002
  -5.6593922376568333       -1.4084997259214729        2.5632749563907715E-002
  -5.6606118376396877       -1.4072801259386183        2.5625936741689812E-002
  -5.6618304544316018       -1.4060615091467046        2.5619129127549600E-002
  -5.6638526774949227       -1.4080837322100255        2.5600375560028758E-002
  -5.6658713877759066       -1.4101024424910091        2.5581671256531466E-002
  -5.6678865967064702       -1.4121176514215728        2.5563016011136891E-002
  -5.6690958348364564       -1.4109084132915866        2.5556290068578562E-002
  -5.6711048019586023       -1.4129173804137323        2.5537718889889191E-002
  -5.6723103021075074       -1.4117118802648274        2.5531023200614775E-002
  -5.6735148399327411       -1.4105073424395942        2.5524332579761912E-002
  -5.6755148754934552       -1.4125073780003079        2.5505879667189795E-002
  -5.6775114743786794       -1.4145039768855321        2.5487474688292086E-002
  -5.6795046476578515       -1.4164971501647043        2.5469117444834634E-002
  -5.6814944063512636       -1.4184869088581160        2.5450807739664318E-002
  -5.6826870639370544       -1.4172942512723250        2.5444220945676079E-002
  -5.6846707374660221       -1.4192779248012928        2.5425992661269978E-002
  -5.6866510282344764       -1.4212582155697471        2.5407811358747350E-002
  -5.6886279470616188       -1.4232351343968890        2.5389676845213274E-002
  -5.6906015047162581       -1.4252086920515279        2.5371588928842129E-002
  -5.6917824956959651       -1.4240277010718208        2.5365103478424671E-002
  -5.6929625597352835       -1.4228476370325021        2.5358622845804372E-002
  -5.6941416983212756       -1.4216684984465098        2.5352147026406893E-002
  -5.6961040164402252       -1.4236308165654596        2.5334205245756979E-002
  -5.6980630237589942       -1.4255898238842286        2.5316309202134821E-002
  -5.6992359761645597       -1.4244168714786634        2.5309885291142215E-002
  -5.7011890849737634       -1.4263699802878667        2.5292067545834768E-002
  -5.7031389133811476       -1.4283198086952507        2.5274295010449300E-002
  -5.7050854717303290       -1.4302663670444316        2.5256567502089690E-002
  -5.7062497100318916       -1.4291021287428687        2.5250217887859229E-002
  -5.7081904446650560       -1.4310428633760330        2.5232567419907322E-002
  -5.7101279390856226       -1.4329803577965998        2.5214961463267436E-002
  -5.7112861371427455       -1.4318221597394767        2.5208662156539278E-002
  -5.7124434410163332       -1.4306648558658888        2.5202367452059223E-002
  -5.7135998521217717       -1.4295084447604505        2.5196077345474740E-002
  -5.7155265156674577       -1.4314351083061361        2.5178610883890472E-002
  -5.7166794987250471       -1.4302821252485471        2.5172347860880431E-002
  -5.7186004569615054       -1.4322030834850059        2.5154956507565523E-002
  -5.7205182416303426       -1.4341208681538431        2.5137608537158282E-002
  -5.7224328625803746       -1.4360354891038754        2.5120303777000877E-002
  -5.7235774240808723       -1.4348909276033774        2.5114111929915781E-002
  -5.7247211109101768       -1.4337472407740728        2.5107924563200587E-002
  -5.7266276232310345       -1.4356537530949305        2.5090724525902094E-002
  -5.7285310090695365       -1.4375571389334325        2.5073567068384754E-002
  -5.7296688690010580       -1.4364192790019108        2.5067427812788767E-002
  -5.7315666866594617       -1.4383170966603143        2.5050343202428563E-002
  -5.7327012241523567       -1.4371825591674190        2.5044229967294055E-002
  -5.7338349012098337       -1.4360488821099415        2.5038121123962979E-002
  -5.7357247517283731       -1.4379387326284807        2.5021138967647988E-002
  -5.7376115304100503       -1.4398255113101579        2.5004198469396222E-002
  -5.7394952466328979       -1.4417092275330052        2.4987299466124768E-002
  -5.7406207803301443       -1.4405836938357588        2.4981258858190841E-002
  -5.7424990429434164       -1.4424619564490309        2.4964430832475629E-002
  -5.7443742701780911       -1.4443371836837056        2.4947643841766627E-002
  -5.7462464712510579       -1.4462093847566722        2.4930897726310436E-002
  -5.7473639700734722       -1.4450918859342574        2.4924924157317997E-002
  -5.7492307840985468       -1.4469586999593325        2.4908247923019114E-002
  -5.7510945985680548       -1.4488225144288400        2.4891612113565748E-002
  -5.7529554225441508       -1.4506833384049358        2.4875016572423025E-002
  -5.7548132650532891       -1.4525411809140740        2.4858461143838495E-002
  -5.7559204890138327       -1.4514339569535299        2.4852573782243842E-002
  -5.7570268900503461       -1.4503275559170170        2.4846690557212635E-002
  -5.7581324694290990       -1.4492219765382639        2.4840811464858396E-002
  -5.7592372284205000       -1.4481172175468631        2.4834936501258856E-002
  -5.7610828012319999       -1.4499627903583634        2.4818534854736469E-002
  -5.7629254426821461       -1.4518054318085101        2.4802172496457400E-002
  -5.7640247558640230       -1.4507061186266335        2.4796341676811856E-002
  -5.7658621792186038       -1.4525435419812140        2.4780046477283449E-002
  -5.7669583849838348       -1.4514473362159828        2.4774239549459724E-002
  -5.7687906197889181       -1.4532795710210658        2.4758011036750481E-002
  -5.7698837356966086       -1.4521864551133752        2.4752227833156941E-002
  -5.7709760484185457       -1.4510941423914381        2.4746448653308089E-002
  -5.7728008592542590       -1.4529189532271509        2.4730313920295798E-002
  -5.7738901056023479       -1.4518297068790618        2.4724558253483853E-002
  -5.7749785541963634       -1.4507412582850467        2.4718806581011887E-002
  -5.7767960004700765       -1.4525587045587600        2.4702764711575901E-002
  -5.7786106050715054       -1.4543733091601885        2.4686760650435118E-002
  -5.7804223763608542       -1.4561850804495371        2.4670794255127505E-002
  -5.7822313226642992       -1.4579940267529818        2.4654865383901339E-002
  -5.7840374522768645       -1.4598001563655469        2.4638973895687186E-002
  -5.7851139519335266       -1.4587236567088844        2.4633321831177238E-002
  -5.7869150684783230       -1.4605247732536810        2.4617494222190263E-002
  -5.7887133922416085       -1.4623230970169667        2.4601703598877114E-002
  -5.7905089313809359       -1.4641186361562943        2.4585949822938342E-002
  -5.7915780683951619       -1.4630494991420682        2.4580357766357468E-002
  -5.7933686531937711       -1.4648400839406774        2.4564666923627004E-002
  -5.7944348454395787       -1.4637738916948702        2.4559097169268115E-002
  -5.7955002706472927       -1.4627084664871564        2.4553531205992365E-002
  -5.7965649299648954       -1.4616438071695541        2.4547969030273998E-002
  -5.7983462700927157       -1.4634251472973747        2.4532392585246466E-002
  -5.7994080121795655       -1.4623634052105254        2.4526852476230415E-002
  -5.8004689934480389       -1.4613024239420520        2.4521316127658163E-002
  -5.8015292150391122       -1.4602422023509782        2.4515783535999116E-002
  -5.8033014034368913       -1.4620143907487575        2.4500320101134274E-002
  -5.8050708895944876       -1.4637838769063538        2.4484892181196424E-002
  -5.8068376812728335       -1.4655506685847002        2.4469499645640446E-002
  -5.8078907721481503       -1.4644975777093829        2.4464024789927194E-002
  -5.8089431137800585       -1.4634452360774752        2.4458553625286181E-002
  -5.8099947072852745       -1.4623936425722590        2.4453086148259792E-002
  -5.8117524959286344       -1.4641514312156190        2.4437804347501653E-002
  -5.8128012462741285       -1.4631026808701253        2.4432358266197166E-002
  -5.8138492533862616       -1.4620546737579925        2.4426915846414043E-002
  -5.8148965183645700       -1.4610074087796843        2.4421477084745180E-002
  -5.8166453933311031       -1.4627562837462176        2.4406304693042620E-002
  -5.8176898412713971       -1.4617118358059240        2.4400887105082550E-002
  -5.8187335519111993       -1.4606681251661213        2.4395473149452115E-002
  -5.8197765263385985       -1.4596251507387221        2.4390062822765686E-002
  -5.8215165756714269       -1.4613652000715505        2.4374998536538850E-002
  -5.8225567588226825       -1.4603250169202948        2.4369609164860903E-002
  -5.8242921558279486       -1.4620604139255606        2.4354603156153010E-002
  -5.8260249642490516       -1.4637932223466636        2.4339630838190043E-002
  -5.8270603332309063       -1.4627578533648089        2.4334279413431980E-002
  -5.8287885280525895       -1.4644860481864923        2.4319364763819681E-002
  -5.8305141553793964       -1.4662116755132992        2.4304483461630152E-002
  -5.8322372223989056       -1.4679347425328086        2.4289635387461764E-002
  -5.8332658067919310       -1.4669061581397835        2.4284338333678539E-002
  -5.8349843120717795       -1.4686246634196325        2.4269547109219157E-002
  -5.8367002777911745       -1.4703406291390271        2.4254788776049988E-002
  -5.8384137110260230       -1.4720540623738756        2.4240063216988503E-002
  -5.8401246188251434       -1.4737649701729965        2.4225370315403519E-002
  -5.8411445197085712       -1.4727450692895685        2.4220143272892736E-002
  -5.8428509300867182       -1.4744514796677153        2.4205506205567679E-002
  -5.8445548353587951       -1.4761553849397919        2.4190901467038520E-002
  -5.8455700955755630       -1.4751401247230240        2.4185710580517057E-002
  -5.8465846561541417       -1.4741255641444455        2.4180523087867421E-002
  -5.8475985181093586       -1.4731117021892284        2.4175338985944723E-002
  -5.8486116824522520       -1.4720985378463352        2.4170158271614284E-002
  -5.8496241501934350       -1.4710860701051520        2.4164980941734429E-002
  -5.8513157857422291       -1.4727777056539457        2.4150523103635375E-002
  -5.8523256196919702       -1.4717678717042046        2.4145365243440488E-002
  -5.8540128588390390       -1.4734551108512737        2.4130961712681955E-002
  -5.8556976505668947       -1.4751399025791294        2.4116589603277928E-002
  -5.8567029430289557       -1.4741346101170689        2.4111466996568926E-002
  -5.8577075490265305       -1.4731300041194946        2.4106347714603332E-002
  -5.8587114695447413       -1.4721260836012842        2.4101231754318782E-002
  -5.8603880721077832       -1.4738026861643261        2.4086958131114059E-002
  -5.8620622586562972       -1.4754768727128396        2.4072715434910155E-002
  -5.8637340357592791       -1.4771486498158219        2.4058503558260592E-002
  -5.8654034099582475       -1.4788180240147899        2.4044322394237008E-002
  -5.8663990690068992       -1.4778223649661382        2.4039272298031506E-002
  -5.8680641620822787       -1.4794874580415174        2.4025143668549628E-002
  -5.8690572719740297       -1.4784943481497665        2.4020112251813906E-002
  -5.8700497108598091       -1.4775019092639874        2.4015084066512725E-002
  -5.8710414796931270       -1.4765101404306697        2.4010059109686590E-002
  -5.8726985748209932       -1.4781672355585360        2.3996026108158940E-002
  -5.8736878167425655       -1.4771779936369636        2.3991019646919947E-002
  -5.8746763927712200       -1.4761894176083090        2.3986016392432575E-002
  -5.8763274154533862       -1.4778404402904752        2.3972056486835477E-002
  -5.8773134819992370       -1.4768543737446247        2.3967071578845690E-002
  -5.8782988867698478       -1.4758689689740139        2.3962089856108780E-002
  -5.8799438810746540       -1.4775139632788203        2.3948202400685323E-002
  -5.8809267936130505       -1.4765310507404235        2.3943238877067854E-002
  -5.8825676313137993       -1.4781718884411721        2.3929402098394358E-002
  -5.8842061560712580       -1.4798104131986309        2.3915594627124039E-002
  -5.8858423740392709       -1.4814466311666437        2.3901816363669219E-002
  -5.8874762913527752       -1.4830805484801481        2.3888067208859168E-002
  -5.8884512939902187       -1.4821055458427044        2.3883166135968182E-002
  -5.8894256485658332       -1.4811311912670904        2.3878268163451569E-002
  -5.8903993559890599       -1.4801574838438638        2.3873373288478543E-002
  -5.8913724171679709       -1.4791844226649526        2.3868481508217618E-002
  -5.8929968371189023       -1.4808088426158845        2.3854844293084463E-002
  -5.8946189905048563       -1.4824309960018380        2.3841235660849603E-002
  -5.8955878427616071       -1.4814621437450874        2.3836376000666976E-002
  -5.8972059545514144       -1.4830802555348945        2.3822816308724497E-002
  -5.8981723967884525       -1.4821138132978562        2.3817974099063739E-002
  -5.8991382018365606       -1.4811480082497481        2.3813134931556870E-002
  -5.9007505235625120       -1.4827603299757000        2.3799644159338204E-002
  -5.9023606126020312       -1.4843704190152196        2.3786181443089020E-002
  -5.9033222720115539       -1.4834087596056971        2.3781373800016527E-002
  -5.9042833001616435       -1.4824477314556079        2.3776569164772859E-002
  -5.9058876565153131       -1.4840520878092773        2.3763174523661043E-002
  -5.9068463145941150       -1.4830934297304756        2.3758386989610032E-002
  -5.9084467178638835       -1.4846938330002444        2.3745039972324859E-002
  -5.9094030175913819       -1.4837375332727460        2.3740269434890538E-002
  -5.9103586927676792       -1.4827818580964487        2.3735501868832838E-002
  -5.9119534318713880       -1.4843765972001575        2.3722221930607967E-002
  -5.9129067644238962       -1.4834232646476491        2.3717471228785428E-002
  -5.9144975978728151       -1.4850140980965680        2.3704238214658106E-002
  -5.9160862585618990       -1.4866027587856514        2.3691032332232274E-002
  -5.9176727520983663       -1.4881892523221183        2.3677853492166865E-002
  -5.9192570840662890       -1.4897735842900413        2.3664701605536818E-002
  -5.9202029867968076       -1.4888276815595229        2.3660008738723648E-002
  -5.9211482775413575       -1.4878823908149730        2.3655318766476609E-002
  -5.9220929571374281       -1.4869377112189022        2.3650631686187772E-002
  -5.9236700469821004       -1.4885148010635749        2.3637564390232235E-002
  -5.9246124367559627       -1.4875724112897124        2.3632893697656882E-002
  -5.9261857072477326       -1.4891456817814823        2.3619872040780185E-002
  -5.9271258183307118       -1.4882055706985027        2.3615217637443196E-002
  -5.9286952880194939       -1.4897750403872849        2.3602241345691017E-002
  -5.9302626429966319       -1.4913423953644227        2.3589291290655050E-002
  -5.9311988287092943       -1.4904062096517599        2.3584666356418066E-002
  -5.9327624115244708       -1.4919697924669362        2.3571761238404557E-002
  -5.9336963476109439       -1.4910358563804629        2.3567152329618396E-002
  -5.9352561764772549       -1.4925956852467737        2.3554291880551907E-002
  -5.9368139163825626       -1.4941534251520818        2.3541457271641978E-002
  -5.9383695726193215       -1.4957090813888407        2.3528648419417271E-002
  -5.9399231504590961       -1.4972626592286151        2.3515865240783338E-002
  -5.9408499537921644       -1.4963358558955466        2.3511311281815786E-002
  -5.9423998257520942       -1.4978857278554765        2.3498572049205343E-002
  -5.9439476345250259       -1.4994335366284082        2.3485858255854863E-002
  -5.9454933853079410       -1.5009792874113235        2.3473169820068085E-002
  -5.9464147594493628       -1.5000579132699021        2.3468657080138830E-002
  -5.9479568417469446       -1.5015999955674837        2.3456012031895439E-002
  -5.9494968810434372       -1.5031400348639761        2.3443392110913938E-002
  -5.9510348824569759       -1.5046780362775145        2.3430797236912573E-002
  -5.9519508867000619       -1.5037620320344287        2.3426325126797088E-002
  -5.9528663144515157       -1.5028466042829747        2.3421855696976104E-002
  -5.9537811664847613       -1.5019317522497293        2.3417388945055101E-002
  -5.9553123475432148       -1.5034629333081828        2.3404872538755402E-002
  -5.9568415146213907       -1.5049921003863584        2.3392380820168514E-002
  -5.9583686727313463       -1.5065192584963136        2.3379913710967228E-002
  -5.9592782318054551       -1.5056096994222050        2.3375486872620168E-002
  -5.9601872220338983       -1.5047007091937621        2.3371062671545647E-002
  -5.9610956441770107       -1.5037922870506497        2.3366641105387768E-002
  -5.9626160779308064       -1.5053127208044454        2.3354251100691632E-002
  -5.9641345261137841       -1.5068311689874234        2.3341885354927483E-002
  -5.9656509936350117       -1.5083476365086512        2.3329543791660239E-002
  -5.9665541981287875       -1.5074444320148757        2.3325161440481922E-002
  -5.9680671354582984       -1.5089573693443865        2.3312861242857735E-002
  -5.9689682405385494       -1.5080562642641351        2.3308493559603634E-002
  -5.9698687867356730       -1.5071557180670114        2.3304128457752177E-002
  -5.9713766660536010       -1.5086635973849394        2.3291886510901260E-002
  -5.9722751260945950       -1.5077651373439451        2.3287535968988585E-002
  -5.9731730304361470       -1.5068672330023927        2.3283187992507254E-002
  -5.9746758853242463       -1.5083700878904922        2.3271003827007780E-002
  -5.9761768006783740       -1.5098710032446196        2.3258843228824426E-002
  -5.9770711184469407       -1.5089766854760529        2.3254521547066635E-002
  -5.9779648853587037       -1.5080829185642897        2.3250202403673426E-002
  -5.9794608227352120       -1.5095788559407979        2.3238098927609037E-002
  -5.9803525357754390       -1.5086871429005713        2.3233794072577894E-002
  -5.9818450383894435       -1.5101796455145757        2.3221730595914664E-002
  -5.9827347070357471       -1.5092899768682724        2.3217439947882487E-002
  -5.9842237907247036       -1.5107790605572289        2.3205416243070848E-002
  -5.9857109705724056       -1.5122662404049305        2.3193415572122521E-002
  -5.9865971190025453       -1.5113800919747911        2.3189150620430726E-002
  -5.9874827260655277       -1.5104944849118089        2.3184888154214479E-002
  -5.9883677924689547       -1.5096094185083819        2.3180628171283239E-002
  -5.9892523189204105       -1.5087248920569263        2.3176370669441740E-002
  -5.9907316349211506       -1.5102042080576661        2.3164458569616842E-002
  -5.9922090727861583       -1.5116816459226738        2.3152569125541589E-002
  -5.9930901232065876       -1.5108005955022448        2.3148336944137600E-002
  -5.9945642111805117       -1.5122746834761691        2.3136486287792024E-002
  -5.9954432668613542       -1.5113956277953267        2.3132267894499348E-002
  -5.9963217895151111       -1.5105171051415702        2.3128051943786251E-002
  -5.9977910759305750       -1.5119863915570344        2.3116255934731690E-002
  -5.9992585098188034       -1.5134538254452627        2.3104482201368789E-002
  -6.0007240956059746       -1.5149194112324340        2.3092730675934307E-002
  -6.0021878377005757       -1.5163831533270349        2.3081001290963219E-002
  -6.0030600527010893       -1.5155109383265217        2.3076832508952691E-002
  -6.0039317423509093       -1.5146392486767017        2.3072666123643254E-002
  -6.0053907508189193       -1.5160982571447119        2.3060990418515816E-002
  -6.0062604873435870       -1.5152285206200438        2.3056837461556665E-002
  -6.0077162294084951       -1.5166842626849517        2.3045199350241508E-002
  -6.0085840215914326       -1.5158164705020145        2.3041059747129739E-002
  -6.0100365119399468       -1.5172689608505290        2.3029459021179918E-002
  -6.0114871916971389       -1.5187196406077208        2.3017879947045440E-002
  -6.0123516369554020       -1.5178551953494575        2.3013764490879215E-002
  -6.0137990876895868       -1.5193026460836425        2.3002222476062040E-002
  -6.0146616115720342       -1.5184401222011950        2.2998120173952915E-002
  -6.0161058477227165       -1.5198843583518773        2.2986615014145048E-002
  -6.0169664588064844       -1.5190237472681092        2.2982525793681964E-002
  -6.0184074947185238       -1.5204647831801488        2.2971057286148931E-002
  -6.0198467484784661       -1.5219040369400914        2.2959610010269010E-002
  -6.0212842242655187       -1.5233415127271441        2.2948183902678099E-002
  -6.0221401587380727       -1.5224855782545903        2.2944128939027808E-002
  -6.0235744643228362       -1.5239198838393533        2.2932739051239985E-002
  -6.0250070039885566       -1.5253524235050735        2.2921370153117779E-002
  -6.0258596794501020       -1.5244997480435278        2.2917338529492525E-002
  -6.0267118514368789       -1.5236475760567514        2.2913309177610839E-002
  -6.0281398586382382       -1.5250755832581109        2.2901991138044617E-002
  -6.0289901622708646       -1.5242252796254847        2.2897974483471559E-002
  -6.0298399651592254       -1.5233754767371239        2.2893960087246250E-002
  -6.0312634684187287       -1.5247989799966273        2.2882692518383384E-002
  -6.0321114141077796       -1.5239510343075762        2.2878690731209315E-002
  -6.0335318088714747       -1.5253714290712717        2.2867458519107400E-002
  -6.0343779055170579       -1.5245253324256889        2.2863469272739349E-002
  -6.0352235061891530       -1.5236797317535939        2.2859482260183465E-002
  -6.0360686115135085       -1.5228346264292389        2.2855497479509181E-002
  -6.0369132221117816       -1.5219900158309654        2.2851514928801345E-002
  -6.0377573386126704       -1.5211458993300766        2.2847534606107708E-002
  -6.0386009616346135       -1.5203022763081337        2.2843556509520538E-002
  -6.0400114791291308       -1.5217127938026513        2.2832432427226601E-002
  -6.0408532755258664       -1.5208709974059160        2.2828466709269014E-002
  -6.0422607413790832       -1.5222784632591333        2.2817377208563572E-002
  -6.0436665089284558       -1.5236842308085057        2.2806307724232974E-002
  -6.0450705820591217       -1.5250883039391716        2.2795258198021775E-002
  -6.0459079151356088       -1.5242509708626848        2.2791324875955438E-002
  -6.0467447621680739       -1.5234141238302192        2.2787393738010465E-002
  -6.0475811237663981       -1.5225777622318948        2.2783464782297532E-002
  -6.0489795138778177       -1.5239761523433146        2.2772477921769854E-002
  -6.0498140803463274       -1.5231415858748054        2.2768561082055591E-002
  -6.0506481639608642       -1.5223075022602688        2.2764646411949009E-002
  -6.0520422344712834       -1.5237015727706884        2.2753707524072946E-002
  -6.0534346394041556       -1.5250939777035606        2.2742788180748416E-002
  -6.0542656395888255       -1.5242629775188909        2.2738895372899904E-002
  -6.0556550712289754       -1.5256524091590407        2.2728009520128004E-002
  -6.0570428482289742       -1.5270401861590395        2.2717143052287316E-002
  -6.0584289743281614       -1.5284263122582262        2.2706295913678259E-002
  -6.0598134532538204       -1.5298107911838852        2.2695468048816721E-002
  -6.0606388232770376       -1.5289854211606679        2.2691616274433130E-002
  -6.0620203628417508       -1.5303669607253814        2.2680821418398365E-002
  -6.0634002659866697       -1.5317468638702998        2.2670045679617775E-002
  -6.0642226126323715       -1.5309245172245982        2.2666215211841052E-002
  -6.0650444895026512       -1.5301026403543183        2.2662386837313503E-002
  -6.0664201878754156       -1.5314783387270825        2.2651657480188232E-002
  -6.0672403296931492       -1.5306581969093489        2.2647840710124271E-002
  -6.0680600041987471       -1.5298385224037507        2.2644026021362795E-002
  -6.0688792119637363       -1.5290193146387612        2.2640213412146590E-002
  -6.0702494559201323       -1.5303895585951570        2.2629543618813388E-002
  -6.0716180908413850       -1.5317581935164097        2.2618892553498193E-002
  -6.0729851203096210       -1.5331252229846455        2.2608260163173317E-002
  -6.0743505479014051       -1.5344906505764293        2.2597646394967998E-002
  -6.0757143771822903       -1.5358544798573144        2.2587051196210316E-002
  -6.0770766117001651       -1.5372167143751894        2.2576474514478216E-002
  -6.0778878662281741       -1.5364054598471806        2.2572720056915213E-002
  -6.0786986628270583       -1.5355946632482966        2.2568967626328131E-002
  -6.0800568004812607       -1.5369528009024993        2.2558435852528320E-002
  -6.0814133567961726       -1.5383093572174114        2.2547922404306298E-002
  -6.0822212350279363       -1.5375014789856472        2.2544190358404305E-002
  -6.0830286589530491       -1.5366940550605341        2.2540460320093072E-002
  -6.0843811526603861       -1.5380465487678714        2.2529991317640028E-002
  -6.0857320782818345       -1.5393974743893195        2.2519540452117230E-002
  -6.0870814392699977       -1.5407468353774822        2.2509107672777324E-002
  -6.0884292390673940       -1.5420946351748783        2.2498692929058341E-002
  -6.0892313421539415       -1.5412925320883308        2.2495001100699814E-002
  -6.0905763572133562       -1.5426375471477451        2.2484617223087335E-002
  -6.0919198210085224       -1.5439810109429111        2.2474251238571639E-002
  -6.0927190654824868       -1.5431817664689471        2.2470579260613764E-002
  -6.0935178646549488       -1.5423829672964846        2.2466909238537273E-002
  -6.0948573448590073       -1.5437224475005427        2.2456586621228174E-002
  -6.0961952866792339       -1.5450603893207691        2.2446281714613280E-002
  -6.0975316934717814       -1.5463967961133163        2.2435994469599100E-002
  -6.0988665685835661       -1.5477316712251012        2.2425724837266181E-002
  -6.1001999153486866       -1.5490650179902212        2.2415472768896126E-002
  -6.1015317370914568       -1.5503968397329915        2.2405238215947695E-002
  -6.1023229591831507       -1.5496056176412971        2.2401622846764301E-002
  -6.1036520622117774       -1.5509347206699242        2.2391418244962737E-002
  -6.1044416712731300       -1.5501451116085718        2.2387813443053014E-002
  -6.1052308449479593       -1.5493559379337425        2.2384210539785870E-002
  -6.1065560502733218       -1.5506811432591052        2.2374048135917538E-002
  -6.1078797493482195       -1.5520048423340027        2.2363902982979019E-002
  -6.1092019454273387       -1.5533270384131217        2.2353775033626237E-002
  -6.1105226417521958       -1.5546477347379786        2.2343664240714163E-002
  -6.1113067220778552       -1.5538636544123192        2.2340097458928839E-002
  -6.1120903726860272       -1.5530800038041475        2.2336532543660477E-002
  -6.1134072210819452       -1.5543968522000657        2.2326463276156765E-002
  -6.1147225819686639       -1.5557122130867846        2.2316410993224924E-002
  -6.1160364585397442       -1.5570260896578649        2.2306375648546480E-002
  -6.1168162285948302       -1.5562463196027787        2.2302837870823235E-002
  -6.1175955733634169       -1.5554669748341918        2.2299301935260182E-002
  -6.1183744933506654       -1.5546880548469435        2.2295767840323853E-002
  -6.1191529890605221       -1.5539095591370868        2.2292235584483636E-002
  -6.1204607385208023       -1.5552173085973671        2.2282265237806954E-002
  -6.1212376730434244       -1.5544403740747448        2.2278743132918992E-002
  -6.1225428019011963       -1.5557455029325165        2.2268801413418499E-002
  -6.1238464700993758       -1.5570491711306962        2.2258876304269294E-002
  -6.1251486807481772       -1.5583513817794976        2.2248967760573009E-002
  -6.1259218036542018       -1.5575782588734726        2.2245472212460312E-002
  -6.1272214159906087       -1.5588778712098794        2.2235591990588787E-002
  -6.1285195797391943       -1.5601760349584652        2.2225728207713794E-002
  -6.1298162979708657       -1.5614727531901367        2.2215880819588391E-002
  -6.1305856442673692       -1.5607034068936327        2.2212411510456550E-002
  -6.1318797861937115       -1.5619975488199753        2.2202592143359061E-002
  -6.1326476059251984       -1.5612297290884887        2.2199132694426388E-002
  -6.1334150126608238       -1.5604623223528631        2.2195675022462558E-002
  -6.1347054610606291       -1.5617527707526684        2.2185895130754966E-002
  -6.1359944812725145       -1.5630417909645540        2.2176131392865780E-002
  -6.1367592667526472       -1.5622770054844217        2.2172691513877602E-002
  -6.1380457413981526       -1.5635634801299276        2.2162955386608067E-002
  -6.1388090185030499       -1.5628002030250303        2.2159525223585611E-002
  -6.1400929577045913       -1.5640841422265714        2.2149816572035692E-002
  -6.1413754830688863       -1.5653666675908662        2.2140123873884653E-002
  -6.1421361665189371       -1.5646059841408151        2.2136711267879507E-002
  -6.1434161720902418       -1.5658859897121196        2.2127045834183724E-002
  -6.1446947723922669       -1.5671645900141451        2.2117396233928256E-002
  -6.1459719703583540       -1.5684417879802321        2.2107762425148180E-002
  -6.1472477689154337       -1.5697175865373116        2.2098144366011006E-002
  -6.1485221709822762       -1.5709919886041537        2.2088542014829484E-002
  -6.1497951794665653       -1.5722649970884424        2.2078955330083219E-002
  -6.1505489768663786       -1.5715111996886293        2.2075591157855887E-002
  -6.1518195030278742       -1.5727817258501249        2.2066031225714069E-002
  -6.1530886439923140       -1.5740508668145647        2.2056486843067671E-002
  -6.1538399070829177       -1.5732996037239610        2.2053139699895193E-002
  -6.1545907736120737       -1.5725487371948053        2.2049794241711794E-002
  -6.1553412440395032       -1.5717982667673760        2.2046450467134548E-002
  -6.1560913188215096       -1.5710481919853696        2.2043108374793504E-002
  -6.1568409984180317       -1.5702985123888475        2.2039767963300261E-002
  -6.1575902832820759       -1.5695492275248037        2.2036429231295038E-002
  -6.1583391738720463       -1.5688003369348333        2.2033092177391793E-002
  -6.1595993743306119       -1.5700605373933987        2.2023640176392731E-002
  -6.1608582131695204       -1.5713193762323077        2.2014203407565318E-002
  -6.1621156931880519       -1.5725768562508389        2.2004781831169336E-002
  -6.1633718171764640       -1.5738329802392508        2.1995375407610485E-002
  -6.1646265879224549       -1.5750877509852412        2.1985984097391564E-002
  -6.1658800081994718       -1.5763411712622579        2.1976607861199721E-002
  -6.1666222287565544       -1.5755989507051755        2.1973317386621911E-002
  -6.1673640618873868       -1.5748571175743427        2.1970028551247637E-002
  -6.1681055080378968       -1.5741156714238327        2.1966741353734453E-002
  -6.1693544109745684       -1.5753645743605038        2.1957412224720710E-002
  -6.1706019763691442       -1.5766121397550794        2.1948097994280862E-002
  -6.1713409737085945       -1.5758731424156289        2.1944827135370715E-002
  -6.1725861558491166       -1.5771183245561513        2.1935538354952475E-002
  -6.1738300083329305       -1.5783621770399654        2.1926264364189704E-002
  -6.1750725338641228       -1.5796047025711577        2.1917005124930854E-002
  -6.1758080771167423       -1.5788691593185384        2.1913757726967929E-002
  -6.1770482387385854       -1.5801093209403818        2.1904523678964533E-002
  -6.1777823843440336       -1.5793751753349334        2.1901285105915852E-002
  -6.1785161504908555       -1.5786414091881120        2.1898048130555497E-002
  -6.1792495376104011       -1.5779080220685662        2.1894812751590075E-002
  -6.1804852777945412       -1.5791437622527058        2.1885624579148607E-002
  -6.1812172764446345       -1.5784117636026125        2.1882397960163336E-002
  -6.1824506787310387       -1.5796451658890163        2.1873234644355519E-002
  -6.1831812942080928       -1.5789145504119624        2.1870016744333191E-002
  -6.1839115338217558       -1.5781843107982991        2.1866800425519493E-002
  -6.1846413979981412       -1.5774544466219140        2.1863585686634511E-002
  -6.1853708871600794       -1.5767249574599755        2.1860372526410769E-002
  -6.1865988958387144       -1.5779529661386109        2.1851264730875595E-002
  -6.1878256122178792       -1.5791796825177757        2.1842171220868144E-002
  -6.1885527338594013       -1.5784525608762539        2.1838973747334661E-002
  -6.1892794831811511       -1.5777258115545045        2.1835777838778811E-002
  -6.1900058606018193       -1.5769994341338365        2.1832583493943968E-002
  -6.1912282503917284       -1.5782218239237453        2.1823534675423664E-002
  -6.1919532677834361       -1.5774968065320376        2.1820348882708233E-002
  -6.1926779150216111       -1.5767721592938624        2.1817164645707595E-002
  -6.1938970122424015       -1.5779912565146523        2.1808150099000577E-002
  -6.1946203064228866       -1.5772679623341672        2.1804974363275987E-002
  -6.1958371289308012       -1.5784847848420815        2.1795983863645885E-002
  -6.1970526831856310       -1.5797003390969115        2.1787007326774334E-002
  -6.1982669717020915       -1.5809146276133719        2.1778044717539580E-002
  -6.1994799969934933       -1.5821276529047732        2.1769096000896940E-002
  -6.2001990185924614       -1.5814086313058047        2.1765949335381150E-002
  -6.2014097919255571       -1.5826194046389006        2.1757024363569542E-002
  -6.2026193092740725       -1.5838289219874158        2.1748113185669327E-002
  -6.2033360311053185       -1.5831122001561697        2.1744981653345763E-002
  -6.2045433096011307       -1.5843194786519814        2.1736094048381959E-002
  -6.2057493392890413       -1.5855255083398918        2.1727220139648899E-002
  -6.2064637754770979       -1.5848110721518356        2.1724103621665897E-002
  -6.2071778515857670       -1.5840969960431663        2.1720988605138832E-002
  -6.2078915680119300       -1.5833832796170031        2.1717875088884508E-002
  -6.2086049251573234       -1.5826699224716099        2.1714763071696792E-002
  -6.2098057992314271       -1.5838707965457131        2.1705941689281971E-002
  -6.2105178446645066       -1.5831587511126335        2.1702837849976977E-002
  -6.2112295324770370       -1.5824470633001031        2.1699735502189007E-002
  -6.2119408630632904       -1.5817357327138499        2.1696634644738498E-002
  -6.2126518368183854       -1.5810247589587547        2.1693535276440488E-002
  -6.2133624541371457       -1.5803141416399946        2.1690437396109503E-002
  -6.2140727154123825       -1.5796038803647576        2.1687341002567140E-002
  -6.2147826210354742       -1.5788939747416662        2.1684246094639491E-002
  -6.2154921713992239       -1.5781844243779168        2.1681152671144722E-002
  -6.2166840785646862       -1.5793763315433786        2.1672421529651962E-002
  -6.2178747702559738       -1.5805670232346662        2.1663703647691893E-002
  -6.2190642488358199       -1.5817565018145128        2.1654998992609122E-002
  -6.2202525166601585       -1.5829447696388517        2.1646307531858595E-002
  -6.2214395760769987       -1.5841318290556921        2.1637629233013531E-002
  -6.2221440942533421       -1.5834273108793482        2.1634570003691029E-002
  -6.2233289980170285       -1.5846122146430344        2.1625914219073034E-002
  -6.2240322383206985       -1.5839089743393640        2.1622862917646653E-002
  -6.2252149943270698       -1.5850917303457355        2.1614229546141669E-002
  -6.2259169614311629       -1.5843897632416424        2.1611186137053651E-002
  -6.2266185807058996       -1.5836881439669059        2.1608144172682885E-002
  -6.2273198525305329       -1.5829868721422731        2.1605103651893810E-002
  -6.2284985874189331       -1.5841656070306733        2.1596511148458081E-002
  -6.2296761336036184       -1.5853431532153586        2.1587931545578132E-002
  -6.2308524933668021       -1.5865195129785428        2.1579364811858404E-002
  -6.2315506700560839       -1.5858213362892610        2.1576344856636561E-002
  -6.2322485025093917       -1.5851235038359530        2.1573326328140619E-002
  -6.2334218145658093       -1.5862968158923705        2.1564790771502577E-002
  -6.2341183939048550       -1.5856002365533246        2.1561779985477880E-002
  -6.2348146305659329       -1.5849039998922465        2.1558770619137319E-002
  -6.2359849107013661       -1.5860742800276799        2.1550266044951687E-002
  -6.2366799004196167       -1.5853792903094297        2.1547264376893322E-002
  -6.2373745490043255       -1.5846846417247209        2.1544264121540289E-002
  -6.2380688568277858       -1.5839903339012609        2.1541265277773176E-002
  -6.2387628242552751       -1.5832963664737718        2.1538267844501312E-002
  -6.2394564516580662       -1.5826027390709807        2.1535271820606577E-002
  -6.2406209584449082       -1.5837672458578227        2.1526825100403459E-002
  -6.2413133498611559       -1.5830748544415747        2.1523836701941752E-002
  -6.2424757829743163       -1.5842372875547350        2.1515411463144882E-002
  -6.2436370610025884       -1.5853985655830067        2.1506998683470595E-002
  -6.2443273298700950       -1.5847082967154997        2.1504024047005073E-002
  -6.2450172621786288       -1.5840183644069663        2.1501050802595397E-002
  -6.2457068582920732       -1.5833287682935220        2.1498078949147681E-002
  -6.2468642597677757       -1.5844861697692250        2.1489705264366669E-002
  -6.2480205163986895       -1.5856424264001385        2.1481343904541709E-002
  -6.2491756303486410       -1.5867975403500902        2.1472994840205022E-002
  -6.2498622407126474       -1.5861109299860836        2.1470042697688659E-002
  -6.2505485179351794       -1.5854246527635516        2.1467091930190044E-002
  -6.2517006936036532       -1.5865768284320250        2.1458772691524922E-002
  -6.2523857611439384       -1.5858917608917398        2.1455829350918481E-002
  -6.2530704970250639       -1.5852070250106147        2.1452887378653959E-002
  -6.2542197493604261       -1.5863562773459767        2.1444597782827510E-002
  -6.2553678731269811       -1.5875044011125317        2.1436320297753844E-002
  -6.2560505346160014       -1.5868217396235114        2.1433391710332053E-002
  -6.2567328666775621       -1.5861394075619506        2.1430464480147581E-002
  -6.2578780878035802       -1.5872846286879689        2.1422216380751719E-002
  -6.2590221883717962       -1.5884287292561854        2.1413980286959323E-002
  -6.2601651704711454       -1.5895717113555348        2.1405756170423652E-002
  -6.2608445805741271       -1.5888923012525533        2.1402848137109388E-002
  -6.2619855656631120       -1.5900332863415387        2.1394644530413492E-002
  -6.2626637900487587       -1.5893550619558920        2.1391743741687678E-002
  -6.2633416890616660       -1.5886771629429846        2.1388844289384285E-002
  -6.2640192630470306       -1.5879995889576197        2.1385946172470430E-002
  -6.2651565068282746       -1.5891368327388640        2.1377779993965857E-002
  -6.2658329022729546       -1.5884604372941840        2.1374889072529848E-002
  -6.2665089741198141       -1.5877843654473245        2.1371999480072460E-002
  -6.2671847227079729       -1.5871086168591659        2.1369111215582218E-002
  -6.2683182494372991       -1.5882421435884926        2.1360982176193304E-002
  -6.2689928265969108       -1.5875675664288804        2.1358101058548892E-002
  -6.2696670819147311       -1.5868933111110599        2.1355221262517703E-002
  -6.2703410157283104       -1.5862193772974809        2.1352342787090459E-002
  -6.2714708494229559       -1.5873492109921261        2.1344250600915365E-002
  -6.2721436188550799       -1.5866764415600023        2.1341379224179963E-002
  -6.2732715017534195       -1.5878043244583417        2.1333306979028230E-002
  -6.2743982987073279       -1.5889311214122501        2.1325246290675375E-002
  -6.2750690694514217       -1.5882603506681561        2.1322387719113482E-002
  -6.2757395218783270       -1.5875898982412509        2.1319530452376383E-002
  -6.2768635235173296       -1.5887138998802532        2.1311497834738902E-002
  -6.2775328236784915       -1.5880445997190915        2.1308647576253035E-002
  -6.2786548948105469       -1.5891666708511467        2.1300634645761658E-002
  -6.2797758913127533       -1.5902876673533528        2.1292633124880569E-002
  -6.2804432137025845       -1.5896203449635216        2.1289795507736416E-002
  -6.2811102209123080       -1.5889533377537981        2.1286959179916506E-002
  -6.2817769132708943       -1.5882866453952120        2.1284124140436449E-002
  -6.2828942983311524       -1.5894040304554700        2.1276158480679559E-002
  -6.2840106179584794       -1.5905203500827967        2.1268204111999072E-002
  -6.2846753488265259       -1.5898556192147504        2.1265381590441029E-002
  -6.2857897645075713       -1.5909700348957960        2.1257446577496234E-002
  -6.2869031203682564       -1.5920833907564813        2.1249522782033799E-002
  -6.2880154183314376       -1.5931956887196626        2.1241610178303141E-002
  -6.2891266603158442       -1.5943069307040691        2.1233708740627473E-002
  -6.2902368482371935       -1.5954171186254180        2.1225818443395657E-002
  -6.2908971856668492       -1.5947567811957624        2.1223024950047228E-002
  -6.2920054906613636       -1.5958650861902766        2.1215153739958664E-002
  -6.2926647093587436       -1.5952058674928968        2.1212366997333251E-002
  -6.2933236200692111       -1.5945469567824291        2.1209581506766960E-002
  -6.2939822231106488       -1.5938883537409911        2.1206797267313084E-002
  -6.2950869991774443       -1.5949931298077866        2.1198960904936854E-002
  -6.2961907336928435       -1.5960968643231856        2.1191135522256599E-002
  -6.2968474215289127       -1.5954401764871162        2.1188363429129442E-002
  -6.2979492951863962       -1.5965420501445995        2.1180556861691780E-002
  -6.2990501327174568       -1.5976428876756603        2.1172761203207876E-002
  -6.2997049160588610       -1.5969881043342558        2.1170001169711503E-002
  -6.3008039025729685       -1.5980870908483633        2.1162224202925517E-002
  -6.3014575861187119       -1.5974334073026204        2.1159470780457750E-002
  -6.3021109666349631       -1.5967800267863688        2.1156718585784284E-002
  -6.3032072955399086       -1.5978763556913140        2.1148967996136848E-002
  -6.3043025988660979       -1.5989716590175032        2.1141228179777313E-002
  -6.3053968784452126       -1.6000659385966174        2.1133499112372323E-002
  -6.3064901361060972       -1.6011591962575020        2.1125780769649841E-002
  -6.3071400560737461       -1.6005092762898530        2.1123051104025015E-002
  -6.3077896762787544       -1.5998596560848444        2.1120322649078174E-002
  -6.3084389970284027       -1.5992103353351959        2.1117595403895864E-002
  -6.3090880186282599       -1.5985613137353387        2.1114869367570670E-002
  -6.3097367413816396       -1.5979125909819589        2.1112144539203542E-002
  -6.3103851655961707       -1.5972641667674281        2.1109420917876182E-002
  -6.3110332915744918       -1.5966160407891066        2.1106698502690108E-002
  -6.3121199151656304       -1.5977026643802452        2.1099044311743264E-002
  -6.3127669650709191       -1.5970556144749570        2.1096328341210318E-002
  -6.3138517856863601       -1.5981404350903978        2.1088692256249444E-002
  -6.3149356027652424       -1.5992242521692801        2.1081066664410331E-002
  -6.3160184180825691       -1.6003070674866064        2.1073451542241849E-002
  -6.3166628494939374       -1.5996626360752380        2.1070752380112349E-002
  -6.3177438745586141       -1.6007436611399142        2.1063155204342637E-002
  -6.3188239029804842       -1.6018236895617846        2.1055568432097969E-002
  -6.3199029365140795       -1.6029027230953798        2.1047992040222268E-002
  -6.3209809769107039       -1.6039807634920040        2.1040426005620807E-002
  -6.3220580259162640       -1.6050578124975639        2.1032870305275276E-002
  -6.3231340852723683       -1.6061338718536684        2.1025324916235901E-002
  -6.3242091567185144       -1.6072089432998149        2.1017789815605967E-002
  -6.3252832419833913       -1.6082830285646916        2.1010264980602600E-002
  -6.3263563427984897       -1.6093561293797904        2.1002750388461236E-002
  -6.3274284608866900       -1.6104282474679912        2.0995246016515413E-002
  -6.3284995979677090       -1.6114993845490104        2.0987751842158495E-002
  -6.3291353580654715       -1.6108636244512480        2.0985109890558663E-002
  -6.3297708306216087       -1.6102281518951107        2.0982469087147182E-002
  -6.3304060159268749       -1.6095929665898450        2.0979829431065064E-002
