 k,     gradient vector, at each step of the optimization (k):

           1   5.0707419199770565E-002   5.0707419199770565E-002
           2   2.6624798268444855E-002  -2.6624798268444855E-002
           3   3.9657900921943955E-002   3.9657900921943955E-002
           4   3.5112195635896890E-002   3.5112195635896890E-002
           5   1.6561857612087148E-002  -1.6561857612087148E-002
           6   2.9000846020224163E-002   2.9000846020224163E-002
           7   1.4051035399814560E-002  -1.4051035399814560E-002
           8   1.4361654749075947E-002  -1.4361654749075947E-002
           9   1.4573507701532297E-002  -1.4573507701532297E-002
          10   1.4689485588225524E-002  -1.4689485588225524E-002
          11   2.0821273799330988E-002   2.0821273799330988E-002
          12   1.9535328524937765E-002   1.9535328524937765E-002
          13   1.1626835674814914E-002  -1.1626835674814914E-002
          14   1.7586902870309652E-002   1.7586902870309652E-002
          15   1.6648495396866265E-002   1.6648495396866265E-002
          16   9.6307612176459896E-003  -9.6307612176459896E-003
          17   1.5283169275918213E-002   1.5283169275918213E-002
          18   1.4573648103610065E-002   1.4573648103610065E-002
          19   8.2337747184262414E-003  -8.2337747184262414E-003
          20   1.3565029776036209E-002   1.3565029776036209E-002
          21   1.3010837694152863E-002   1.3010837694152863E-002
          22   7.2036421087259706E-003  -7.2036421087259706E-003
          23   7.2291726114026861E-003  -7.2291726114026861E-003
          24   7.2482676845340432E-003  -7.2482676845340432E-003
          25   1.1714589473649130E-002   1.1714589473649130E-002
          26   1.1323505943281837E-002   1.1323505943281837E-002
          27   1.0957161055581114E-002   1.0957161055581114E-002
          28   1.0613706858633443E-002   1.0613706858633443E-002
          29   5.8612909397171417E-003  -5.8612909397171417E-003
          30   1.0130299661733743E-002   1.0130299661733743E-002
          31   9.8414957975151950E-003   9.8414957975151950E-003
          32   9.5692361903263745E-003   9.5692361903263745E-003
          33   9.3122914336934929E-003   9.3122914336934929E-003
          34   9.0695261092860642E-003   9.0695261092860642E-003
          35   4.7242480996620090E-003  -4.7242480996620090E-003
          36   8.7408626367060198E-003   8.7408626367060198E-003
          37   8.5307886831954612E-003   8.5307886831954612E-003
          38   8.3313500873043022E-003   8.3313500873043022E-003
          39   8.1418092272285397E-003   8.1418092272285397E-003
          40   4.0933732904657513E-003  -4.0933732904657513E-003
          41   7.8902430593163694E-003   7.8902430593163694E-003
          42   7.7232746525870370E-003   7.7232746525870370E-003
          43   7.5639483396568973E-003   7.5639483396568973E-003
          44   7.4117734306530505E-003   7.4117734306530505E-003
          45   3.6148915363921068E-003  -3.6148915363921068E-003
          46   7.2128989649403183E-003   7.2128989649403183E-003
          47   3.5210719921980930E-003  -3.5210719921980930E-003
          48   3.5308821050837320E-003  -3.5308821050837320E-003
          49   6.9771618255195190E-003   6.9771618255195190E-003
          50   6.8526528021996668E-003   6.8526528021996668E-003
          51   6.7330661407897507E-003   6.7330661407897507E-003
          52   3.2649370786898553E-003  -3.2649370786898553E-003
          53   6.5767022800896123E-003   6.5767022800896123E-003
          54   6.4683777343929050E-003   6.4683777343929050E-003
          55   6.3640560249994546E-003   6.3640560249994546E-003
          56   3.0388815564491058E-003  -3.0388815564491058E-003
          57   3.0463470357516499E-003  -3.0463470357516499E-003
          58   6.1937272614683301E-003   6.1937272614683301E-003
          59   6.1002984184050741E-003   6.1002984184050741E-003
          60   2.9171097647696614E-003  -2.9171097647696614E-003
          61   2.9237495184097394E-003  -2.9237495184097394E-003
          62   5.9473577580237786E-003   5.9473577580237786E-003
          63   5.8631447092141594E-003   5.8631447092141594E-003
          64   2.8072659297032529E-003  -2.8072659297032529E-003
          65   5.7532939700436735E-003   5.7532939700436735E-003
          66   5.6756818731270335E-003   5.6756818731270335E-003
          67   5.6004734902738692E-003   5.6004734902738692E-003
          68   5.5275604552389246E-003   5.5275604552389246E-003
          69   5.4568405840757818E-003   5.4568405840757818E-003
          70   5.3882174750810585E-003   5.3882174750810585E-003
          71   5.3216000964135743E-003   5.3216000964135743E-003
          72   2.4557582749255616E-003  -2.4557582749255616E-003
          73   2.4607435852921421E-003  -2.4607435852921421E-003
          74   5.2155579142497775E-003   5.2155579142497775E-003
          75   5.1543924125982809E-003   5.1543924125982809E-003
          76   5.0949071524480430E-003   5.0949071524480430E-003
          77   5.0370341977349666E-003   5.0370341977349666E-003
          78   2.3013790243757884E-003  -2.3013790243757884E-003
          79   4.9631299462093532E-003   4.9631299462093532E-003
          80   2.2683091730740894E-003  -2.2683091730740894E-003
          81   2.2725088586467148E-003  -2.2725088586467148E-003
          82   2.2766209345934101E-003  -2.2766209345934101E-003
          83   4.8582983824846451E-003   4.8582983824846451E-003
          84   2.2450600396917144E-003  -2.2450600396917144E-003
          85   4.7911841910376852E-003   4.7911841910376852E-003
          86   2.2146517024051581E-003  -2.2146517024051581E-003
          87   4.7265129330651941E-003   4.7265129330651941E-003
          88   4.6792491870121470E-003   4.6792491870121470E-003
          89   4.6331102962410891E-003   4.6331102962410891E-003
          90   4.5880566038526711E-003   4.5880566038526711E-003
          91   4.5440502496533535E-003   4.5440502496533535E-003
          92   4.5010551084496975E-003   4.5010551084496975E-003
          93   2.0340652798294633E-003  -2.0340652798294633E-003
          94   4.4462835990789484E-003   4.4462835990789484E-003
          95   4.4056349933415491E-003   4.4056349933415491E-003
          96   4.3658820984411248E-003   4.3658820984411248E-003
          97   4.3269955032785058E-003   4.3269955032785058E-003
          98   1.9314023752392689E-003  -1.9314023752392689E-003
          99   4.2777185123506617E-003   4.2777185123506617E-003
         100   1.9097803817356878E-003  -1.9097803817356878E-003
         101   4.2299574519643890E-003   4.2299574519643890E-003
         102   4.1941950987658518E-003   4.1941950987658518E-003
         103   4.1591683820428101E-003   4.1591683820428101E-003
         104   4.1248546723841942E-003   4.1248546723841942E-003
         105   4.0912322454174409E-003   4.0912322454174409E-003
         106   4.0582802320984447E-003   4.0582802320984447E-003
         107   1.7781183170055893E-003  -1.7781183170055893E-003
         108   1.7807045627271111E-003  -1.7807045627271111E-003
         109   4.0077062384075270E-003   4.0077062384075270E-003
         110   1.7628878530396596E-003  -1.7628878530396596E-003
         111   3.9677006000098693E-003   3.9677006000098693E-003
         112   1.7455606406284274E-003  -1.7455606406284274E-003
         113   1.7479679893875901E-003  -1.7479679893875901E-003
         114   3.9201627422811762E-003   3.9201627422811762E-003
         115   3.8909530007954171E-003   3.8909530007954171E-003
         116   3.8622799197089936E-003   3.8622799197089936E-003
         117   3.8341286967303262E-003   3.8341286967303262E-003
         118   3.8064850228590177E-003   3.8064850228590177E-003
         119   1.6586148821687158E-003  -1.6586148821687158E-003
         120   1.6607878188716837E-003  -1.6607878188716837E-003
         121   1.6629354347775245E-003  -1.6629354347775245E-003
         122   1.6650578404653249E-003  -1.6650578404653249E-003
         123   1.6671551436653555E-003  -1.6671551436653555E-003
         124   3.7415095768906599E-003   3.7415095768906599E-003
         125   1.6524145923853463E-003  -1.6524145923853463E-003
         126   3.7084971347624814E-003   3.7084971347624814E-003
         127   3.6834797792111738E-003   3.6834797792111738E-003
         128   3.6588822336003288E-003   3.6588822336003288E-003
         129   3.6346938893494739E-003   3.6346938893494739E-003
         130   1.5908286544881341E-003  -1.5908286544881341E-003
         131   1.5927150768455627E-003  -1.5927150768455627E-003
         132   1.5945807947545241E-003  -1.5945807947545241E-003
         133   3.5908375859087195E-003   3.5908375859087195E-003
         134   3.5679445321767939E-003   3.5679445321767939E-003
         135   3.5454165498966959E-003   3.5454165498966959E-003
         136   1.5524848122436075E-003  -1.5524848122436075E-003
         137   1.5542378629598518E-003  -1.5542378629598518E-003
         138   1.5559724192879122E-003  -1.5559724192879122E-003
         139   3.5045362438622931E-003   3.5045362438622931E-003
         140   3.4831678776284384E-003   3.4831678776284384E-003
         141   1.5300877381904717E-003  -1.5300877381904717E-003
         142   1.5317426245867636E-003  -1.5317426245867636E-003
         143   1.5333803787318978E-003  -1.5333803787318978E-003
         144   3.4442586126707175E-003   3.4442586126707175E-003
         145   3.4239589132369699E-003   3.4239589132369699E-003
         146   1.5086995893725929E-003  -1.5086995893725929E-003
         147   3.3982594171354714E-003   3.3982594171354714E-003
         148   1.4975132587420874E-003  -1.4975132587420874E-003
         149   1.4990433819138344E-003  -1.4990433819138344E-003
         150   1.5005581443374811E-003  -1.5005581443374811E-003
         151   1.5020576057082830E-003  -1.5020576057082830E-003
         152   1.5035418347366873E-003  -1.5035418347366873E-003
         153   1.5050108962272762E-003  -1.5050108962272762E-003
         154   3.3452864946772881E-003   3.3452864946772881E-003
         155   3.3267479552795119E-003   3.3267479552795119E-003
         156   3.3084688958328013E-003   3.3084688958328013E-003
         157   1.4703074401985923E-003  -1.4703074401985923E-003
         158   1.4716984515641348E-003  -1.4716984515641348E-003
         159   3.2799900260634652E-003   3.2799900260634652E-003
         160   1.4615089935244296E-003  -1.4615089935244296E-003
         161   3.2573190774109360E-003   3.2573190774109360E-003
         162   1.4515212459986304E-003  -1.4515212459986304E-003
         163   3.2350962204833965E-003   3.2350962204833965E-003
         164   1.4417289515910061E-003  -1.4417289515910061E-003
         165   1.4430231666593873E-003  -1.4430231666593873E-003
         166   3.2083916737606450E-003   3.2083916737606450E-003
         167   1.4334447252058011E-003  -1.4334447252058011E-003
         168   1.4347009217869921E-003  -1.4347009217869921E-003
         169   1.4359451429024903E-003  -1.4359451429024903E-003
         170   1.4371774420015001E-003  -1.4371774420015001E-003
         171   1.4383978690070613E-003  -1.4383978690070613E-003
         172   1.4396064674031799E-003  -1.4396064674031799E-003
         173   1.4408033092839466E-003  -1.4408033092839466E-003
         174   3.1583047246741183E-003   3.1583047246741183E-003
         175   1.4315495270529773E-003  -1.4315495270529773E-003
         176   3.1380532772731619E-003   3.1380532772731619E-003
         177   1.4224667441635522E-003  -1.4224667441635522E-003
         178   1.4236066026842231E-003  -1.4236066026842231E-003
         179   1.4247354903941566E-003  -1.4247354903941566E-003
         180   3.1089590185162880E-003   3.1089590185162880E-003
         181   1.4158634762574773E-003  -1.4158634762574773E-003
         182   3.0896303030843687E-003   3.0896303030843687E-003
         183   1.4071508751845767E-003  -1.4071508751845767E-003
         184   3.0706483543109283E-003   3.0706483543109283E-003
         185   1.3985931739328816E-003  -1.3985931739328816E-003
         186   3.0520033809082791E-003   3.0520033809082791E-003
         187   3.0379715241044434E-003   3.0379715241044434E-003
         188   3.0241046665501758E-003   3.0241046665501758E-003
         189   1.3716629649625734E-003  -1.3716629649625734E-003
         190   1.3726818286805935E-003  -1.3726818286805935E-003
         191   3.0021108959253215E-003   3.0021108959253215E-003
         192   2.9887162720059614E-003   2.9887162720059614E-003
         193   2.9754749611249349E-003   2.9754749611249349E-003
         194   1.3470421281677357E-003  -1.3470421281677357E-003
         195   1.3480166227864733E-003  -1.3480166227864733E-003
         196   2.9545020490650982E-003   2.9545020490650982E-003
         197   1.3403970158376768E-003  -1.3403970158376768E-003
         198   1.3413463020050863E-003  -1.3413463020050863E-003
         199   1.3422873226942383E-003  -1.3422873226942383E-003
         200   1.3432201162263196E-003  -1.3432201162263196E-003
         201   1.3441447028465984E-003  -1.3441447028465984E-003
         202   2.9223731101659049E-003   2.9223731101659049E-003
         203   2.9100500889257192E-003   2.9100500889257192E-003
         204   2.8978608582382508E-003   2.8978608582382508E-003
         205   2.8858032023084722E-003   2.8858032023084722E-003
         206   2.8738749766339848E-003   2.8738749766339848E-003
         207   2.8620740473512393E-003   2.8620740473512393E-003
         208   2.8503983702496982E-003   2.8503983702496982E-003
         209   1.2889221552891659E-003  -1.2889221552891659E-003
         210   2.8353779713311761E-003   2.8353779713311761E-003
         211   2.8240045995028815E-003   2.8240045995028815E-003
         212   1.2746975112956191E-003  -1.2746975112956191E-003
         213   2.8093845248332028E-003   2.8093845248332028E-003
         214   1.2681566242789277E-003  -1.2681566242789277E-003
         215   2.7949876427071896E-003   2.7949876427071896E-003
         216   2.7840719585750656E-003   2.7840719585750656E-003
         217   2.7732670431178464E-003   2.7732670431178464E-003
         218   1.2474496071130934E-003  -1.2474496071130934E-003
         219   1.2482481335250378E-003  -1.2482481335250378E-003
         220   2.7562291324532764E-003   2.7562291324532764E-003
         221   2.7457423974538149E-003   2.7457423974538149E-003
         222   1.2351968085784000E-003  -1.2351968085784000E-003
         223   2.7322797814220263E-003   2.7322797814220263E-003
         224   1.2291917986786297E-003  -1.2291917986786297E-003
         225   1.2299544634592657E-003  -1.2299544634592657E-003
         226   2.7159811107645422E-003   2.7159811107645422E-003
         227   2.7059443234920847E-003   2.7059443234920847E-003
         228   1.2174636988259080E-003  -1.2174636988259080E-003
         229   1.2182038441146405E-003  -1.2182038441146405E-003
         230   2.6901103458809535E-003   2.6901103458809535E-003
         231   1.2124649480808377E-003  -1.2124649480808377E-003
         232   1.2131889725692528E-003  -1.2131889725692528E-003
         233   1.2139077620683194E-003  -1.2139077620683194E-003
         234   2.6716535487914641E-003   2.6716535487914641E-003
         235   1.2082728126351194E-003  -1.2082728126351194E-003
         236   1.2089760918367501E-003  -1.2089760918367501E-003
         237   1.2096742885111516E-003  -1.2096742885111516E-003
         238   1.2103674297309697E-003  -1.2103674297309697E-003
         239   2.6507107214467844E-003   2.6507107214467844E-003
         240   2.6414405018948131E-003   2.6414405018948131E-003
         241   2.6322551968555388E-003   2.6322551968555388E-003
         242   1.1926288401787129E-003  -1.1926288401787129E-003
         243   2.6204141512937897E-003   2.6204141512937897E-003
         244   1.1873059630433853E-003  -1.1873059630433853E-003
         245   2.6087325055623527E-003   2.6087325055623527E-003
         246   1.1820542421387883E-003  -1.1820542421387883E-003
         247   1.1827047340957064E-003  -1.1827047340957064E-003
         248   1.1833507078549410E-003  -1.1833507078549410E-003
         249   1.1839921678901786E-003  -1.1839921678901786E-003
         250   1.1846291291555447E-003  -1.1846291291555447E-003
         251   1.1852616262058259E-003  -1.1852616262058259E-003
         252   2.5839142599192915E-003   2.5839142599192915E-003
         253   1.1801310892734273E-003  -1.1801310892734273E-003
         254   1.1807506265559336E-003  -1.1807506265559336E-003
         255   1.1813658071952494E-003  -1.1813658071952494E-003
         256   2.5675133852102821E-003   2.5675133852102821E-003
         257   2.5591435329715929E-003   2.5591435329715929E-003
         258   2.5508454455813274E-003   2.5508454455813274E-003
         259   2.5426181942454053E-003   2.5426181942454053E-003
         260   1.1597070918115654E-003  -1.1597070918115654E-003
         261   2.5319716310188900E-003   2.5319716310188900E-003
         262   1.1548868541542195E-003  -1.1548868541542195E-003
         263   1.1554704194107900E-003  -1.1554704194107900E-003
         264   2.5190039945314274E-003   2.5190039945314274E-003
         265   2.5110833807237653E-003   2.5110833807237653E-003
         266   2.5032285132793727E-003   2.5032285132793727E-003
         267   1.1402191075051754E-003  -1.1402191075051754E-003
         268   2.4930689916036058E-003   2.4930689916036058E-003
         269   1.1356246777027275E-003  -1.1356246777027275E-003
         270   2.4830341290258220E-003   2.4830341290258220E-003
         271   1.1310862580541281E-003  -1.1310862580541281E-003
         272   1.1316371415853060E-003  -1.1316371415853060E-003
         273   1.1321844563739771E-003  -1.1321844563739771E-003
         274   2.4685043504855952E-003   2.4685043504855952E-003
         275   1.1277177914257891E-003  -1.1277177914257891E-003
         276   1.1282547942840324E-003  -1.1282547942840324E-003
         277   2.4564985685505752E-003   2.4564985685505752E-003
         278   1.1238497897081256E-003  -1.1238497897081256E-003
         279   1.1243767433674059E-003  -1.1243767433674059E-003
         280   2.4446697751481783E-003   2.4446697751481783E-003
         281   2.4374546391017471E-003   2.4374546391017471E-003
         282   1.1152097702232210E-003  -1.1152097702232210E-003
         283   1.1157239521723571E-003  -1.1157239521723571E-003
         284   2.4259030449595470E-003   2.4259030449595470E-003
         285   2.4188554315901383E-003   2.4188554315901383E-003
         286   2.4118621905827834E-003   2.4118621905827834E-003
         287   1.1021035205886992E-003  -1.1021035205886992E-003
         288   1.1026025512351127E-003  -1.1026025512351127E-003
         289   1.1030984938705953E-003  -1.1030984938705953E-003
         290   1.1035913477581843E-003  -1.1035913477581843E-003
         291   2.3964387968001830E-003   2.3964387968001830E-003
         292   2.3896569707353398E-003   2.3896569707353398E-003
         293   1.0949602924993310E-003  -1.0949602924993310E-003
         294   1.0954416407220357E-003  -1.0954416407220357E-003
         295   1.0959200306950561E-003  -1.0959200306950561E-003
         296   2.3767159232051427E-003   2.3767159232051427E-003
         297   1.0919274335288343E-003  -1.0919274335288343E-003
         298   2.3680658285790885E-003   2.3680658285790885E-003
         299   2.3615340795263215E-003   2.3615340795263215E-003
         300   1.0836003706392123E-003  -1.0836003706392123E-003
         301   2.3530486376568092E-003   2.3530486376568092E-003
         302   1.0797319189642016E-003  -1.0797319189642016E-003
         303   1.0801887230981622E-003  -1.0801887230981622E-003
         304   1.0806427871687862E-003  -1.0806427871687862E-003
         305   2.3407027026976124E-003   2.3407027026976124E-003
         306   2.3344065867489322E-003   2.3344065867489322E-003
         307   1.0726028979834053E-003  -1.0726028979834053E-003
         308   2.3262205902658964E-003   2.3262205902658964E-003
         309   1.0688653998538185E-003  -1.0688653998538185E-003
         310   1.0693043982392331E-003  -1.0693043982392331E-003
         311   2.3162101229114072E-003   2.3162101229114072E-003
         312   1.0656132355941867E-003  -1.0656132355941867E-003
         313   1.0660448413329646E-003  -1.0660448413329646E-003
         314   2.3063320501632155E-003   2.3063320501632155E-003
         315   1.0623990711996962E-003  -1.0623990711996962E-003
         316   1.0628234626672728E-003  -1.0628234626672728E-003
         317   1.0632453711277763E-003  -1.0632453711277763E-003
         318   2.2947167731849913E-003   2.2947167731849913E-003
         319   2.2888122348586498E-003   2.2888122348586498E-003
         320   2.2829483838044452E-003   2.2829483838044452E-003
         321   1.0517209183672990E-003  -1.0517209183672990E-003
         322   2.2753123500336334E-003   2.2753123500336334E-003
         323   2.2695487165131758E-003   2.2695487165131758E-003
         324   2.2638242507030215E-003   2.2638242507030215E-003
         325   1.0405056209591675E-003  -1.0405056209591675E-003
         326   2.2563780995881982E-003   2.2563780995881982E-003
         327   1.0371036840577995E-003  -1.0371036840577995E-003
         328   1.0375019026126605E-003  -1.0375019026126605E-003
         329   2.2472665714727111E-003   2.2472665714727111E-003
         330   2.2417142839635078E-003   2.2417142839635078E-003
         331   1.0304119863621692E-003  -1.0304119863621692E-003
         332   1.0308019739625036E-003  -1.0308019739625036E-003
         333   2.2327850723289034E-003   2.2327850723289034E-003
         334   2.2273429749863714E-003   2.2273429749863714E-003
         335   2.2219365735344611E-003   2.2219365735344611E-003
         336   1.0202278260978885E-003  -1.0202278260978885E-003
         337   1.0206080362338771E-003  -1.0206080362338771E-003
         338   2.2132492419728801E-003   2.2132492419728801E-003
         339   1.0174040568978341E-003  -1.0174040568978341E-003
         340   1.0177783918162407E-003  -1.0177783918162407E-003
         341   2.2046675937908849E-003   2.2046675937908849E-003
         342   2.1994355788861183E-003   2.1994355788861183E-003
         343   2.1942370548023236E-003   2.1942370548023236E-003
         344   2.1890716950386390E-003   2.1890716950386390E-003
         345   1.0041533227017404E-003  -1.0041533227017404E-003
         346   2.1823576938200745E-003   2.1823576938200745E-003
         347   1.0010909371500282E-003  -1.0010909371500282E-003
         348   1.0014508288861339E-003  -1.0014508288861339E-003
         349   2.1741427378404038E-003   2.1741427378404038E-003
         350   9.9842228364221660E-004  -9.9842228364221660E-004
         351   9.9877680732089551E-004  -9.9877680732089551E-004
         352   9.9912950059685029E-004  -9.9912950059685029E-004
         353   2.1644770768320370E-003   2.1644770768320370E-003
         354   2.1595365572399982E-003   2.1595365572399982E-003
         355   2.1546265548211658E-003   2.1546265548211658E-003
         356   2.1497467695789016E-003   2.1497467695789016E-003
         357   9.8626236555823419E-004  -9.8626236555823419E-004
         358   9.8660517369691557E-004  -9.8660517369691557E-004
         359   9.8694625290498520E-004  -9.8694625290498520E-004
         360   2.1404175600839050E-003   2.1404175600839050E-003
         361   9.8406044794493715E-004  -9.8406044794493715E-004
         362   9.8439658549691225E-004  -9.8439658549691225E-004
         363   9.8473103278913228E-004  -9.8473103278913228E-004
         364   2.1312117942481864E-003   2.1312117942481864E-003
         365   2.1265092371377959E-003   2.1265092371377959E-003
         366   9.7871980663243128E-004  -9.7871980663243128E-004
         367   9.7904801389630679E-004  -9.7904801389630679E-004
         368   2.1189358787602037E-003   2.1189358787602037E-003
         369   2.1143177192479001E-003   2.1143177192479001E-003
         370   2.1097268870926525E-003   2.1097268870926525E-003
         371   2.1051631258948030E-003   2.1051631258948030E-003
         372   9.6700311528117049E-004  -9.6700311528117049E-004
         373   9.6732251459701523E-004  -9.6732251459701523E-004
         374   9.6764035608291432E-004  -9.6764035608291432E-004
         375   9.6795664992029506E-004  -9.6795664992029506E-004
         376   9.6827139522532993E-004  -9.6827139522532993E-004
         377   2.0936317898289209E-003   2.0936317898289209E-003
         378   2.0891885791663955E-003   2.0891885791663955E-003
         379   2.0847710154091826E-003   2.0847710154091826E-003
         380   9.5961588372522368E-004  -9.5961588372522368E-004
         381   9.5992367615057596E-004  -9.5992367615057596E-004
         382   2.0776551439677118E-003   2.0776551439677118E-003
         383   9.5729239729288804E-004  -9.5729239729288804E-004
         384   2.0719644091377830E-003   2.0719644091377830E-003
         385   2.0676605212563435E-003   2.0676605212563435E-003
         386   9.5179142141382398E-004  -9.5179142141382398E-004
         387   9.5209107198499421E-004  -9.5209107198499421E-004
         388   9.5238930705077174E-004  -9.5238930705077174E-004
         389   9.5268611913577981E-004  -9.5268611913577981E-004
         390   2.0580777500935569E-003   2.0580777500935569E-003
         391   9.5012938023322487E-004  -9.5012938023322487E-004
         392   9.5042220081401573E-004  -9.5042220081401573E-004
         393   2.0512468717885000E-003   2.0512468717885000E-003
         394   2.0470881490668572E-003   2.0470881490668572E-003
         395   9.4508659287302090E-004  -9.4508659287302090E-004
         396   2.0416615757863450E-003   2.0416615757863450E-003
         397   9.4259375279065385E-004  -9.4259375279065385E-004
         398   9.4287903648734980E-004  -9.4287903648734980E-004
         399   9.4316299571143669E-004  -9.4316299571143669E-004
         400   9.4344562119816821E-004  -9.4344562119816821E-004
         401   2.0324466157915699E-003   2.0324466157915699E-003
         402   9.4098408362667228E-004  -9.4098408362667228E-004
         403   9.4126299414180902E-004  -9.4126299414180902E-004
         404   9.4154060263391428E-004  -9.4154060263391428E-004
         405   9.4181691884037612E-004  -9.4181691884037612E-004
         406   2.0233552813041580E-003   2.0233552813041580E-003
         407   9.3938602582680289E-004  -9.3938602582680289E-004
         408   9.3965872609813096E-004  -9.3965872609813096E-004
         409   9.3993015594010020E-004  -9.3993015594010020E-004
         410   9.4020031707082443E-004  -9.4020031707082443E-004
         411   9.4046921597469319E-004  -9.4046921597469319E-004
         412   2.0131362798337968E-003   2.0131362798337968E-003
         413   2.0092464927347598E-003   2.0092464927347598E-003
         414   9.3542350895014549E-004  -9.3542350895014549E-004
         415   9.3568794044237267E-004  -9.3568794044237267E-004
         416   9.3595115398220359E-004  -9.3595115398220359E-004
         417   9.3621313524755521E-004  -9.3621313524755521E-004
         418   9.3647389702082833E-004  -9.3647389702082833E-004
         419   9.3673344569686161E-004  -9.3673344569686161E-004
         420   1.9980158160697232E-003   1.9980158160697232E-003
         421   9.3438747082186030E-004  -9.3438747082186030E-004
         422   9.3464368652662144E-004  -9.3464368652662144E-004
         423   9.3489870855195461E-004  -9.3489870855195461E-004
         424   1.9905894757664636E-003   1.9905894757664636E-003
         425   1.9868543240230989E-003   1.9868543240230989E-003
         426   1.9831383575839622E-003   1.9831383575839622E-003
         427   1.9794414253400277E-003   1.9794414253400277E-003
         428   1.9757633726820976E-003   1.9757633726820976E-003
         429   9.2243643710508997E-004  -9.2243643710508997E-004
         430   9.2268472016126656E-004  -9.2268472016126656E-004
         431   9.2293187231497805E-004  -9.2293187231497805E-004
         432   1.9685980614924559E-003   1.9685980614924559E-003
         433   1.9649864926850552E-003   1.9649864926850552E-003
         434   9.1822484923979192E-004  -9.1822484923979192E-004
         435   9.1846808883077366E-004  -9.1846808883077366E-004
         436   9.1871023535456547E-004  -9.1871023535456547E-004
         437   1.9579438645218761E-003   1.9579438645218761E-003
         438   1.9543968669358293E-003   1.9543968669358293E-003
         439   9.1408217005864922E-004  -9.1408217005864922E-004
         440   9.1432052065138099E-004  -9.1432052065138099E-004
         441   1.9486039153217385E-003   1.9486039153217385E-003
         442   1.9451104799906209E-003   1.9451104799906209E-003
         443   9.0976244024291422E-004  -9.0976244024291422E-004
         444   1.9405190534692370E-003   1.9405190534692370E-003
         445   9.0762453944535600E-004  -9.0762453944535600E-004
         446   9.0785737259105759E-004  -9.0785737259105759E-004
         447   9.0808918375051551E-004  -9.0808918375051551E-004
         448   9.0831996617705935E-004  -9.0831996617705935E-004
         449   1.9326470125136321E-003   1.9326470125136321E-003
         450   9.0620648349328491E-004  -9.0620648349328491E-004
         451   1.9281532297860408E-003   1.9281532297860408E-003
         452   1.9247805007011323E-003   1.9247805007011323E-003
         453   9.0179628205583622E-004  -9.0179628205583622E-004
         454   9.0202181478175891E-004  -9.0202181478175891E-004
         455   1.9192636097805182E-003   1.9192636097805182E-003
         456   8.9995473927785444E-004  -8.9995473927785444E-004
         457   9.0017759498516850E-004  -9.0017759498516850E-004
         458   1.9137974426721952E-003   1.9137974426721952E-003
         459   1.9105067126008865E-003   1.9105067126008865E-003
         460   8.9587005025190659E-004  -8.9587005025190659E-004
         461   8.9608957572853058E-004  -8.9608957572853058E-004
         462   8.9630815147093406E-004  -8.9630815147093406E-004
         463   8.9652578669569601E-004  -8.9652578669569601E-004
         464   1.9030115240780611E-003   1.9030115240780611E-003
         465   8.9451130544846444E-004  -8.9451130544846444E-004
         466   8.9472639974268664E-004  -8.9472639974268664E-004
         467   8.9494056105478249E-004  -8.9494056105478249E-004
         468   8.9515380341419421E-004  -8.9515380341419421E-004
         469   8.9536612470706865E-004  -8.9536612470706865E-004
         470   8.9557753249910768E-004  -8.9557753249910768E-004
         471   8.9578801981567873E-004  -8.9578801981567873E-004
         472   1.8924789209096402E-003   1.8924789209096402E-003
         473   8.9380339590018176E-004  -8.9380339590018176E-004
         474   1.8882889340921306E-003   1.8882889340921306E-003
         475   8.9183281057897456E-004  -8.9183281057897456E-004
         476   8.9203933482983678E-004  -8.9203933482983678E-004
         477   1.8831029372843166E-003   1.8831029372843166E-003
         478   1.8799987381363790E-003   1.8799987381363790E-003
         479   1.8769086610974973E-003   1.8769086610974973E-003
         480   1.8738326037968189E-003   1.8738326037968189E-003
         481   8.8367612091651000E-004  -8.8367612091651000E-004
         482   1.8697709104045276E-003   1.8697709104045276E-003
         483   8.8176858486517344E-004  -8.8176858486517344E-004
         484   1.8657373979864957E-003   1.8657373979864957E-003
         485   1.8627174902639367E-003   1.8627174902639367E-003
         486   1.8597110971869967E-003   1.8597110971869967E-003
         487   8.7571748050529834E-004  -8.7571748050529834E-004
         488   8.7591577184403791E-004  -8.7591577184403791E-004
         489   8.7611324800486478E-004  -8.7611324800486478E-004
         490   1.8537991915758135E-003   1.8537991915758135E-003
         491   1.8508408824960895E-003   1.8508408824960895E-003
         492   1.8478956393412663E-003   1.8478956393412663E-003
         493   8.7018561511943661E-004  -8.7018561511943661E-004
         494   8.7037976444517460E-004  -8.7037976444517460E-004
         495   8.7057311575512795E-004  -8.7057311575512795E-004
         496   1.8421036594953632E-003   1.8421036594953632E-003
         497   1.8392049362592462E-003   1.8392049362592462E-003
         498   1.8363188420232560E-003   1.8363188420232560E-003
         499   1.8334453040702160E-003   1.8334453040702160E-003
         500   8.6278551392579453E-004  -8.6278551392579453E-004
         501   8.6297510516622229E-004  -8.6297510516622229E-004
         502   1.8287263147979725E-003   1.8287263147979725E-003
         503   8.6120066030018715E-004  -8.6120066030018715E-004
         504   1.8249684443717364E-003   1.8249684443717364E-003
         505   8.5943796195037385E-004  -8.5943796195037385E-004
         506   1.8212354265816427E-003   1.8212354265816427E-003
         507   8.5768687669473566E-004  -8.5768687669473566E-004
         508   8.5787187375933026E-004  -8.5787187375933026E-004
         509   1.8166173934425708E-003   1.8166173934425708E-003
         510   8.5613437180006452E-004  -8.5613437180006452E-004
         511   1.8129403410639703E-003   1.8129403410639703E-003
         512   1.8101850016891405E-003   1.8101850016891405E-003
         513   8.5250869374965145E-004  -8.5250869374965145E-004
         514   1.8065487402695814E-003   1.8065487402695814E-003
         515   8.5080283173275353E-004  -8.5080283173275353E-004
         516   8.5098290780181106E-004  -8.5098290780181106E-004
         517   1.8020499334928121E-003   1.8020499334928121E-003
         518   8.4929006462813937E-004  -8.4929006462813937E-004
         519   1.7984673156771929E-003   1.7984673156771929E-003
         520   8.4760808610913059E-004  -8.4760808610913059E-004
         521   8.4778509636700291E-004  -8.4778509636700291E-004
         522   8.4796142104106827E-004  -8.4796142104106827E-004
         523   1.7931601804248103E-003   1.7931601804248103E-003
         524   8.4629412974568982E-004  -8.4629412974568982E-004
         525   1.7896365261188916E-003   1.7896365261188916E-003
         526   1.7869975832336485E-003   1.7869975832336485E-003
         527   8.4281526355306296E-004  -8.4281526355306296E-004
         528   1.7835119590701607E-003   1.7835119590701607E-003
         529   1.7809004121549675E-003   1.7809004121549675E-003
         530   8.3937575908591463E-004  -8.3937575908591463E-004
         531   8.3954705953582446E-004  -8.3954705953582446E-004
         532   8.3971770754885991E-004  -8.3971770754885991E-004
         533   1.7757593244935408E-003   1.7757593244935408E-003
         534   1.7731860807810185E-003   1.7731860807810185E-003
         535   1.7706232238785442E-003   1.7706232238785442E-003
         536   1.7680706966090758E-003   1.7680706966090758E-003
         537   1.7655284335131262E-003   1.7655284335131262E-003
         538   1.7629963723017131E-003   1.7629963723017131E-003
         539   1.7604744456726344E-003   1.7604744456726344E-003
         540   8.2756959452642397E-004  -8.2756959452642397E-004
         541   8.2773583750146435E-004  -8.2773583750146435E-004
         542   8.2790147025143493E-004  -8.2790147025143493E-004
         543   1.7555236759622830E-003   1.7555236759622830E-003
         544   8.2634753126972782E-004  -8.2634753126972782E-004
         545   8.2651151981538110E-004  -8.2651151981538110E-004
         546   1.7514236790146655E-003   1.7514236790146655E-003
         547   1.7489583527979114E-003   1.7489583527979114E-003
         548   1.7465027167685588E-003   1.7465027167685588E-003
         549   8.2158067962502252E-004  -8.2158067962502252E-004
         550   1.7432633725611619E-003   1.7432633725611619E-003
         551   1.7408321181769813E-003   1.7408321181769813E-003
         552   1.7384103490393446E-003   1.7384103490393446E-003
         553   8.1672620422202670E-004  -8.1672620422202670E-004
         554   8.1688588746759209E-004  -8.1688588746759209E-004
         555   1.7344381295888857E-003   1.7344381295888857E-003
         556   1.7320452224856471E-003   1.7320452224856471E-003
         557   8.1374871909582920E-004  -8.1374871909582920E-004
         558   1.7288906394074043E-003   1.7288906394074043E-003
         559   1.7265211164769244E-003   1.7265211164769244E-003
         560   8.1064491644813885E-004  -8.1064491644813885E-004
         561   8.1080128072999881E-004  -8.1080128072999881E-004
         562   1.7226365365771888E-003   1.7226365365771888E-003
         563   8.0934186753785036E-004  -8.0934186753785036E-004
         564   8.0949674235029846E-004  -8.0949674235029846E-004
         565   8.0965107379476478E-004  -8.0965107379476478E-004
         566   1.7180245007915105E-003   1.7180245007915105E-003
         567   8.0820339747552804E-004  -8.0820339747552804E-004
         568   1.7149543057634242E-003   1.7149543057634242E-003
         569   8.0676416297499479E-004  -8.0676416297499479E-004
         570   1.7119020129847669E-003   1.7119020129847669E-003
         571   1.7096105403879597E-003   1.7096105403879597E-003
         572   8.0375759739707755E-004  -8.0375759739707755E-004
         573   1.7065883720180446E-003   1.7065883720180446E-003
         574   8.0234169324265125E-004  -8.0234169324265125E-004
         575   8.0249146583571897E-004  -8.0249146583571897E-004
         576   1.7028491315429807E-003   1.7028491315429807E-003
         577   8.0108522439344522E-004  -8.0108522439344522E-004
         578   8.0123359351759547E-004  -8.0123359351759547E-004
         579   1.6991369595617677E-003   1.6991369595617677E-003
         580   7.9983690291048580E-004  -7.9983690291048580E-004
         581   7.9998389412985814E-004  -7.9998389412985814E-004
         582   8.0013038574258395E-004  -8.0013038574258395E-004
         583   1.6947269110022679E-003   1.6947269110022679E-003
         584   7.9874461874672074E-004  -7.9874461874672074E-004
         585   1.6917933361909915E-003   1.6917933361909915E-003
         586   1.6895927820628511E-003   1.6895927820628511E-003
         587   1.6874002708071533E-003   1.6874002708071533E-003
         588   7.9434057396128382E-004  -7.9434057396128382E-004
         589   7.9448416237719451E-004  -7.9448416237719451E-004
         590   1.6837976094243722E-003   1.6837976094243722E-003
         591   7.9312794279525628E-004  -7.9312794279525628E-004
         592   1.6809247998756712E-003   1.6809247998756712E-003
         593   1.6787689490188242E-003   1.6787689490188242E-003
         594   1.6766208800069846E-003   1.6766208800069846E-003
         595   7.8881675126667898E-004  -7.8881675126667898E-004
         596   1.6737864909461154E-003   1.6737864909461154E-003
         597   1.6716580150950208E-003   1.6716580150950208E-003
         598   7.8602413093258776E-004  -7.8602413093258776E-004
         599   1.6688503186783456E-003   1.6688503186783456E-003
         600   1.6667411461657791E-003   1.6667411461657791E-003
         601   7.8325906964334634E-004  -7.8325906964334634E-004
         602   1.6639597404472318E-003   1.6639597404472318E-003
         603   1.6618695884239902E-003   1.6618695884239902E-003
         604   1.6597868453967284E-003   1.6597868453967284E-003
         605   1.6577114607563470E-003   1.6577114607563470E-003
         606   1.6556433970841505E-003   1.6556433970841505E-003
         607   1.6535826152483737E-003   1.6535826152483737E-003
         608   7.7484071680850855E-004  -7.7484071680850855E-004
         609   7.7497685361344471E-004  -7.7497685361344471E-004
         610   7.7511255599465982E-004  -7.7511255599465982E-004
         611   1.6495504370673487E-003   1.6495504370673487E-003
         612   1.6475157198070844E-003   1.6475157198070844E-003
         613   7.7245357640662131E-004  -7.7245357640662131E-004
         614   1.6448356310749376E-003   1.6448356310749376E-003
         615   1.6428188584553505E-003   1.6428188584553505E-003
         616   1.6408090735418061E-003   1.6408090735418061E-003
         617   1.6388062333735137E-003   1.6388062333735137E-003
         618   7.6707526000531154E-004  -7.6707526000531154E-004
         619   7.6720779145208746E-004  -7.6720779145208746E-004
         620   1.6355310000154791E-003   1.6355310000154791E-003
         621   7.6597925699135286E-004  -7.6597925699135286E-004
         622   1.6329132958957425E-003   1.6329132958957425E-003
         623   1.6309421082792938E-003   1.6309421082792938E-003
         624   7.6340929999696872E-004  -7.6340929999696872E-004
         625   7.6353968290340866E-004  -7.6353968290340866E-004
         626   7.6366966510689970E-004  -7.6366966510689970E-004
         627   7.6379924287221627E-004  -7.6379924287221627E-004
         628   7.6392841744799824E-004  -7.6392841744799824E-004
         629   1.6258328780586913E-003   1.6258328780586913E-003
         630   1.6238930953185004E-003   1.6238930953185004E-003
         631   1.6219598642572203E-003   1.6219598642572203E-003
         632   7.6007011235869251E-004  -7.6007011235869251E-004
         633   1.6194139946227107E-003   1.6194139946227107E-003
         634   7.5888083980142347E-004  -7.5888083980142347E-004
         635   7.5900766368638105E-004  -7.5900766368638105E-004
         636   1.6162657877831466E-003   1.6162657877831466E-003
         637   1.6143624299011486E-003   1.6143624299011486E-003
         638   1.6124654281995906E-003   1.6124654281995906E-003
         639   1.6105747437198750E-003   1.6105747437198750E-003
         640   7.5393169949515700E-004  -7.5393169949515700E-004
         641   1.6080862412691257E-003   1.6080862412691257E-003
         642   1.6062114763136389E-003   1.6062114763136389E-003
         643   1.6043429135438095E-003   1.6043429135438095E-003
         644   1.6024805179498938E-003   1.6024805179498938E-003
         645   7.4894217794196395E-004  -7.4894217794196395E-004
         646   7.4906560578648146E-004  -7.4906560578648146E-004
         647   7.4918866883890638E-004  -7.4918866883890638E-004
         648   1.5988464236370522E-003   1.5988464236370522E-003
         649   1.5970061260326199E-003   1.5970061260326199E-003
         650   7.4679297096623539E-004  -7.4679297096623539E-004
         651   1.5945852125172407E-003   1.5945852125172407E-003
         652   1.5927601516486940E-003   1.5927601516486940E-003
         653   1.5909410213842839E-003   1.5909410213842839E-003
         654   7.4317810545204569E-004  -7.4317810545204569E-004
         655   1.5885492444083266E-003   1.5885492444083266E-003
         656   1.5867450664342271E-003   1.5867450664342271E-003
         657   7.4083448026724557E-004  -7.4083448026724557E-004
         658   7.4095421639468889E-004  -7.4095421639468889E-004
         659   7.4107361482902642E-004  -7.4107361482902642E-004
         660   1.5832283263091504E-003   1.5832283263091504E-003
         661   7.3997182402476766E-004  -7.3997182402476766E-004
         662   1.5808755260014813E-003   1.5808755260014813E-003
         663   1.5791011345930579E-003   1.5791011345930579E-003
         664   1.5773324070712446E-003   1.5773324070712446E-003
         665   7.3645975448695519E-004  -7.3645975448695519E-004
         666   7.3657708456418495E-004  -7.3657708456418495E-004
         667   1.5744458581927157E-003   1.5744458581927157E-003
         668   1.5726944313158655E-003   1.5726944313158655E-003
         669   7.3430204793010817E-004  -7.3430204793010817E-004
         670   1.5703921426662762E-003   1.5703921426662762E-003
         671   7.3323028742057266E-004  -7.3323028742057266E-004
         672   7.3334586048448016E-004  -7.3334586048448016E-004
         673   1.5675477081463051E-003   1.5675477081463051E-003
         674   1.5658217153216487E-003   1.5658217153216487E-003
         675   1.5641011402553326E-003   1.5641011402553326E-003
         676   7.2993191054104508E-004  -7.2993191054104508E-004
         677   1.5618399387423200E-003   1.5618399387423200E-003
         678   1.5601330157826207E-003   1.5601330157826207E-003
         679   1.5584314107660768E-003   1.5584314107660768E-003
         680   7.2656008129923580E-004  -7.2656008129923580E-004
         681   1.5561962847206788E-003   1.5561962847206788E-003
         682   1.5545080809591513E-003   1.5545080809591513E-003
         683   1.5528251174738337E-003   1.5528251174738337E-003
         684   1.5511473469317744E-003   1.5511473469317744E-003
         685   7.2209012838700285E-004  -7.2209012838700285E-004
         686   7.2220197778624781E-004  -7.2220197778624781E-004
         687   7.2231352628708187E-004  -7.2231352628708187E-004
         688   7.2242476748445874E-004  -7.2242476748445874E-004
         689   1.5473584666306868E-003   1.5473584666306868E-003
         690   1.5457020860348808E-003   1.5457020860348808E-003
         691   7.2027918261108662E-004  -7.2027918261108662E-004
         692   1.5435268447898532E-003   1.5435268447898532E-003
         693   7.1926845738514128E-004  -7.1926845738514128E-004
         694   1.5413618339557419E-003   1.5413618339557419E-003
         695   7.1826247751424852E-004  -7.1826247751424852E-004
         696   7.1837158577247380E-004  -7.1837158577247380E-004
         697   1.5386882626771620E-003   1.5386882626771620E-003
         698   7.1737120714055131E-004  -7.1737120714055131E-004
         699   7.1747950338444018E-004  -7.1747950338444018E-004
         700   1.5360304674150360E-003   1.5360304674150360E-003
         701   1.5344151379980376E-003   1.5344151379980376E-003
         702   1.5328046730757200E-003   1.5328046730757200E-003
         703   1.5311990373441920E-003   1.5311990373441920E-003
         704   1.5295982198551966E-003   1.5295982198551966E-003
         705   7.1211266357458839E-004  -7.1211266357458839E-004
         706   1.5274968850931274E-003   1.5274968850931274E-003
         707   1.5259081982027646E-003   1.5259081982027646E-003
         708   1.5243242383762895E-003   1.5243242383762895E-003
         709   7.0898437238414149E-004  -7.0898437238414149E-004
         710   1.5222460474593072E-003   1.5222460474593072E-003
         711   7.0802048765872890E-004  -7.0802048765872890E-004
         712   7.0812564931754828E-004  -7.0812564931754828E-004
         713   7.0823053258311857E-004  -7.0823053258311857E-004
         714   1.5191848925648003E-003   1.5191848925648003E-003
         715   7.0727272246701395E-004  -7.0727272246701395E-004
         716   7.0737685032493407E-004  -7.0737685032493407E-004
         717   7.0748070113135276E-004  -7.0748070113135276E-004
         718   1.5161443804248692E-003   1.5161443804248692E-003
         719   1.5145965178451739E-003   1.5145965178451739E-003
         720   1.5130531849144959E-003   1.5130531849144959E-003
         721   7.0442915208067348E-004  -7.0442915208067348E-004
         722   7.0453183713019903E-004  -7.0453183713019903E-004
         723   7.0463425254754081E-004  -7.0463425254754081E-004
         724   1.5100537167156835E-003   1.5100537167156835E-003
         725   7.0369525278951496E-004  -7.0369525278951496E-004
         726   7.0379693394378409E-004  -7.0379693394378409E-004
         727   7.0389835096514746E-004  -7.0389835096514746E-004
         728   1.5070742162705331E-003   1.5070742162705331E-003
         729   7.0296516842212504E-004  -7.0296516842212504E-004
         730   7.0306586298214647E-004  -7.0306586298214647E-004
         731   7.0316629213784492E-004  -7.0316629213784492E-004
         732   1.5041144545008885E-003   1.5041144545008885E-003
         733   7.0223886565849898E-004  -7.0223886565849898E-004
         734   1.5021314243823497E-003   1.5021314243823497E-003
         735   1.5006340675923404E-003   1.5006340675923404E-003
         736   7.0029598453446738E-004  -7.0029598453446738E-004
         737   1.4986659461735732E-003   1.4986659461735732E-003
         738   1.4971794437589961E-003   1.4971794437589961E-003
         739   1.4956971829756397E-003   1.4956971829756397E-003
         740   6.9736022025396866E-004  -6.9736022025396866E-004
         741   1.4937498052434699E-003   1.4937498052434699E-003
         742   1.4922782294039968E-003   1.4922782294039968E-003
         743   1.4908108179153001E-003   1.4908108179153001E-003
         744   1.4893475479894041E-003   1.4893475479894041E-003
         745   6.9346367483753694E-004  -6.9346367483753694E-004
         746   1.4874264628801611E-003   1.4874264628801611E-003
         747   1.4859736620141538E-003   1.4859736620141538E-003
         748   6.9158555291929345E-004  -6.9158555291929345E-004
         749   6.9168215466365243E-004  -6.9168215466365243E-004
         750   6.9177851362314791E-004  -6.9177851362314791E-004
         751   6.9187464357033644E-004  -6.9187464357033644E-004
         752   6.9197052102955075E-004  -6.9197052102955075E-004
         753   1.4822364866602454E-003   1.4822364866602454E-003
         754   6.9108834933921497E-004  -6.9108834933921497E-004
         755   1.4803475601893549E-003   1.4803475601893549E-003
         756   1.4789199999603140E-003   1.4789199999603140E-003
         757   6.8923957469921987E-004  -6.8923957469921987E-004
         758   6.8933419443266051E-004  -6.8933419443266051E-004
         759   6.8942858084352753E-004  -6.8942858084352753E-004
         760   1.4761424721161827E-003   1.4761424721161827E-003
         761   1.4747292168416110E-003   1.4747292168416110E-003
         762   1.4733198580647198E-003   1.4733198580647198E-003
         763   1.4719143811133659E-003   1.4719143811133659E-003
         764   6.8568439670927545E-004  -6.8568439670927545E-004
         765   1.4700686069136846E-003   1.4700686069136846E-003
         766   6.8482678752167529E-004  -6.8482678752167529E-004
         767   6.8491959403343397E-004  -6.8491959403343397E-004
         768   6.8501217108312893E-004  -6.8501217108312893E-004
         769   1.4673468210885795E-003   1.4673468210885795E-003
         770   6.8415958982922501E-004  -6.8415958982922501E-004
         771   6.8425154345026881E-004  -6.8425154345026881E-004
         772   1.4650815359893293E-003   1.4650815359893293E-003
         773   6.8340323736203407E-004  -6.8340323736203407E-004
         774   6.8349457561900384E-004  -6.8349457561900384E-004
         775   1.4628282855185643E-003   1.4628282855185643E-003
         776   6.8265051502995611E-004  -6.8265051502995611E-004
         777   1.4610224928399927E-003   1.4610224928399927E-003
         778   1.4596581796517006E-003   1.4596581796517006E-003
         779   1.4582975395757941E-003   1.4582975395757941E-003
         780   1.4569405585108848E-003   1.4569405585108848E-003
         781   6.7903401739009589E-004  -6.7903401739009589E-004
         782   6.7912385295094654E-004  -6.7912385295094654E-004
         783   6.7921347457622935E-004  -6.7921347457622935E-004
         784   6.7930288076393358E-004  -6.7930288076393358E-004
         785   1.4538716008820397E-003   1.4538716008820397E-003
         786   1.4525297450556319E-003   1.4525297450556319E-003
         787   6.7756322064756744E-004  -6.7756322064756744E-004
         788   1.4507662027542609E-003   1.4507662027542609E-003
         789   6.7674265653679382E-004  -6.7674265653679382E-004
         790   6.7683093580495166E-004  -6.7683093580495166E-004
         791   1.4485866249322268E-003   1.4485866249322268E-003
         792   1.4472612116708087E-003   1.4472612116708087E-003
         793   6.7511261886890649E-004  -6.7511261886890649E-004
         794   6.7520016024987667E-004  -6.7520016024987667E-004
         795   1.4450994268913244E-003   1.4450994268913244E-003
         796   6.7439026224620443E-004  -6.7439026224620443E-004
         797   1.4433666832822730E-003   1.4433666832822730E-003
         798   6.7358365410851849E-004  -6.7358365410851849E-004
         799   6.7367026301114435E-004  -6.7367026301114435E-004
         800   1.4412247782523810E-003   1.4412247782523810E-003
         801   6.7286756272553886E-004  -6.7286756272553886E-004
         802   1.4395081441975841E-003   1.4395081441975841E-003
         803   1.4382112567125293E-003   1.4382112567125293E-003
         804   1.4369177503037794E-003   1.4369177503037794E-003
         805   1.4356276113589191E-003   1.4356276113589191E-003
         806   6.6942797390497717E-004  -6.6942797390497717E-004
         807   6.6951320602853229E-004  -6.6951320602853229E-004
         808   6.6959824306952890E-004  -6.6959824306952890E-004
         809   1.4331159245304953E-003   1.4331159245304953E-003
         810   6.6881091695589103E-004  -6.6881091695589103E-004
         811   1.4314314566619773E-003   1.4314314566619773E-003
         812   6.6802673006352120E-004  -6.6802673006352120E-004
         813   1.4297536987778556E-003   1.4297536987778556E-003
         814   1.4284858247510133E-003   1.4284858247510133E-003
         815   6.6638309229123855E-004  -6.6638309229123855E-004
         816   1.4268193882266173E-003   1.4268193882266173E-003
         817   6.6560759995899332E-004  -6.6560759995899332E-004
         818   1.4251595455784523E-003   1.4251595455784523E-003
         819   1.4239049049490460E-003   1.4239049049490460E-003
         820   1.4226534590355533E-003   1.4226534590355533E-003
         821   1.4214052008438359E-003   1.4214052008438359E-003
         822   6.6228344440515672E-004  -6.6228344440515672E-004
         823   1.4197655497388954E-003   1.4197655497388954E-003
         824   1.4185253415249120E-003   1.4185253415249120E-003
         825   1.4172882702275489E-003   1.4172882702275489E-003
         826   6.5983959450193852E-004  -6.5983959450193852E-004
         827   1.4156639791757188E-003   1.4156639791757188E-003
         828   1.4144348415024595E-003   1.4144348415024595E-003
         829   1.4132088000014804E-003   1.4132088000014804E-003
         830   6.5742005458407199E-004  -6.5742005458407199E-004
         831   6.5750136924790775E-004  -6.5750136924790775E-004
         832   6.5758249879722573E-004  -6.5758249879722573E-004
         833   1.4108278378260404E-003   1.4108278378260404E-003
         834   1.4096129460960450E-003   1.4096129460960450E-003
         835   1.4084010815326408E-003   1.4084010815326408E-003
         836   6.5519101497012904E-004  -6.5519101497012904E-004
         837   6.5527136901302296E-004  -6.5527136901302296E-004
         838   6.5535154106898940E-004  -6.5535154106898940E-004
         839   1.4060476290540490E-003   1.4060476290540490E-003
         840   1.4048467023256245E-003   1.4048467023256245E-003
         841   1.4036487556395808E-003   1.4036487556395808E-003
         842   6.5298757355990633E-004  -6.5298757355990633E-004
         843   1.4020764211239503E-003   1.4020764211239503E-003
         844   6.5225783796575652E-004  -6.5225783796575652E-004
         845   6.5233693668257211E-004  -6.5233693668257211E-004
         846   1.4001343634198770E-003   1.4001343634198770E-003
         847   6.5161052386288271E-004  -6.5161052386288271E-004
         848   6.5168914101748534E-004  -6.5168914101748534E-004
         849   1.3982016780225066E-003   1.3982016780225066E-003
         850   1.3970234541534662E-003   1.3970234541534662E-003
         851   6.5016681091510523E-004  -6.5016681091510523E-004
         852   6.5024481808243330E-004  -6.5024481808243330E-004
         853   1.3951053939349840E-003   1.3951053939349840E-003
         854   6.4952716799776197E-004  -6.4952716799776197E-004
         855   1.3935661911048543E-003   1.3935661911048543E-003
         856   6.4881221731667292E-004  -6.4881221731667292E-004
         857   1.3920327799776492E-003   1.3920327799776492E-003
         858   1.3908722164179914E-003   1.3908722164179914E-003
         859   6.4731272434725659E-004  -6.4731272434725659E-004
         860   6.4738953959753642E-004  -6.4738953959753642E-004
         861   6.4746618476581612E-004  -6.4746618476581612E-004
         862   6.4754266428659456E-004  -6.4754266428659456E-004
         863   1.3882519955231779E-003   1.3882519955231779E-003
         864   1.3871031342406110E-003   1.3871031342406110E-003
         865   6.4605679549568570E-004  -6.4605679549568570E-004
         866   1.3855942348701546E-003   1.3855942348701546E-003
         867   6.4535562731829813E-004  -6.4535562731829813E-004
         868   6.4543123318396933E-004  -6.4543123318396933E-004
         869   1.3837296642237055E-003   1.3837296642237055E-003
         870   1.3825935449178651E-003   1.3825935449178651E-003
         871   1.3814601346547892E-003   1.3814601346547892E-003
         872   1.3803294336434573E-003   1.3803294336434573E-003
         873   6.4242578180941578E-004  -6.4242578180941578E-004
         874   6.4250057507781008E-004  -6.4250057507781008E-004
         875   1.3784886253050094E-003   1.3784886253050094E-003
         876   6.4181174430424134E-004  -6.4181174430424134E-004
         877   1.3770112241198792E-003   1.3770112241198792E-003
         878   6.4112543880789853E-004  -6.4112543880789853E-004
         879   1.3755392370073498E-003   1.3755392370073498E-003
         880   1.3744250293309653E-003   1.3744250293309653E-003
         881   6.3968589816576721E-004  -6.3968589816576721E-004
         882   1.3729621727689625E-003   1.3729621727689625E-003
         883   6.3900658572750601E-004  -6.3900658572750601E-004
         884   1.3715046372508237E-003   1.3715046372508237E-003
         885   6.3832974316098022E-004  -6.3832974316098022E-004
         886   1.3700524033615445E-003   1.3700524033615445E-003
         887   1.3689528936170941E-003   1.3689528936170941E-003
         888   1.3678559576446644E-003   1.3678559576446644E-003
         889   6.3616653787620990E-004  -6.3616653787620990E-004
         890   1.3664162952705249E-003   1.3664162952705249E-003
         891   1.3653258676333926E-003   1.3653258676333926E-003
         892   6.3475982831211837E-004  -6.3475982831211837E-004
         893   6.3483206287780734E-004  -6.3483206287780734E-004
         894   1.3635522045265542E-003   1.3635522045265542E-003
         895   6.3416879281016610E-004  -6.3416879281016610E-004
         896   6.3424061481176942E-004  -6.3424061481176942E-004
         897   1.3617866214805804E-003   1.3617866214805804E-003
         898   6.3358019210101989E-004  -6.3358019210101989E-004
         899   1.3603690706688425E-003   1.3603690706688425E-003
         900   6.3292212155511781E-004  -6.3292212155511781E-004
         901   6.3299327585371790E-004  -6.3299327585371790E-004
         902   6.3306428281236470E-004  -6.3306428281236470E-004
         903   6.3313514514112997E-004  -6.3313514514112997E-004
         904   6.3320585778773241E-004  -6.3320585778773241E-004
         905   6.3327643208771782E-004  -6.3327643208771782E-004
         906   1.3572641960826707E-003   1.3572641960826707E-003
         907   6.3262303226047393E-004  -6.3262303226047393E-004
         908   1.3558642523425334E-003   1.3558642523425334E-003
         909   1.3548050173031341E-003   1.3548050173031341E-003
         910   1.3537481971258179E-003   1.3537481971258179E-003
         911   6.3053527005841800E-004  -6.3053527005841800E-004
         912   6.3060497057793518E-004  -6.3060497057793518E-004
         913   6.3067452726787456E-004  -6.3067452726787456E-004
         914   1.3516931402014277E-003   1.3516931402014277E-003
         915   6.3003029841984489E-004  -6.3003029841984489E-004
         916   6.3009946241783966E-004  -6.3009946241783966E-004
         917   1.3499807731208353E-003   1.3499807731208353E-003
         918   1.3489376545630413E-003   1.3489376545630413E-003
         919   6.2874929850667018E-004  -6.2874929850667018E-004
         920   1.3475669944330525E-003   1.3475669944330525E-003
         921   1.3465298591769667E-003   1.3465298591769667E-003
         922   1.3454950525061326E-003   1.3454950525061326E-003
         923   1.3444625690768621E-003   1.3444625690768621E-003
         924   6.2600458722412370E-004  -6.2600458722412370E-004
         925   1.3431066210667216E-003   1.3431066210667216E-003
         926   1.3420800207962365E-003   1.3420800207962365E-003
         927   6.2467833954313789E-004  -6.2467833954313789E-004
         928   6.2474609879940792E-004  -6.2474609879940792E-004
         929   1.3404085197808991E-003   1.3404085197808991E-003
         930   6.2412045142335674E-004  -6.2412045142335674E-004
         931   6.2418783782071938E-004  -6.2418783782071938E-004
         932   6.2425509055516275E-004  -6.2425509055516275E-004
         933   1.3384222342459309E-003   1.3384222342459309E-003
         934   1.3374086986817383E-003   1.3374086986817383E-003
         935   1.3363974033919783E-003   1.3363974033919783E-003
         936   1.3353883472727109E-003   1.3353883472727109E-003
         937   1.3343815214241844E-003   1.3343815214241844E-003
         938   1.3333769117440093E-003   1.3333769117440093E-003
         939   6.2021072305112153E-004  -6.2021072305112153E-004
         940   6.2027709445904695E-004  -6.2027709445904695E-004
         941   1.3317421278969941E-003   1.3317421278969941E-003
         942   1.3307443499786466E-003   1.3307443499786466E-003
         943   6.1898930865973071E-004  -6.1898930865973071E-004
         944   6.1905522392825504E-004  -6.1905522392825504E-004
         945   1.3291206675716317E-003   1.3291206675716317E-003
         946   1.3281296435916059E-003   1.3281296435916059E-003
         947   1.3271407809562720E-003   1.3271407809562720E-003
         948   1.3261540741554545E-003   1.3261540741554545E-003
         949   6.1643826304666927E-004  -6.1643826304666927E-004
         950   1.3248593423118929E-003   1.3248593423118929E-003
         951   1.3238781000004813E-003   1.3238781000004813E-003
         952   6.1517357477135649E-004  -6.1517357477135649E-004
         953   6.1523850841842536E-004  -6.1523850841842536E-004
         954   1.3222826639396547E-003   1.3222826639396547E-003
         955   1.3213079877315993E-003   1.3213079877315993E-003
         956   1.3203354213292687E-003   1.3203354213292687E-003
         957   1.3193649496252837E-003   1.3193649496252837E-003
         958   1.3183965705166150E-003   1.3183965705166150E-003
         959   1.3174302749538970E-003   1.3174302749538970E-003
         960   6.1136043574372195E-004  -6.1136043574372195E-004
         961   1.3161634060697557E-003   1.3161634060697557E-003
         962   6.1077375350424468E-004  -6.1077375350424468E-004
         963   6.1083763609158753E-004  -6.1083763609158753E-004
         964   1.3145992395431252E-003   1.3145992395431252E-003
         965   1.3136425278373809E-003   1.3136425278373809E-003
         966   1.3126878587647443E-003   1.3126878587647443E-003
         967   1.3117352266989728E-003   1.3117352266989728E-003
         968   6.0831877137268269E-004  -6.0831877137268269E-004
         969   6.0838203396375550E-004  -6.0838203396375550E-004
         970   1.3101888750770049E-003   1.3101888750770049E-003
         971   1.3092425018997509E-003   1.3092425018997509E-003
         972   1.3082981335010618E-003   1.3082981335010618E-003
         973   6.0652823437885525E-004  -6.0652823437885525E-004
         974   6.0659097483596667E-004  -6.0659097483596667E-004
         975   6.0665360517835520E-004  -6.0665360517835520E-004
         976   6.0671611594069464E-004  -6.0671611594069464E-004
         977   1.3061759858996390E-003   1.3061759858996390E-003
         978   6.0614470069876841E-004  -6.0614470069876841E-004
         979   1.3049461703128150E-003   1.3049461703128150E-003
         980   1.3040131881094470E-003   1.3040131881094470E-003
         981   1.3030821651965137E-003   1.3030821651965137E-003
         982   6.0431638365646600E-004  -6.0431638365646600E-004
         983   1.3018619069279718E-003   1.3018619069279718E-003
         984   1.3009358463206624E-003   1.3009358463206624E-003
         985   1.3000117210111566E-003   1.3000117210111566E-003
         986   6.0250315326332413E-004  -6.0250315326332413E-004
         987   1.2988009073113789E-003   1.2988009073113789E-003
         988   6.0194311975733000E-004  -6.0194311975733000E-004
         989   6.0200432666310396E-004  -6.0200432666310396E-004
         990   1.2973064442755085E-003   1.2973064442755085E-003
         991   1.2963912199532286E-003   1.2963912199532286E-003
         992   6.0082901702827245E-004  -6.0082901702827245E-004
         993   1.2951920625182086E-003   1.2951920625182086E-003
         994   6.0027435926274415E-004  -6.0027435926274415E-004
         995   1.2939967474401967E-003   1.2939967474401967E-003
         996   1.2930892603871184E-003   1.2930892603871184E-003
         997   5.9910949039952319E-004  -5.9910949039952319E-004
         998   1.2919004266930675E-003   1.2919004266930675E-003
         999   1.2909976980361206E-003   1.2909976980361206E-003
        1000   1.2900968254029692E-003   1.2900968254029692E-003
        1001   1.2891978012423723E-003   1.2891978012423723E-003
        1002   1.2883006275842955E-003   1.2883006275842955E-003
        1003   1.2874052872800890E-003   1.2874052872800890E-003
        1004   5.9553177484046799E-004  -5.9553177484046799E-004
        1005   1.2862333124121232E-003   1.2862333124121232E-003
        1006   1.2853426285571005E-003   1.2853426285571005E-003
        1007   5.9439140801292520E-004  -5.9439140801292520E-004
        1008   5.9445081645360519E-004  -5.9445081645360519E-004
        1009   5.9451012388291198E-004  -5.9451012388291198E-004
        1010   5.9456932253571578E-004  -5.9456932253571578E-004
        1011   5.9462842034589073E-004  -5.9462842034589073E-004
        1012   5.9468740780133794E-004  -5.9468740780133794E-004
        1013   5.9474629370899381E-004  -5.9474629370899381E-004
        1014   1.2825184858131021E-003   1.2825184858131021E-003
        1015   1.2816383085587763E-003   1.2816383085587763E-003
        1016   1.2807599111613588E-003   1.2807599111613588E-003
        1017   1.2798832886100119E-003   1.2798832886100119E-003
        1018   1.2790084350161512E-003   1.2790084350161512E-003
        1019   1.2781353409938780E-003   1.2781353409938780E-003
        1020   5.9125790308089141E-004  -5.9125790308089141E-004
        1021   5.9131607884050968E-004  -5.9131607884050968E-004
        1022   5.9137415336049334E-004  -5.9137415336049334E-004
        1023   1.2764497025444703E-003   1.2764497025444703E-003
        1024   1.2755829855464343E-003   1.2755829855464343E-003
        1025   5.9026356236683002E-004  -5.9026356236683002E-004
        1026   1.2744482494754781E-003   1.2744482494754781E-003
        1027   1.2735859412811852E-003   1.2735859412811852E-003
        1028   1.2727253525046268E-003   1.2727253525046268E-003
        1029   5.8858005044992820E-004  -5.8858005044992820E-004
        1030   1.2715989953407353E-003   1.2715989953407353E-003
        1031   5.8806016148159183E-004  -5.8806016148159183E-004
        1032   5.8811734178455203E-004  -5.8811734178455203E-004
        1033   5.8817442476687381E-004  -5.8817442476687381E-004
        1034   1.2699431289939149E-003   1.2699431289939149E-003
        1035   5.8765677763504890E-004  -5.8765677763504890E-004
        1036   1.2688257695164927E-003   1.2688257695164927E-003
        1037   5.8714072106524884E-004  -5.8714072106524884E-004
        1038   5.8719734902878669E-004  -5.8719734902878669E-004
        1039   5.8725387764850295E-004  -5.8725387764850295E-004
        1040   5.8731030874983815E-004  -5.8731030874983815E-004
        1041   1.2669181111235588E-003   1.2669181111235588E-003
        1042   1.2660743091486813E-003   1.2660743091486813E-003
        1043   5.8622824656585221E-004  -5.8622824656585221E-004
        1044   5.8628432755929768E-004  -5.8628432755929768E-004
        1045   5.8634031067192598E-004  -5.8634031067192598E-004
        1046   1.2644436148578255E-003   1.2644436148578255E-003
        1047   5.8583022014983041E-004  -5.8583022014983041E-004
        1048   5.8588593597094774E-004  -5.8588593597094774E-004
        1049   1.2630820658932841E-003   1.2630820658932841E-003
        1050   5.8537770236019788E-004  -5.8537770236019788E-004
        1051   1.2619866794277054E-003   1.2619866794277054E-003
        1052   1.2611548496145977E-003   1.2611548496145977E-003
        1053   1.2603246380279601E-003   1.2603246380279601E-003
        1054   1.2594960447587873E-003   1.2594960447587873E-003
        1055   5.8319230802191641E-004  -5.8319230802191641E-004
        1056   1.2584108347616647E-003   1.2584108347616647E-003
        1057   1.2575863300597115E-003   1.2575863300597115E-003
        1058   5.8213543394067897E-004  -5.8213543394067897E-004
        1059   1.2565066419220579E-003   1.2565066419220579E-003
        1060   1.2556861972252236E-003   1.2556861972252236E-003
        1061   5.8108418781769927E-004  -5.8108418781769927E-004
        1062   5.8113875256888788E-004  -5.8113875256888788E-004
        1063   5.8119322490156084E-004  -5.8119322490156084E-004
        1064   5.8124760137875269E-004  -5.8124760137875269E-004
        1065   1.2538465563942879E-003   1.2538465563942879E-003
        1066   5.8075232865288618E-004  -5.8075232865288618E-004
        1067   5.8080645031962567E-004  -5.8080645031962567E-004
        1068   5.8086048436658633E-004  -5.8086048436658633E-004
        1069   5.8091442735526487E-004  -5.8091442735526487E-004
        1070   5.8096827760035477E-004  -5.8096827760035477E-004
        1071   5.8102203868035812E-004  -5.8102203868035812E-004
        1072   5.8107570978726110E-004  -5.8107570978726110E-004
        1073   5.8112929011251973E-004  -5.8112929011251973E-004
        1074   1.2510014875421812E-003   1.2510014875421812E-003
        1075   1.2501960218498135E-003   1.2501960218498135E-003
        1076   1.2493920853280940E-003   1.2493920853280940E-003
        1077   1.2485896806289361E-003   1.2485896806289361E-003
        1078   1.2477888016228711E-003   1.2477888016228711E-003
        1079   5.7846896397826674E-004  -5.7846896397826674E-004
        1080   1.2467392111743763E-003   1.2467392111743763E-003
        1081   5.7798326841778107E-004  -5.7798326841778107E-004
        1082   1.2456927019237755E-003   1.2456927019237755E-003
        1083   5.7749900336407571E-004  -5.7749900336407571E-004
        1084   5.7755172738392722E-004  -5.7755172738392722E-004
        1085   5.7760436712299109E-004  -5.7760436712299109E-004
        1086   1.2441520486139253E-003   1.2441520486139253E-003
        1087   1.2433613325202263E-003   1.2433613325202263E-003
        1088   1.2425721034451114E-003   1.2425721034451114E-003
        1089   5.7605600767354846E-004  -5.7605600767354846E-004
        1090   5.7610825931262886E-004  -5.7610825931262886E-004
        1091   1.2412912833066835E-003   1.2412912833066835E-003
        1092   5.7562990225998019E-004  -5.7562990225998019E-004
        1093   5.7568191948840239E-004  -5.7568191948840239E-004
        1094   1.2400152021841866E-003   1.2400152021841866E-003
        1095   5.7520522656337306E-004  -5.7520522656337306E-004
        1096   5.7525700698531394E-004  -5.7525700698531394E-004
        1097   5.7530869628451644E-004  -5.7530869628451644E-004
        1098   5.7536030244005837E-004  -5.7536030244005837E-004
        1099   5.7541182375668598E-004  -5.7541182375668598E-004
        1100   1.2380098537126381E-003   1.2380098537126381E-003
        1101   5.7493763626372170E-004  -5.7493763626372170E-004
        1102   1.2369898923010796E-003   1.2369898923010796E-003
        1103   1.2362160122674707E-003   1.2362160122674707E-003
        1104   5.7394185654721251E-004  -5.7394185654721251E-004
        1105   5.7399292280572208E-004  -5.7399292280572208E-004
        1106   5.7404390747387642E-004  -5.7404390747387642E-004
        1107   1.2347162217958916E-003   1.2347162217958916E-003
        1108   1.2339475608348614E-003   1.2339475608348614E-003
        1109   1.2331803186533237E-003   1.2331803186533237E-003
        1110   5.7253600109331577E-004  -5.7253600109331577E-004
        1111   5.7258662141938105E-004  -5.7258662141938105E-004
        1112   1.2319336501810108E-003   1.2319336501810108E-003
        1113   5.7212053082195775E-004  -5.7212053082195775E-004
        1114   5.7217092196356430E-004  -5.7217092196356430E-004
        1115   1.2306915095424676E-003   1.2306915095424676E-003
        1116   1.2299315780686306E-003   1.2299315780686306E-003
        1117   5.7119273732591418E-004  -5.7119273732591418E-004
        1118   5.7124283492757750E-004  -5.7124283492757750E-004
        1119   1.2286964901997027E-003   1.2286964901997027E-003
        1120   1.2279408592241431E-003   1.2279408592241431E-003
        1121   1.2271866071158996E-003   1.2271866071158996E-003
        1122   5.6976051528421535E-004  -5.6976051528421535E-004
        1123   1.2261973315849043E-003   1.2261973315849043E-003
        1124   5.6930202557800233E-004  -5.6930202557800233E-004
        1125   5.6935162910488315E-004  -5.6935162910488315E-004
        1126   5.6940115278771659E-004  -5.6940115278771659E-004
        1127   1.2247396769826428E-003   1.2247396769826428E-003
        1128   5.6894448301872034E-004  -5.6894448301872034E-004
        1129   5.6899378312448025E-004  -5.6899378312448025E-004
        1130   5.6904300808170130E-004  -5.6904300808170130E-004
        1131   1.2232881871941806E-003   1.2232881871941806E-003
        1132   5.6858814534839789E-004  -5.6858814534839789E-004
        1133   5.6863714975770535E-004  -5.6863714975770535E-004
        1134   5.6868607488967551E-004  -5.6868607488967551E-004
        1135   1.2218428143417018E-003   1.2218428143417018E-003
        1136   5.6823300357478686E-004  -5.6823300357478686E-004
        1137   1.2208696182531024E-003   1.2208696182531024E-003
        1138   1.2201316745848877E-003   1.2201316745848877E-003
        1139   5.6728174177306039E-004  -5.6728174177306039E-004
        1140   5.6733025224308114E-004  -5.6733025224308114E-004
        1141   1.2189311831219323E-003   1.2189311831219323E-003
        1142   5.6688095378222558E-004  -5.6688095378222558E-004
        1143   1.2179660915199390E-003   1.2179660915199390E-003
        1144   1.2172342810722887E-003   1.2172342810722887E-003
        1145   5.6593760808678402E-004  -5.6593760808678402E-004
        1146   5.6598570360692703E-004  -5.6598570360692703E-004
        1147   5.6603372706334764E-004  -5.6603372706334764E-004
        1148   1.2158138810427204E-003   1.2158138810427204E-003
        1149   1.2150868255856953E-003   1.2150868255856953E-003
        1150   5.6509617560476495E-004  -5.6509617560476495E-004
        1151   1.2141323682741019E-003   1.2141323682741019E-003
        1152   1.2134086013610471E-003   1.2134086013610471E-003
        1153   1.2126861142362846E-003   1.2126861142362846E-003
        1154   1.2119649022974055E-003   1.2119649022974055E-003
        1155   1.2112449680120650E-003   1.2112449680120650E-003
        1156   5.6269979433379433E-004  -5.6269979433379433E-004
        1157   1.2103003793124589E-003   1.2103003793124589E-003
        1158   5.6226172697327324E-004  -5.6226172697327324E-004
        1159   5.6230898017631259E-004  -5.6230898017631259E-004
        1160   5.6235615444619181E-004  -5.6235615444619181E-004
        1161   1.2089080398087122E-003   1.2089080398087122E-003
        1162   1.2081946835127099E-003   1.2081946835127099E-003
        1163   5.6143729120198670E-004  -5.6143729120198670E-004
        1164   1.2072585891119052E-003   1.2072585891119052E-003
        1165   1.2065484178987510E-003   1.2065484178987510E-003
        1166   5.6052286765781879E-004  -5.6052286765781879E-004
        1167   1.2056166334973954E-003   1.2056166334973954E-003
        1168   5.6009072655050028E-004  -5.6009072655050028E-004
        1169   5.6013732236523286E-004  -5.6013732236523286E-004
        1170   1.2044652114096641E-003   1.2044652114096641E-003
        1171   1.2037607921525520E-003   1.2037607921525520E-003
        1172   1.2030576008567446E-003   1.2030576008567446E-003
        1173   1.2023556302148907E-003   1.2023556302148907E-003
        1174   5.5828069163492552E-004  -5.5828069163492552E-004
        1175   5.5832691951867870E-004  -5.5832691951867870E-004
        1176   5.5837307767301746E-004  -5.5837307767301746E-004
        1177   5.5841916437728879E-004  -5.5841916437728879E-004
        1178   5.5846518233968519E-004  -5.5846518233968519E-004
        1179   5.5851112452325285E-004  -5.5851112452325285E-004
        1180   5.5855699983772020E-004  -5.5855699983772020E-004
        1181   1.2001164711005529E-003   1.2001164711005529E-003
        1182   5.5813160266170842E-004  -5.5813160266170842E-004
        1183   1.1992026753414318E-003   1.1992026753414318E-003
        1184   1.1985096630753071E-003   1.1985096630753071E-003
        1185   1.1978178463113085E-003   1.1978178463113085E-003
        1186   5.5677031571858381E-004  -5.5677031571858381E-004
        1187   1.1969098744672737E-003   1.1969098744672737E-003
        1188   1.1962210807799033E-003   1.1962210807799033E-003
        1189   1.1955334708176474E-003   1.1955334708176474E-003
        1190   1.1948470345683603E-003   1.1948470345683603E-003
        1191   1.1941617708841193E-003   1.1941617708841193E-003
        1192   1.1934776768413040E-003   1.1934776768413040E-003
        1193   1.1927947495139460E-003   1.1927947495139460E-003
        1194   1.1921129859737362E-003   1.1921129859737362E-003
        1195   1.1914323815156315E-003   1.1914323815156315E-003
        1196   1.1907529340934816E-003   1.1907529340934816E-003
        1197   1.1900746425464600E-003   1.1900746425464600E-003
        1198   5.5173258217947020E-004  -5.5173258217947020E-004
        1199   5.5177736361550049E-004  -5.5177736361550049E-004
        1200   5.5182207979943344E-004  -5.5182207979943344E-004
        1201   5.5186672811602443E-004  -5.5186672811602443E-004
        1202   5.5191131038762379E-004  -5.5191131038762379E-004
        1203   5.5195582666146359E-004  -5.5195582666146359E-004
        1204   1.1881273669830258E-003   1.1881273669830258E-003
        1205   1.1874551586332747E-003   1.1874551586332747E-003
        1206   5.5109154624564873E-004  -5.5109154624564873E-004
        1207   1.1865736221381793E-003   1.1865736221381793E-003
        1208   5.5068310389727463E-004  -5.5068310389727463E-004
        1209   5.5072726292916855E-004  -5.5072726292916855E-004
        1210   5.5077135374542773E-004  -5.5077135374542773E-004
        1211   1.1852748076179615E-003   1.1852748076179615E-003
        1212   1.1846084700219367E-003   1.1846084700219367E-003
        1213   1.1839432496187274E-003   1.1839432496187274E-003
        1214   5.4946515339387493E-004  -5.4946515339387493E-004
        1215   5.4950896285216170E-004  -5.4950896285216170E-004
        1216   1.1828626752413678E-003   1.1828626752413678E-003
        1217   5.4910497493190866E-004  -5.4910497493190866E-004
        1218   5.4914860076547758E-004  -5.4914860076547758E-004
        1219   1.1817856792364679E-003   1.1817856792364679E-003
        1220   5.4874587277592500E-004  -5.4874587277592500E-004
        1221   5.4878932197726640E-004  -5.4878932197726640E-004
        1222   5.4883270459069608E-004  -5.4883270459069608E-004
        1223   5.4887602688513822E-004  -5.4887602688513822E-004
        1224   5.4891928090188187E-004  -5.4891928090188187E-004
        1225   1.1800918207943605E-003   1.1800918207943605E-003
        1226   1.1794364938677647E-003   1.1794364938677647E-003
        1227   1.1787822511231125E-003   1.1787822511231125E-003
        1228   5.4763301588799725E-004  -5.4763301588799725E-004
        1229   1.1779238048088279E-003   1.1779238048088279E-003
        1230   5.4723484634314982E-004  -5.4723484634314982E-004
        1231   1.1770675652066124E-003   1.1770675652066124E-003
        1232   5.4683769720756392E-004  -5.4683769720756392E-004
        1233   1.1762135175372179E-003   1.1762135175372179E-003
        1234   5.4644156364888890E-004  -5.4644156364888890E-004
        1235   5.4648420658886350E-004  -5.4648420658886350E-004
        1236   1.1751580189752521E-003   1.1751580189752521E-003
        1237   5.4608929681951638E-004  -5.4608929681951638E-004
        1238   1.1743090008821371E-003   1.1743090008821371E-003
        1239   5.4569539345777267E-004  -5.4569539345777267E-004
        1240   1.1734621395448736E-003   1.1734621395448736E-003
        1241   5.4530249253152436E-004  -5.4530249253152436E-004
        1242   1.1726174361226108E-003   1.1726174361226108E-003
        1243   5.4491058827864911E-004  -5.4491058827864911E-004
        1244   5.4495272538831834E-004  -5.4495272538831834E-004
        1245   1.1715733896997078E-003   1.1715733896997078E-003
        1246   1.1709345958035228E-003   1.1709345958035228E-003
        1247   5.4413007280994111E-004  -5.4413007280994111E-004
        1248   5.4417199638293360E-004  -5.4417199638293360E-004
        1249   1.1698958303816760E-003   1.1698958303816760E-003
        1250   1.1692602689086509E-003   1.1692602689086509E-003
        1251   5.4335349714208531E-004  -5.4335349714208531E-004
        1252   1.1684262000004782E-003   1.1684262000004782E-003
        1253   5.4296651901431599E-004  -5.4296651901431599E-004
        1254   5.4300812040346898E-004  -5.4300812040346898E-004
        1255   1.1673952760042859E-003   1.1673952760042859E-003
        1256   5.4262231887788220E-004  -5.4262231887788220E-004
        1257   1.1665660410687577E-003   1.1665660410687577E-003
        1258   1.1659368422647471E-003   1.1659368422647471E-003
        1259   5.4181202842625454E-004  -5.4181202842625454E-004
        1260   1.1651111231424764E-003   1.1651111231424764E-003
        1261   1.1644845094163593E-003   1.1644845094163593E-003
        1262   1.1638589005603388E-003   1.1638589005603388E-003
        1263   5.4058255439132078E-004  -5.4058255439132078E-004
        1264   1.1630380991224500E-003   1.1630380991224500E-003
        1265   1.1624150539355587E-003   1.1624150539355587E-003
        1266   1.1617929985855040E-003   1.1617929985855040E-003
        1267   1.1611719433891625E-003   1.1611719433891625E-003
        1268   5.3894150152976013E-004  -5.3894150152976013E-004
        1269   5.3898234570414144E-004  -5.3898234570414144E-004
        1270   5.3902312796923375E-004  -5.3902312796923375E-004
        1271   5.3906385371967438E-004  -5.3906385371967438E-004
        1272   1.1597744694029047E-003   1.1597744694029047E-003
        1273   5.3868697932773211E-004  -5.3868697932773211E-004
        1274   5.3872754589472896E-004  -5.3872754589472896E-004
        1275   1.1587701198794778E-003   1.1587701198794778E-003
        1276   5.3835179692900267E-004  -5.3835179692900267E-004
        1277   1.1579620832656151E-003   1.1579620832656151E-003
        1278   1.1573487769274409E-003   1.1573487769274409E-003
        1279   5.3756251853379143E-004  -5.3756251853379143E-004
        1280   1.1565441111282559E-003   1.1565441111282559E-003
        1281   5.3718934805377155E-004  -5.3718934805377155E-004
        1282   1.1557414209078416E-003   1.1557414209078416E-003
        1283   1.1551320943539165E-003   1.1551320943539165E-003
        1284   1.1545237271669007E-003   1.1545237271669007E-003
        1285   5.3599456553946241E-004  -5.3599456553946241E-004
        1286   5.3603453658003671E-004  -5.3603453658003671E-004
        1287   5.3607445019519145E-004  -5.3607445019519145E-004
        1288   5.3611430642206597E-004  -5.3611430642206597E-004
        1289   1.1531543803883163E-003   1.1531543803883163E-003
        1290   5.3574497038779236E-004  -5.3574497038779236E-004
        1291   5.3578467410944608E-004  -5.3578467410944608E-004
        1292   5.3582432688293279E-004  -5.3582432688293279E-004
        1293   5.3586391801495889E-004  -5.3586391801495889E-004
        1294   1.1517907806295057E-003   1.1517907806295057E-003
        1295   1.1511894866716305E-003   1.1511894866716305E-003
        1296   5.3508937675843704E-004  -5.3508937675843704E-004
        1297   1.1504002793311721E-003   1.1504002793311721E-003
        1298   1.1498013792048880E-003   1.1498013792048880E-003
        1299   5.3431817500364481E-004  -5.3431817500364481E-004
        1300   1.1490154082844247E-003   1.1490154082844247E-003
        1301   5.3395348383855222E-004  -5.3395348383855222E-004
        1302   1.1482313370480446E-003   1.1482313370480446E-003
        1303   5.3358967599386310E-004  -5.3358967599386310E-004
        1304   1.1474491617050457E-003   1.1474491617050457E-003
        1305   5.3322674814197809E-004  -5.3322674814197809E-004
        1306   5.3326571716381358E-004  -5.3326571716381358E-004
        1307   5.3330462794898140E-004  -5.3330462794898140E-004
        1308   5.3334349038072272E-004  -5.3334349038072272E-004
        1309   5.3338229554193933E-004  -5.3338229554193933E-004
        1310   5.3342105063104001E-004  -5.3342105063104001E-004
        1311   1.1457366276028424E-003   1.1457366276028424E-003
        1312   1.1451469591830510E-003   1.1451469591830510E-003
        1313   5.3266078828901253E-004  -5.3266078828901253E-004
        1314   1.1443727106740741E-003   1.1443727106740741E-003
        1315   1.1437853554024393E-003   1.1437853554024393E-003
        1316   1.1431989088852386E-003   1.1431989088852386E-003
        1317   5.3150703094385194E-004  -5.3150703094385194E-004
        1318   1.1424290714553782E-003   1.1424290714553782E-003
        1319   1.1418449203065134E-003   1.1418449203065134E-003
        1320   5.3075459755185634E-004  -5.3075459755185634E-004
        1321   1.1410781909007659E-003   1.1410781909007659E-003
        1322   1.1404963241477351E-003   1.1404963241477351E-003
        1323   5.3000534098684657E-004  -5.3000534098684657E-004
        1324   1.1397326807833276E-003   1.1397326807833276E-003
        1325   1.1391530793554664E-003   1.1391530793554664E-003
        1326   5.2925923478706340E-004  -5.2925923478706340E-004
        1327   1.1383925035792855E-003   1.1383925035792855E-003
        1328   1.1378151591309189E-003   1.1378151591309189E-003
        1329   5.2851626499218600E-004  -5.2851626499218600E-004
        1330   5.2855411968244189E-004  -5.2855411968244189E-004
        1331   5.2859192092810051E-004  -5.2859192092810051E-004
        1332   5.2862967593796789E-004  -5.2862967593796789E-004
        1333   5.2866737577625703E-004  -5.2866737577625703E-004
        1334   1.1363340137801560E-003   1.1363340137801560E-003
        1335   1.1357608439563891E-003   1.1357608439563891E-003
        1336   1.1351885395553634E-003   1.1351885395553634E-003
        1337   5.2754218365781583E-004  -5.2754218365781583E-004
        1338   1.1344374406088000E-003   1.1344374406088000E-003
        1339   1.1338673444309310E-003   1.1338673444309310E-003
        1340   5.2680832502495500E-004  -5.2680832502495500E-004
        1341   1.1331192305718849E-003   1.1331192305718849E-003
        1342   5.2646125514011670E-004  -5.2646125514011670E-004
        1343   1.1323728675211001E-003   1.1323728675211001E-003
        1344   1.1318062925689467E-003   1.1318062925689467E-003
        1345   1.1312405631462769E-003   1.1312405631462769E-003
        1346   5.2534999313414669E-004  -5.2534999313414669E-004
        1347   5.2538708702120230E-004  -5.2538708702120230E-004
        1348   5.2542413275956682E-004  -5.2542413275956682E-004
        1349   5.2546113038168740E-004  -5.2546113038168740E-004
        1350   5.2549807632719218E-004  -5.2549807632719218E-004
        1351   1.1297896491678405E-003   1.1297896491678405E-003
        1352   1.1292279624113687E-003   1.1292279624113687E-003
        1353   5.2477483963418812E-004  -5.2477483963418812E-004
        1354   5.2481161494596646E-004  -5.2481161494596646E-004
        1355   5.2484833609815101E-004  -5.2484833609815101E-004
        1356   5.2488501300567748E-004  -5.2488501300567748E-004
        1357   1.1279621800802868E-003   1.1279621800802868E-003
        1358   5.2454343172006284E-004  -5.2454343172006284E-004
        1359   1.1272282879602879E-003   1.1272282879602879E-003
        1360   5.2420264362456833E-004  -5.2420264362456833E-004
        1361   1.1264960910559528E-003   1.1264960910559528E-003
        1362   1.1259405047239139E-003   1.1259405047239139E-003
        1363   1.1253857441209777E-003   1.1253857441209777E-003
        1364   1.1248317997436337E-003   1.1248317997436337E-003
        1365   5.2273720464827630E-004  -5.2273720464827630E-004
        1366   1.1241047848112530E-003   1.1241047848112530E-003
        1367   5.2239983236829343E-004  -5.2239983236829343E-004
        1368   5.2243600261860741E-004  -5.2243600261860741E-004
        1369   5.2247212561906111E-004  -5.2247212561906111E-004
        1370   1.1230326374103883E-003   1.1230326374103883E-003
        1371   5.2213585271142183E-004  -5.2213585271142183E-004
        1372   5.2217184187840714E-004  -5.2217184187840714E-004
        1373   1.1221370590704747E-003   1.1221370590704747E-003
        1374   1.1215890782684647E-003   1.1215890782684647E-003
        1375   5.2146585528616137E-004  -5.2146585528616137E-004
        1376   1.1208697220247341E-003   1.1208697220247341E-003
        1377   1.1203237931700239E-003   1.1203237931700239E-003
        1378   1.1197786628213736E-003   1.1197786628213736E-003
        1379   5.2039419339185600E-004  -5.2039419339185600E-004
        1380   1.1190632084931036E-003   1.1190632084931036E-003
        1381   1.1185201133077926E-003   1.1185201133077926E-003
        1382   5.1969512604206137E-004  -5.1969512604206137E-004
        1383   1.1178074094494524E-003   1.1178074094494524E-003
        1384   1.1172663333780129E-003   1.1172663333780129E-003
        1385   5.1899886803677636E-004  -5.1899886803677636E-004
        1386   5.1903429852199578E-004  -5.1903429852199578E-004
        1387   1.1163867286080908E-003   1.1163867286080908E-003
        1388   5.1870512637045517E-004  -5.1870512637045517E-004
        1389   1.1156788555449857E-003   1.1156788555449857E-003
        1390   1.1151414421989110E-003   1.1151414421989110E-003
        1391   1.1146048092348169E-003   1.1146048092348169E-003
        1392   1.1140689480021232E-003   1.1140689480021232E-003
        1393   5.1728921297028029E-004  -5.1728921297028029E-004
        1394   1.1133659720533587E-003   1.1133659720533587E-003
        1395   1.1128320933069299E-003   1.1128320933069299E-003
        1396   5.1660282108588148E-004  -5.1660282108588148E-004
        1397   5.1663782125601113E-004  -5.1663782125601113E-004
        1398   5.1667277545352694E-004  -5.1667277545352694E-004
        1399   1.1117975680521152E-003   1.1117975680521152E-003
        1400   1.1112665066470035E-003   1.1112665066470035E-003
        1401   1.1107362036518894E-003   1.1107362036518894E-003
        1402   1.1102066612183740E-003   1.1102066612183740E-003
        1403   5.1527436429797441E-004  -5.1527436429797441E-004
        1404   1.1095121288932381E-003   1.1095121288932381E-003
        1405   1.1089845265218198E-003   1.1089845265218198E-003
        1406   1.1084576788167920E-003   1.1084576788167920E-003
        1407   1.1079315852207683E-003   1.1079315852207683E-003
        1408   1.1074062397635200E-003   1.1074062397635200E-003
        1409   5.1353197928949500E-004  -5.1353197928949500E-004
        1410   5.1356648631463149E-004  -5.1356648631463149E-004
        1411   5.1360094884271438E-004  -5.1360094884271438E-004
        1412   5.1363537051015665E-004  -5.1363537051015665E-004
        1413   1.1062254457444155E-003   1.1062254457444155E-003
        1414   5.1331688632805163E-004  -5.1331688632805163E-004
        1415   5.1335118322138782E-004  -5.1335118322138782E-004
        1416   1.1053761026668261E-003   1.1053761026668261E-003
        1417   1.1048554834327106E-003   1.1048554834327106E-003
        1418   5.1268225149915558E-004  -5.1268225149915558E-004
        1419   1.1041727214533841E-003   1.1041727214533841E-003
        1420   1.1036539856211136E-003   1.1036539856211136E-003
        1421   1.1031359865054742E-003   1.1031359865054742E-003
        1422   1.1026187154097140E-003   1.1026187154097140E-003
        1423   5.1131780298838440E-004  -5.1131780298838440E-004
        1424   5.1135176947038070E-004  -5.1135176947038070E-004
        1425   5.1138569199167777E-004  -5.1138569199167777E-004
        1426   5.1141957599759960E-004  -5.1141957599759960E-004
        1427   1.1014560564301555E-003   1.1014560564301555E-003
        1428   1.1009418646675893E-003   1.1009418646675893E-003
        1429   1.1004283957366939E-003   1.1004283957366939E-003
        1430   5.1041280590368463E-004  -5.1041280590368463E-004
        1431   1.0997551507422449E-003   1.0997551507422449E-003
        1432   5.1010096539191180E-004  -5.1010096539191180E-004
        1433   1.0990833783980887E-003   1.0990833783980887E-003
        1434   5.0978980752684115E-004  -5.0978980752684115E-004
        1435   5.0982335345676111E-004  -5.0982335345676111E-004
        1436   1.0982533300014044E-003   1.0982533300014044E-003
        1437   1.0977443273807756E-003   1.0977443273807756E-003
        1438   1.0972360348713950E-003   1.0972360348713950E-003
        1439   5.0882702065025516E-004  -5.0882702065025516E-004
        1440   5.0886038821368448E-004  -5.0886038821368448E-004
        1441   1.0964108950912749E-003   1.0964108950912749E-003
        1442   5.0855192473543904E-004  -5.0855192473543904E-004
        1443   1.0957464001078265E-003   1.0957464001078265E-003
        1444   1.0952414050533741E-003   1.0952414050533741E-003
        1445   1.0947371130891818E-003   1.0947371130891818E-003
        1446   1.0942335209101356E-003   1.0942335209101356E-003
        1447   5.0722434087658555E-004  -5.0722434087658555E-004
        1448   1.0935734369659663E-003   1.0935734369659663E-003
        1449   1.0930716271962443E-003   1.0930716271962443E-003
        1450   1.0925705129636509E-003   1.0925705129636509E-003
        1451   5.0624315884384072E-004  -5.0624315884384072E-004
        1452   1.0919138169430934E-003   1.0919138169430934E-003
        1453   1.0914144684689390E-003   1.0914144684689390E-003
        1454   5.0560302351748047E-004  -5.0560302351748047E-004
        1455   1.0907601563436471E-003   1.0907601563436471E-003
        1456   1.0902625696663864E-003   1.0902625696663864E-003
        1457   1.0897656669724414E-003   1.0897656669724414E-003
        1458   1.0892694467539419E-003   1.0892694467539419E-003
        1459   5.0429696295241626E-004  -5.0429696295241626E-004
        1460   5.0432963407000221E-004  -5.0432963407000221E-004
        1461   1.0884650129916078E-003   1.0884650129916078E-003
        1462   5.0402924255380486E-004  -5.0402924255380486E-004
        1463   1.0878168206397735E-003   1.0878168206397735E-003
        1464   1.0873237720740467E-003   1.0873237720740467E-003
        1465   1.0868313979432282E-003   1.0868313979432282E-003
        1466   5.0306647290459985E-004  -5.0306647290459985E-004
        1467   5.0309890096166367E-004  -5.0309890096166367E-004
        1468   1.0860333320560245E-003   1.0860333320560245E-003
        1469   5.0280092593842410E-004  -5.0280092593842410E-004
        1470   5.0283324473173146E-004  -5.0283324473173146E-004
        1471   5.0286552490671913E-004  -5.0286552490671913E-004
        1472   1.0850846999362091E-003   1.0850846999362091E-003
        1473   1.0845961943810091E-003   1.0845961943810091E-003
        1474   5.0223965662837345E-004  -5.0223965662837345E-004
        1475   1.0839562219146159E-003   1.0839562219146159E-003
        1476   1.0834694152571291E-003   1.0834694152571291E-003
        1477   1.0829832671730767E-003   1.0829832671730767E-003
        1478   5.0128908684087209E-004  -5.0128908684087209E-004
        1479   1.0823465109216547E-003   1.0823465109216547E-003
        1480   5.0099474094063843E-004  -5.0099474094063843E-004
        1481   5.0102668121319578E-004  -5.0102668121319578E-004
        1482   5.0105858415031717E-004  -5.0105858415031717E-004
        1483   1.0814093395341627E-003   1.0814093395341627E-003
        1484   1.0809266195203132E-003   1.0809266195203132E-003
        1485   5.0044030044410612E-004  -5.0044030044410612E-004
        1486   1.0802942817535984E-003   1.0802942817535984E-003
        1487   5.0014793738470268E-004  -5.0014793738470268E-004
        1488   5.0017963674074250E-004  -5.0017963674074250E-004
        1489   1.0795133657504280E-003   1.0795133657504280E-003
        1490   4.9988801151336294E-004  -4.9988801151336294E-004
        1491   4.9991960640245129E-004  -4.9991960640245129E-004
        1492   1.0787345441555466E-003   1.0787345441555466E-003
        1493   1.0782562082292983E-003   1.0782562082292983E-003
        1494   4.9930678499715022E-004  -4.9930678499715022E-004
        1495   1.0776295521868699E-003   1.0776295521868699E-003
        1496   1.0771528567220085E-003   1.0771528567220085E-003
        1497   1.0766767995112937E-003   1.0766767995112937E-003
        1498   1.0762013753836406E-003   1.0762013753836406E-003
        1499   1.0757265818892769E-003   1.0757265818892769E-003
        1500   4.9773698365556968E-004  -4.9773698365556968E-004

   k   test 
        1500   1.8124200274081612E-006
