 k,   gradient vector, at each step of the optimization (k):

           1   5.0707419199770565E-002   5.0707419199770565E-002
           2   3.6997339916061245E-002  -3.6997339916061245E-002
           3   4.9151244990370789E-002   4.9151244990370789E-002
           4   4.8683084386584564E-002   4.8683084386584564E-002
           5   3.4514167930493445E-002  -3.4514167930493445E-002
           6   4.7227662503495867E-002   4.7227662503495867E-002
           7   3.3499009504747906E-002  -3.3499009504747906E-002
           8   3.3706257460458459E-002  -3.3706257460458459E-002
           9   3.3884132101739246E-002  -3.3884132101739246E-002
          10   3.4033423720298210E-002  -3.4033423720298210E-002
          11   4.3254929644741924E-002   4.3254929644741924E-002
          12   4.2862825933422950E-002   4.2862825933422950E-002
          13   3.2065043370464022E-002  -3.2065043370464022E-002
          14   4.1701773577617507E-002   4.1701773577617507E-002
          15   4.1302656115895897E-002   4.1302656115895897E-002
          16   3.0297421625881896E-002  -3.0297421625881896E-002
          17   4.0233328303325051E-002   4.0233328303325051E-002
          18   3.9836868634011251E-002   3.9836868634011251E-002
          19   2.8707271663988392E-002  -2.8707271663988392E-002
          20   3.8852806731651771E-002   3.8852806731651771E-002
          21   3.8465139842118599E-002   3.8465139842118599E-002
          22   2.7273286631736299E-002  -2.7273286631736299E-002
          23   2.7338736334239340E-002  -2.7338736334239340E-002
          24   2.7393898356270676E-002  -2.7393898356270676E-002
          25   3.6543847586417239E-002   3.6543847586417239E-002
          26   3.6204988323420284E-002   3.6204988323420284E-002
          27   3.5863978658695665E-002   3.5863978658695665E-002
          28   3.5521766817769522E-002   3.5521766817769522E-002
          29   2.4931284139703955E-002  -2.4931284139703955E-002
          30   3.4770493188475478E-002   3.4770493188475478E-002
          31   3.4442606851596114E-002   3.4442606851596114E-002
          32   3.4115492758378559E-002   3.4115492758378559E-002
          33   3.3789706728390843E-002   3.3789706728390843E-002
          34   3.3465737872359333E-002   3.3465737872359333E-002
          35   2.2363800799864979E-002  -2.2363800799864979E-002
          36   3.2824773037835403E-002   3.2824773037835403E-002
          37   3.2516660383644327E-002   3.2516660383644327E-002
          38   3.2211212105461989E-002   3.2211212105461989E-002
          39   3.1908698509566340E-002   3.1908698509566340E-002
          40   2.0652301097298834E-002  -2.0652301097298834E-002
          41   3.1344282158704662E-002   3.1344282158704662E-002
          42   3.1057195663098381E-002   3.1057195663098381E-002
          43   3.0773396438940521E-002   3.0773396438940521E-002
          44   3.0493022355201550E-002   3.0493022355201550E-002
          45   1.9180863248053962E-002  -1.9180863248053962E-002
          46   2.9993617597908313E-002   2.9993617597908313E-002
          47   1.8872841322567713E-002  -1.8872841322567713E-002
          48   1.8905336694944552E-002  -1.8905336694944552E-002
          49   2.9303308688557565E-002   2.9303308688557565E-002
          50   2.9054244109969495E-002   2.9054244109969495E-002
          51   2.8808363138703219E-002   2.8808363138703219E-002
          52   1.7993724830713067E-002  -1.7993724830713067E-002
          53   2.8378085365232529E-002   2.8378085365232529E-002
          54   2.8144401792107594E-002   2.8144401792107594E-002
          55   2.7913852043119174E-002   2.7913852043119174E-002
          56   1.7170861797145956E-002  -1.7170861797145956E-002
          57   1.7197041520192247E-002  -1.7197041520192247E-002
          58   2.7352692741102722E-002   2.7352692741102722E-002
          59   2.7138229836205771E-002   2.7138229836205771E-002
          60   1.6705929712830969E-002  -1.6705929712830969E-002
          61   1.6729108524065207E-002  -1.6729108524065207E-002
          62   2.6618145644500855E-002   2.6618145644500855E-002
          63   2.6418146549207953E-002   2.6418146549207953E-002
          64   1.6273529779366167E-002  -1.6273529779366167E-002
          65   2.6077453973190886E-002   2.6077453973190886E-002
          66   2.5886671441298262E-002   2.5886671441298262E-002
          67   2.5698430796892560E-002   2.5698430796892560E-002
          68   2.5512721128628353E-002   2.5512721128628353E-002
          69   2.5329528500278840E-002   2.5329528500278840E-002
          70   2.5148836196921997E-002   2.5148836196921997E-002
          71   2.4970625084686327E-002   2.4970625084686327E-002
          72   1.4820000473952204E-002  -1.4820000473952204E-002
          73   1.4839068507395182E-002  -1.4839068507395182E-002
          74   2.4566303770752727E-002   2.4566303770752727E-002
          75   2.4398910248079213E-002   2.4398910248079213E-002
          76   2.4233775228220195E-002   2.4233775228220195E-002
          77   2.4070875966494220E-002   2.4070875966494220E-002
          78   1.4135999278094757E-002  -1.4135999278094757E-002
          79   2.3809073715624123E-002   2.3809073715624123E-002
          80   1.3984607959815765E-002  -1.3984607959815765E-002
          81   1.4001011466925695E-002  -1.4001011466925695E-002
          82   1.4016811727500541E-002  -1.4016811727500541E-002
          83   2.3360241024561038E-002   2.3360241024561038E-002
          84   1.3871538258088944E-002  -1.3871538258088944E-002
          85   2.3119124213224353E-002   2.3119124213224353E-002
          86   1.3730451705203402E-002  -1.3730451705203402E-002
          87   2.2884932878172979E-002   2.2884932878172979E-002
          88   2.2746200525936362E-002   2.2746200525936362E-002
          89   2.2609218813500743E-002   2.2609218813500743E-002
          90   2.2473967149836096E-002   2.2473967149836096E-002
          91   2.2340424682990172E-002   2.2340424682990172E-002
          92   2.2208570116926226E-002   2.2208570116926226E-002
          93   1.2883922552606165E-002  -1.2883922552606165E-002
          94   2.2000182012626341E-002   2.2000182012626341E-002
          95   2.1873382629184038E-002   2.1873382629184038E-002
          96   2.1748165759429287E-002   2.1748165759429287E-002
          97   2.1624510417718186E-002   2.1624510417718186E-002
          98   1.2383301402033565E-002  -1.2383301402033565E-002
          99   2.1431672837068018E-002   2.1431672837068018E-002
         100   1.2274351511949753E-002  -1.2274351511949753E-002
         101   2.1243746913745497E-002   2.1243746913745497E-002
         102   2.1127620814312759E-002   2.1127620814312759E-002
         103   2.1012904863984196E-002   2.1012904863984196E-002
         104   2.0899579574266091E-002   2.0899579574266091E-002
         105   2.0787625519557859E-002   2.0787625519557859E-002
         106   2.0677023322929967E-002   2.0677023322929967E-002
         107   1.1609706200875654E-002  -1.1609706200875654E-002
         108   1.1620850363821301E-002  -1.1620850363821301E-002
         109   2.0448135877514758E-002   2.0448135877514758E-002
         110   1.1527492962159824E-002  -1.1527492962159824E-002
         111   2.0284359135059184E-002   2.0284359135059184E-002
         112   1.1436313517202984E-002  -1.1436313517202984E-002
         113   1.1446528606873332E-002  -1.1446528606873332E-002
         114   2.0067665138629540E-002   2.0067665138629540E-002
         115   1.9968030431390775E-002   1.9968030431390775E-002
         116   1.9869530391298355E-002   1.9869530391298355E-002
         117   1.9772149326126472E-002   1.9772149326126472E-002
         118   1.9675871609700159E-002   1.9675871609700159E-002
         119   1.0979724217398810E-002  -1.0979724217398810E-002
         120   1.0989146273958366E-002  -1.0989146273958366E-002
         121   1.0998363341187239E-002  -1.0998363341187239E-002
         122   1.1007377384862353E-002  -1.1007377384862353E-002
         123   1.1016190225218424E-002  -1.1016190225218424E-002
         124   1.9326943604409352E-002   1.9326943604409352E-002
         125   1.0936902131960670E-002  -1.0936902131960670E-002
         126   1.9188226252029570E-002   1.9188226252029570E-002
         127   1.9100742447753571E-002   1.9100742447753571E-002
         128   1.9014190328838790E-002   1.9014190328838790E-002
         129   1.8928557488721683E-002   1.8928557488721683E-002
         130   1.0609396623939267E-002  -1.0609396623939267E-002
         131   1.0617403909267711E-002  -1.0617403909267711E-002
         132   1.0625243524883426E-002  -1.0625243524883426E-002
         133   1.8707311049460777E-002   1.8707311049460777E-002
         134   1.8625891247824759E-002   1.8625891247824759E-002
         135   1.8545308665507378E-002   1.8545308665507378E-002
         136   1.0398437670996437E-002  -1.0398437670996437E-002
         137   1.0405832401385026E-002  -1.0405832401385026E-002
         138   1.0413076838946191E-002  -1.0413076838946191E-002
         139   1.8337292685442493E-002   1.8337292685442493E-002
         140   1.8260537686957980E-002   1.8260537686957980E-002
         141   1.0272088534248578E-002  -1.0272088534248578E-002
         142   1.0278971879317408E-002  -1.0278971879317408E-002
         143   1.0285716439129032E-002  -1.0285716439129032E-002
         144   1.8061659913122554E-002   1.8061659913122554E-002
         145   1.7988454741696101E-002   1.7988454741696101E-002
         146   1.0150785755950383E-002  -1.0150785755950383E-002
         147   1.7876570267219668E-002   1.7876570267219668E-002
         148   1.0088289330269354E-002  -1.0088289330269354E-002
         149   1.0094551754537825E-002  -1.0094551754537825E-002
         150   1.0100690001799410E-002  -1.0100690001799410E-002
         151   1.0106705109851974E-002  -1.0106705109851974E-002
         152   1.0112598179635645E-002  -1.0112598179635645E-002
         153   1.0118370202533568E-002  -1.0118370202533568E-002
         154   1.7575026941584426E-002   1.7575026941584426E-002
         155   1.7508158569713762E-002   1.7508158569713762E-002
         156   1.7441901236715948E-002   1.7441901236715948E-002
         157   9.9290637469889309E-003  -9.9290637469889309E-003
         158   9.9345495481631858E-003  -9.9345495481631858E-003
         159   1.7303790454025313E-002   1.7303790454025313E-002
         160   9.8772896770431308E-003  -9.8772896770431308E-003
         161   1.7204290926906469E-002   1.7204290926906469E-002
         162   9.8210281753593563E-003  -9.8210281753593563E-003
         163   1.7106522692053892E-002   1.7106522692053892E-002
         164   9.7657375067006971E-003  -9.7657375067006971E-003
         165   9.7707568471062430E-003  -9.7707568471062430E-003
         166   1.6976234033142166E-002   1.6976234033142166E-002
         167   9.7166033707488959E-003  -9.7166033707488959E-003
         168   9.7214149151885788E-003  -9.7214149151885788E-003
         169   9.7261312331118430E-003  -9.7261312331118430E-003
         170   9.7307531144463985E-003  -9.7307531144463985E-003
         171   9.7352813689643922E-003  -9.7352813689643922E-003
         172   9.7397167271920538E-003  -9.7397167271920538E-003
         173   9.7440599688036113E-003  -9.7440599688036113E-003
         174   1.6682408274145806E-002   1.6682408274145806E-002
         175   9.6919336572217421E-003  -9.6919336572217421E-003
         176   1.6593369193575274E-002   1.6593369193575274E-002
         177   9.6406563033897656E-003  -9.6406563033897656E-003
         178   9.6447257251429802E-003  -9.6447257251429802E-003
         179   9.6487097637644841E-003  -9.6487097637644841E-003
         180   1.6441962832128561E-002   1.6441962832128561E-002
         181   9.5986087491532947E-003  -9.5986087491532947E-003
         182   1.6356780195310575E-002   1.6356780195310575E-002
         183   9.5493020329727608E-003  -9.5493020329727608E-003
         184   1.6272945288061082E-002   1.6272945288061082E-002
         185   9.5007695362634304E-003  -9.5007695362634304E-003
         186   1.6190424194451974E-002   1.6190424194451974E-002
         187   1.6139051497427278E-002   1.6139051497427278E-002
         188   1.6088078142301572E-002   1.6088078142301572E-002
         189   9.3518464856462528E-003  -9.3518464856462528E-003
         190   9.3554280903310940E-003  -9.3554280903310940E-003
         191   1.5979419236453532E-002   1.5979419236453532E-002
         192   1.5929967125793743E-002   1.5929967125793743E-002
         193   1.5880891980911426E-002   1.5880891980911426E-002
         194   9.2127121696239551E-003  -9.2127121696239551E-003
         195   9.2161506905904331E-003  -9.2161506905904331E-003
         196   1.5776617584559699E-002   1.5776617584559699E-002
         197   9.1722592726109949E-003  -9.1722592726109949E-003
         198   9.1755650285839305E-003  -9.1755650285839305E-003
         199   9.1788062565294221E-003  -9.1788062565294221E-003
         200   9.1819833978071495E-003  -9.1819833978071495E-003
         201   9.1850969453295527E-003  -9.1850969453295527E-003
         202   1.5592927793784938E-002   1.5592927793784938E-002
         203   1.5547284920772182E-002   1.5547284920772182E-002
         204   1.5501972898613476E-002   1.5501972898613476E-002
         205   1.5456988529446443E-002   1.5456988529446443E-002
         206   1.5412328640186414E-002   1.5412328640186414E-002
         207   1.5367990071079729E-002   1.5367990071079729E-002
         208   1.5323969688018219E-002   1.5323969688018219E-002
         209   8.8777007409107760E-003  -8.8777007409107760E-003
         210   1.5255481805044713E-002   1.5255481805044713E-002
         211   1.5212377280609493E-002   1.5212377280609493E-002
         212   8.7963704774911642E-003  -8.7963704774911642E-003
         213   1.5145437873210356E-002   1.5145437873210356E-002
         214   8.7579522030248342E-003  -8.7579522030248342E-003
         215   1.5079416126733722E-002   1.5079416126733722E-002
         216   1.5037765296973087E-002   1.5037765296973087E-002
         217   1.4996404168942391E-002   1.4996404168942391E-002
         218   8.6396792152798243E-003  -8.6396792152798243E-003
         219   8.6425187966138409E-003  -8.6425187966138409E-003
         220   1.4909517732949518E-002   1.4909517732949518E-002
         221   1.4869242619234247E-002   1.4869242619234247E-002
         222   8.5671102957437448E-003  -8.5671102957437448E-003
         223   1.4806928274524058E-002   1.4806928274524058E-002
         224   8.5314647372335631E-003  -8.5314647372335631E-003
         225   8.5341606444574968E-003  -8.5341606444574968E-003
         226   1.4723462080366132E-002   1.4723462080366132E-002
         227   1.4684731565336950E-002   1.4684731565336950E-002
         228   8.4617056991474187E-003  -8.4617056991474187E-003
         229   8.4643117421370102E-003  -8.4643117421370102E-003
         230   1.4603426184280085E-002   1.4603426184280085E-002
         231   8.4301295835781768E-003  -8.4301295835781768E-003
         232   8.4326504209012287E-003  -8.4326504209012287E-003
         233   8.4351297031066540E-003  -8.4351297031066540E-003
         234   1.4502453712148280E-002   1.4502453712148280E-002
         235   8.4015723644458983E-003  -8.4015723644458983E-003
         236   8.4039704107653837E-003  -8.4039704107653837E-003
         237   8.4063284236058373E-003  -8.4063284236058373E-003
         238   8.4086466474572342E-003  -8.4086466474572342E-003
         239   1.4382834893408634E-002   1.4382834893408634E-002
         240   1.4347101909623287E-002   1.4347101909623287E-002
         241   1.4311595143348531E-002   1.4311595143348531E-002
         242   8.3064459647574224E-003  -8.3064459647574224E-003
         243   1.4256366041171534E-002   1.4256366041171534E-002
         244   8.2746042705485068E-003  -8.2746042705485068E-003
         245   1.4201809936843912E-002   1.4201809936843912E-002
         246   8.2431483117650639E-003  -8.2431483117650639E-003
         247   8.2453229415576142E-003  -8.2453229415576142E-003
         248   8.2474619448215606E-003  -8.2474619448215606E-003
         249   8.2495655739489547E-003  -8.2495655739489547E-003
         250   8.2516340564468358E-003  -8.2516340564468358E-003
         251   8.2536676070300366E-003  -8.2536676070300366E-003
         252   1.4051210195047698E-002   1.4051210195047698E-002
         253   8.2230094997397304E-003  -8.2230094997397304E-003
         254   8.2249771130559896E-003  -8.2249771130559896E-003
         255   8.2269110090246768E-003  -8.2269110090246768E-003
         256   1.3961156704764170E-002   1.3961156704764170E-002
         257   1.3928834892267110E-002   1.3928834892267110E-002
         258   1.3896704864359458E-002   1.3896704864359458E-002
         259   1.3864765059367458E-002   1.3864765059367458E-002
         260   8.1022582555637362E-003  -8.1022582555637362E-003
         261   1.3814829563059903E-002   1.3814829563059903E-002
         262   8.0732591602103582E-003  -8.0732591602103582E-003
         263   8.0751113936400019E-003  -8.0751113936400019E-003
         264   1.3747527619143048E-002   1.3747527619143048E-002
         265   1.3716657859869219E-002   1.3716657859869219E-002
         266   1.3685966786876055E-002   1.3685966786876055E-002
         267   7.9864199179876787E-003  -7.9864199179876787E-003
         268   1.3638058465486557E-002   1.3638058465486557E-002
         269   7.9586335452886889E-003  -7.9586335452886889E-003
         270   1.3590684636302471E-002   1.3590684636302471E-002
         271   7.9311554763355566E-003  -7.9311554763355566E-003
         272   7.9329034443080294E-003  -7.9329034443080294E-003
         273   7.9346235752317060E-003  -7.9346235752317060E-003
         274   1.3509924924722352E-002   1.3509924924722352E-002
         275   7.9075861792965406E-003  -7.9075861792965406E-003
         276   7.9092542828359449E-003  -7.9092542828359449E-003
         277   1.3447242776404796E-002   1.3447242776404796E-002
         278   7.8825786370118351E-003  -7.8825786370118351E-003
         279   7.8841963173787877E-003  -7.8841963173787877E-003
         280   1.3385456003690045E-002   1.3385456003690045E-002
         281   1.3357161476075846E-002   1.3357161476075846E-002
         282   7.8301740631324824E-003  -7.8301740631324824E-003
         283   7.8317461151228406E-003  -7.8317461151228406E-003
         284   1.3296698546071911E-002   1.3296698546071911E-002
         285   1.3268996668683796E-002   1.3268996668683796E-002
         286   1.3241444865367640E-002   1.3241444865367640E-002
         287   7.7519745725979482E-003  -7.7519745725979482E-003
         288   7.7535058896096827E-003  -7.7535058896096827E-003
         289   7.7550132060245332E-003  -7.7550132060245332E-003
         290   7.7564966515610732E-003  -7.7564966515610732E-003
         291   1.3151451270461807E-002   1.3151451270461807E-002
         292   1.3124734260507960E-002   1.3124734260507960E-002
         293   7.7054279345082546E-003  -7.7054279345082546E-003
         294   7.7068709260396046E-003  -7.7068709260396046E-003
         295   7.7082910871251195E-003  -7.7082910871251195E-003
         296   1.3052322684762918E-002   1.3052322684762918E-002
         297   7.6839579245651856E-003  -7.6839579245651856E-003
         298   1.3011181182208197E-002   1.3011181182208197E-002
         299   1.2985394247028086E-002   1.2985394247028086E-002
         300   7.6345898511628032E-003  -7.6345898511628032E-003
         301   1.2944930015564534E-002   1.2944930015564534E-002
         302   7.6109299242120712E-003  -7.6109299242120712E-003
         303   7.6122751167668323E-003  -7.6122751167668323E-003
         304   7.6135992056074473E-003  -7.6135992056074473E-003
         305   1.2875630240488148E-002   1.2875630240488148E-002
         306   1.2850721909306652E-002   1.2850721909306652E-002
         307   7.5658417337408851E-003  -7.5658417337408851E-003
         308   1.2811599014781346E-002   1.2811599014781346E-002
         309   7.5429318756378609E-003  -7.5429318756378609E-003
         310   7.5442043968768236E-003  -7.5442043968768236E-003
         311   1.2758687662362890E-002   1.2758687662362890E-002
         312   7.5215710615021353E-003  -7.5215710615021353E-003
         313   7.5228074224193029E-003  -7.5228074224193029E-003
         314   1.2706457015122049E-002   1.2706457015122049E-002
         315   7.5004450873896837E-003  -7.5004450873896837E-003
         316   7.5016463244600784E-003  -7.5016463244600784E-003
         317   7.5028285742685776E-003  -7.5028285742685776E-003
         318   1.2641070303451888E-002   1.2641070303451888E-002
         319   1.2617666924585986E-002   1.2617666924585986E-002
         320   1.2594377532156123E-002   1.2594377532156123E-002
         321   7.4348301670230802E-003  -7.4348301670230802E-003
         322   1.2557729066050551E-002   1.2557729066050551E-002
         323   1.2534769436723844E-002   1.2534769436723844E-002
         324   1.2511920493705548E-002   1.2511920493705548E-002
         325   7.3684002169895303E-003  -7.3684002169895303E-003
         326   1.2476046318868976E-002   1.2476046318868976E-002
         327   7.3473812655917058E-003  -7.3473812655917058E-003
         328   7.3485147490914941E-003  -7.3485147490914941E-003
         329   1.2427516783039133E-002   1.2427516783039133E-002
         330   1.2405292765399662E-002   1.2405292765399662E-002
         331   7.3059843538202749E-003  -7.3059843538202749E-003
         332   7.3070901871945589E-003  -7.3070901871945589E-003
         333   1.2357657570346736E-002   1.2357657570346736E-002
         334   1.2335834857719405E-002   1.2335834857719405E-002
         335   1.2314114276555864E-002   1.2314114276555864E-002
         336   7.2441276559015088E-003  -7.2441276559015088E-003
         337   7.2452097867635179E-003  -7.2452097867635179E-003
         338   1.2267637422834174E-002   1.2267637422834174E-002
         339   7.2253161801831443E-003  -7.2253161801831443E-003
         340   7.2263698033960379E-003  -7.2263698033960379E-003
         341   1.2221712770182769E-002   1.2221712770182769E-002
         342   1.2200657776438020E-002   1.2200657776438020E-002
         343   1.2179699221220966E-002   1.2179699221220966E-002
         344   1.2158836445940896E-002   1.2158836445940896E-002
         345   7.1453378019416258E-003  -7.1453378019416258E-003
         346   1.2126162174378563E-002   1.2126162174378563E-002
         347   7.1262289618572216E-003  -7.1262289618572216E-003
         348   7.1272513730190569E-003  -7.1272513730190569E-003
         349   1.2081993097802717E-002   1.2081993097802717E-002
         350   7.1083492863630755E-003  -7.1083492863630755E-003
         351   7.1093456916103467E-003  -7.1093456916103467E-003
         352   7.1103279695209978E-003  -7.1103279695209978E-003
         353   1.2026692310483025E-002   1.2026692310483025E-002
         354   1.2006708533352818E-002   1.2006708533352818E-002
         355   1.1986813390210736E-002   1.1986813390210736E-002
         356   1.1967006317777520E-002   1.1967006317777520E-002
         357   7.0334931229943777E-003  -7.0334931229943777E-003
         358   7.0344582821576180E-003  -7.0344582821576180E-003
         359   7.0354101111214607E-003  -7.0354101111214607E-003
         360   1.1913458637185802E-002   1.1913458637185802E-002
         361   7.0173418312084864E-003  -7.0173418312084864E-003
         362   7.0182699123146168E-003  -7.0182699123146168E-003
         363   7.0191849791873297E-003  -7.0191849791873297E-003
         364   1.1860629416744695E-002   1.1860629416744695E-002
         365   1.1841548550553752E-002   1.1841548550553752E-002
         366   6.9827064719973847E-003  -6.9827064719973847E-003
         367   6.9836012698049352E-003  -6.9836012698049352E-003
         368   1.1800654816539764E-002   1.1800654816539764E-002
         369   1.1781887168140369E-002   1.1781887168140369E-002
         370   1.1763199569092827E-002   1.1763199569092827E-002
         371   1.1744591547329373E-002   1.1744591547329373E-002
         372   6.9114043905793210E-003  -6.9114043905793210E-003
         373   6.9122846708673455E-003  -6.9122846708673455E-003
         374   6.9131529856553946E-003  -6.9131529856553946E-003
         375   6.9140094328878051E-003  -6.9140094328878051E-003
         376   6.9148540472685439E-003  -6.9148540472685439E-003
         377   1.1673091730146051E-002   1.1673091730146051E-002
         378   1.1654995656080833E-002   1.1654995656080833E-002
         379   1.1636975026565540E-002   1.1636975026565540E-002
         380   6.8626545968641503E-003  -6.8626545968641503E-003
         381   6.8634836298555229E-003  -6.8634836298555229E-003
         382   1.1598373157007912E-002   1.1598373157007912E-002
         383   6.8469112042894601E-003  -6.8469112042894601E-003
         384   1.1570401131104845E-002   1.1570401131104845E-002
         385   1.1552805746296477E-002   1.1552805746296477E-002
         386   6.8133173259460290E-003  -6.8133173259460290E-003
         387   6.8141203072414544E-003  -6.8141203072414544E-003
         388   6.8149124369864100E-003  -6.8149124369864100E-003
         389   6.8156937828298368E-003  -6.8156937828298368E-003
         390   1.1495021840036300E-002   1.1495021840036300E-002
         391   6.7995743125479867E-003  -6.7995743125479867E-003
         392   6.8003368504206494E-003  -6.8003368504206494E-003
         393   1.1457919122821708E-002   1.1457919122821708E-002
         394   1.1440923862255540E-002   1.1440923862255540E-002
         395   6.7677498489128289E-003  -6.7677498489128289E-003
         396   1.1414190197828297E-002   1.1414190197828297E-002
         397   6.7520031127546150E-003  -6.7520031127546150E-003
         398   6.7527421633520384E-003  -6.7527421633520384E-003
         399   6.7534711005276015E-003  -6.7534711005276015E-003
         400   6.7541899684398507E-003  -6.7541899684398507E-003
         401   1.1358559288248556E-002   1.1358559288248556E-002
         402   6.7386526043386255E-003  -6.7386526043386255E-003
         403   6.7393541868021288E-003  -6.7393541868021288E-003
         404   6.7400459476562192E-003  -6.7400459476562192E-003
         405   6.7407279242041058E-003  -6.7407279242041058E-003
         406   1.1303707829889867E-002   1.1303707829889867E-002
         407   6.7253952581444220E-003  -6.7253952581444220E-003
         408   6.7260606052444430E-003  -6.7260606052444430E-003
         409   6.7267163972639038E-003  -6.7267163972639038E-003
         410   6.7273626487188536E-003  -6.7273626487188536E-003
         411   6.7279994728000857E-003  -6.7279994728000857E-003
         412   1.1240176068838056E-002   1.1240176068838056E-002
         413   1.1224340858598922E-002   1.1224340858598922E-002
         414   6.6972450010684042E-003  -6.6972450010684042E-003
         415   6.6978688185182047E-003  -6.6978688185182047E-003
         416   6.6984834653584478E-003  -6.6984834653584478E-003
         417   6.6990889777393155E-003  -6.6990889777393155E-003
         418   6.6996854013046184E-003  -6.6996854013046184E-003
         419   6.7002727752399705E-003  -6.7002727752399705E-003
         420   1.1152888197816107E-002   1.1152888197816107E-002
         421   6.6855008340910320E-003  -6.6855008340910320E-003
         422   6.6860732969438201E-003  -6.6860732969438201E-003
         423   6.6866369009368383E-003  -6.6866369009368383E-003
         424   1.1110011924681956E-002   1.1110011924681956E-002
         425   1.1094847186553250E-002   1.1094847186553250E-002
         426   1.1079738505648301E-002   1.1079738505648301E-002
         427   1.1064685605451458E-002   1.1064685605451458E-002
         428   1.1049688176561460E-002   1.1049688176561460E-002
         429   6.6121239665949882E-003  -6.6121239665949882E-003
         430   6.6126848408143944E-003  -6.6126848408143944E-003
         431   6.6132373372684156E-003  -6.6132373372684156E-003
         432   1.1008170165445325E-002   1.1008170165445325E-002
         433   1.0993435966080937E-002   1.0993435966080937E-002
         434   6.5844795033871825E-003  -6.5844795033871825E-003
         435   6.5850211083042969E-003  -6.5850211083042969E-003
         436   6.5855545591938982E-003  -6.5855545591938982E-003
         437   1.0952598529906587E-002   1.0952598529906587E-002
         438   1.0938120134826283E-002   1.0938120134826283E-002
         439   6.5572629405843373E-003  -6.5572629405843373E-003
         440   6.5577859470816362E-003  -6.5577859470816362E-003
         441   1.0906515992501080E-002   1.0906515992501080E-002
         442   1.0892238219247086E-002   1.0892238219247086E-002
         443   6.5298922665704591E-003  -6.5298922665704591E-003
         444   1.0869537672054530E-002   1.0869537672054530E-002
         445   6.5163350688946372E-003  -6.5163350688946372E-003
         446   6.5168429385517408E-003  -6.5168429385517408E-003
         447   6.5173432193753296E-003  -6.5173432193753296E-003
         448   6.5178359448892706E-003  -6.5178359448892706E-003
         449   1.0821821715817841E-002   1.0821821715817841E-002
         450   6.5044426572530038E-003  -6.5044426572530038E-003
         451   1.0799607949974359E-002   1.0799607949974359E-002
         452   1.0785809656138538E-002   1.0785809656138538E-002
         453   6.4774242667840539E-003  -6.4774242667840539E-003
         454   6.4779028472722070E-003  -6.4779028472722070E-003
         455   1.0755635559667538E-002   1.0755635559667538E-002
         456   6.4647818036811773E-003  -6.4647818036811773E-003
         457   6.4652486411117590E-003  -6.4652486411117590E-003
         458   1.0725733826639739E-002   1.0725733826639739E-002
         459   1.0712256324313114E-002   1.0712256324313114E-002
         460   6.4388315435474812E-003  -6.4388315435474812E-003
         461   6.4392895133597479E-003  -6.4392895133597479E-003
         462   6.4397405360049507E-003  -6.4397405360049507E-003
         463   6.4401846343395790E-003  -6.4401846343395790E-003
         464   1.0666733081587767E-002   1.0666733081587767E-002
         465   6.4273919766595633E-003  -6.4273919766595633E-003
         466   6.4278250315526267E-003  -6.4278250315526267E-003
         467   6.4282513157668834E-003  -6.4282513157668834E-003
         468   6.4286708486508415E-003  -6.4286708486508415E-003
         469   6.4290836462676951E-003  -6.4290836462676951E-003
         470   6.4294897633826375E-003  -6.4294897633826375E-003
         471   6.4298892095063526E-003  -6.4298892095063526E-003
         472   1.0598072755331218E-002   1.0598072755331218E-002
         473   6.4173091970984447E-003  -6.4173091970984447E-003
         474   1.0577359144120771E-002   1.0577359144120771E-002
         475   6.4048114723094605E-003  -6.4048114723094605E-003
         476   6.4051968077605149E-003  -6.4051968077605149E-003
         477   1.0549006273573486E-002   1.0549006273573486E-002
         478   1.0536335689271099E-002   1.0536335689271099E-002
         479   1.0523706768660789E-002   1.0523706768660789E-002
         480   1.0511119277700634E-002   1.0511119277700634E-002
         481   6.3548183729459510E-003  -6.3548183729459510E-003
         482   1.0490970216715516E-002   1.0490970216715516E-002
         483   6.3426793960552012E-003  -6.3426793960552012E-003
         484   1.0470950568783090E-002   1.0470950568783090E-002
         485   1.0458563430914024E-002   1.0458563430914024E-002
         486   1.0446216501630383E-002   1.0446216501630383E-002
         487   6.3058998293341615E-003  -6.3058998293341615E-003
         488   6.3062812012575397E-003  -6.3062812012575397E-003
         489   6.3066565707306753E-003  -6.3066565707306753E-003
         490   1.0411656608549674E-002   1.0411656608549674E-002
         491   1.0399501879351319E-002   1.0399501879351319E-002
         492   1.0387386151955440E-002   1.0387386151955440E-002
         493   6.2705779477688637E-003  -6.2705779477688637E-003
         494   6.2709489318664600E-003  -6.2709489318664600E-003
         495   6.2713141459723913E-003  -6.2713141459723913E-003
         496   1.0353479436364679E-002   1.0353479436364679E-002
         497   1.0341550013943535E-002   1.0341550013943535E-002
         498   1.0329658404971576E-002   1.0329658404971576E-002
         499   1.0317804453435737E-002   1.0317804453435737E-002
         500   6.2240969789741510E-003  -6.2240969789741510E-003
         501   6.2244603388940251E-003  -6.2244603388940251E-003
         502   1.0291770766996271E-002   1.0291770766996271E-002
         503   6.2130979337639567E-003  -6.2130979337639567E-003
         504   1.0273001833720602E-002   1.0273001833720602E-002
         505   6.2018053356842047E-003  -6.2018053356842047E-003
         506   1.0254348102080901E-002   1.0254348102080901E-002
         507   6.1905818013069753E-003  -6.1905818013069753E-003
         508   6.1909302041858226E-003  -6.1909302041858226E-003
         509   1.0228844559741233E-002   1.0228844559741233E-002
         510   6.1797925291508073E-003  -6.1797925291508073E-003
         511   1.0210460096178769E-002   1.0210460096178769E-002
         512   1.0199065540423815E-002   1.0199065540423815E-002
         513   6.1573596270601957E-003  -6.1573596270601957E-003
         514   1.0180861077835716E-002   1.0180861077835716E-002
         515   6.1464055358886700E-003  -6.1464055358886700E-003
         516   6.1467418815016450E-003  -6.1467418815016450E-003
         517   1.0155971258650228E-002   1.0155971258650228E-002
         518   6.1358703080911037E-003  -6.1358703080911037E-003
         519   1.0138025528246700E-002   1.0138025528246700E-002
         520   6.1250636123060011E-003  -6.1250636123060011E-003
         521   6.1253891255072229E-003  -6.1253891255072229E-003
         522   6.1257096464100071E-003  -6.1257096464100071E-003
         523   1.0106785364704187E-002   1.0106785364704187E-002
         524   6.1149999986679473E-003  -6.1149999986679473E-003
         525   1.0089132023586486E-002   1.0089132023586486E-002
         526   1.0078199574552095E-002   1.0078199574552095E-002
         527   6.0934386389663170E-003  -6.0934386389663170E-003
         528   1.0060714519950890E-002   1.0060714519950890E-002
         529   1.0049878308244116E-002   1.0049878308244116E-002
         530   6.0720944886582754E-003  -6.0720944886582754E-003
         531   6.0724062279574583E-003  -6.0724062279574583E-003
         532   6.0727132430887518E-003  -6.0727132430887518E-003
         533   1.0019551558938550E-002   1.0019551558938550E-002
         534   1.0008870438753462E-002   1.0008870438753462E-002
         535   9.9982208812967200E-003   9.9982208812967200E-003
         536   9.9876027683950298E-003   9.9876027683950298E-003
         537   9.9770159586446572E-003   9.9770159586446572E-003
         538   9.9664603201348873E-003   9.9664603201348873E-003
         539   9.9559357108094590E-003   9.9559357108094590E-003
         540   5.9989895619662354E-003  -5.9989895619662354E-003
         541   5.9993013378058842E-003  -5.9993013378058842E-003
         542   5.9996086647361889E-003  -5.9996086647361889E-003
         543   9.9266135403267234E-003   9.9266135403267234E-003
         544   5.9895608743713363E-003  -5.9895608743713363E-003
         545   5.9898612622469984E-003  -5.9898612622469984E-003
         546   9.9037785546275663E-003   9.9037785546275663E-003
         547   9.8934881378784801E-003   9.8934881378784801E-003
         548   9.8832274923368359E-003   9.8832274923368359E-003
         549   5.9594604436425001E-003  -5.9594604436425001E-003
         550   9.8668629648106347E-003   9.8668629648106347E-003
         551   9.8566890177263552E-003   9.8566890177263552E-003
         552   9.8465443063934146E-003   9.8465443063934146E-003
         553   5.9294714858030588E-003  -5.9294714858030588E-003
         554   5.9297700967112146E-003  -5.9297700967112146E-003
         555   9.8243482344597191E-003   9.8243482344597191E-003
         556   9.8143155549716612E-003   9.8143155549716612E-003
         557   5.9101396043462770E-003  -5.9101396043462770E-003
         558   9.7983355524257614E-003   9.7983355524257614E-003
         559   9.7883864292316741E-003   9.7883864292316741E-003
         560   5.8906958135086568E-003  -5.8906958135086568E-003
         561   5.8909891240256518E-003  -5.8909891240256518E-003
         562   9.7666402149707305E-003   9.7666402149707305E-003
         563   5.8815008267015618E-003  -5.8815008267015618E-003
         564   5.8817878359168248E-003  -5.8817878359168248E-003
         565   5.8820708682397038E-003  -5.8820708682397038E-003
         566   9.7391902497674654E-003   9.7391902497674654E-003
         567   5.8726612630569013E-003  -5.8726612630569013E-003
         568   9.7236237205715302E-003   9.7236237205715302E-003
         569   5.8633028784195601E-003  -5.8633028784195601E-003
         570   9.7081418335754101E-003   9.7081418335754101E-003
         571   9.6985107511059869E-003   9.6985107511059869E-003
         572   5.8444485371239342E-003  -5.8444485371239342E-003
         573   9.6831645989196337E-003   9.6831645989196337E-003
         574   5.8352282435407514E-003  -5.8352282435407514E-003
         575   5.8355003949661392E-003  -5.8355003949661392E-003
         576   9.6621970712399315E-003   9.6621970712399315E-003
         577   5.8263424331856202E-003  -5.8263424331856202E-003
         578   5.8266087581678510E-003  -5.8266087581678510E-003
         579   9.6413795881178741E-003   9.6413795881178741E-003
         580   5.8175124080759623E-003  -5.8175124080759623E-003
         581   5.8177729838553519E-003  -5.8177729838553519E-003
         582   5.8180298916098395E-003  -5.8180298916098395E-003
         583   9.6150866340776481E-003   9.6150866340776481E-003
         584   5.8090069492633539E-003  -5.8090069492633539E-003
         585   9.6001874441991840E-003   9.6001874441991840E-003
         586   9.5909306632864996E-003   9.5909306632864996E-003
         587   9.5816988886754505E-003   9.5816988886754505E-003
         588   5.7816786287904730E-003  -5.7816786287904730E-003
         589   5.7819312713298350E-003  -5.7819312713298350E-003
         590   9.5614646853483462E-003   9.5614646853483462E-003
         591   5.7730847489923234E-003  -5.7730847489923234E-003
         592   9.5468474069524932E-003   9.5468474069524932E-003
         593   9.5377589612884433E-003   9.5377589612884433E-003
         594   9.5286948009115444E-003   9.5286948009115444E-003
         595   5.7462861754404761E-003  -5.7462861754404761E-003
         596   9.5142477452517873E-003   9.5142477452517873E-003
         597   9.5052543078545711E-003   9.5052543078545711E-003
         598   5.7286946145747196E-003  -5.7286946145747196E-003
         599   9.4909283396026820E-003   9.4909283396026820E-003
         600   9.4820047069815831E-003   9.4820047069815831E-003
         601   5.7112587033668035E-003  -5.7112587033668035E-003
         602   9.4677981533383658E-003   9.4677981533383658E-003
         603   9.4589434483216047E-003   9.4589434483216047E-003
         604   9.4501120432610667E-003   9.4501120432610667E-003
         605   9.4413038552533038E-003   9.4413038552533038E-003
         606   9.4325187978949593E-003   9.4325187978949593E-003
         607   9.4237567845953212E-003   9.4237567845953212E-003
         608   5.6592825496925006E-003  -5.6592825496925006E-003
         609   5.6595357120302761E-003  -5.6595357120302761E-003
         610   5.6597856682643471E-003  -5.6597856682643471E-003
         611   9.3995184192718680E-003   9.3995184192718680E-003
         612   9.3908652126287497E-003   9.3908652126287497E-003
         613   5.6429510780544355E-003  -5.6429510780544355E-003
         614   9.3771205986161142E-003   9.3771205986161142E-003
         615   9.3685329027279659E-003   9.3685329027279659E-003
         616   9.3599674170893842E-003   9.3599674170893842E-003
         617   9.3514240366840244E-003   9.3514240366840244E-003
         618   5.6094418600139877E-003  -5.6094418600139877E-003
         619   5.6096904859533059E-003  -5.6096904859533059E-003
         620   9.3328540949747588E-003   9.3328540949747588E-003
         621   5.6015965017281663E-003  -5.6015965017281663E-003
         622   9.3193985048834992E-003   9.3193985048834992E-003
         623   9.3109810014230503E-003   9.3109810014230503E-003
         624   5.5852730003780257E-003  -5.5852730003780257E-003
         625   5.5855164722006549E-003  -5.5855164722006549E-003
         626   5.5857569844642565E-003  -5.5857569844642565E-003
         627   5.5859945541418942E-003  -5.5859945541418942E-003
         628   5.5862291782425751E-003  -5.5862291782425751E-003
         629   9.2778772773942138E-003   9.2778772773942138E-003
         630   9.2696004659170786E-003   9.2696004659170786E-003
         631   9.2613445350422392E-003   9.2613445350422392E-003
         632   5.5620158390500517E-003  -5.5620158390500517E-003
         633   9.2482408462921870E-003   9.2482408462921870E-003
         634   5.5541674963013104E-003  -5.5541674963013104E-003
         635   5.5543985500972233E-003  -5.5543985500972233E-003
         636   9.2303612354980562E-003   9.2303612354980562E-003
         637   9.2222243064176302E-003   9.2222243064176302E-003
         638   9.2141076936769623E-003   9.2141076936769623E-003
         639   9.2060113285533148E-003   9.2060113285533148E-003
         640   5.5226717705354790E-003  -5.5226717705354790E-003
         641   9.1931747951611419E-003   9.1931747951611419E-003
         642   9.1851371306515515E-003   9.1851371306515515E-003
         643   9.1771193993497261E-003   9.1771193993497261E-003
         644   9.1691215217950539E-003   9.1691215217950539E-003
         645   5.4914162007258568E-003  -5.4914162007258568E-003
         646   5.4916484914831762E-003  -5.4916484914831762E-003
         647   5.4918780914262992E-003  -5.4918780914262992E-003
         648   9.1471087081925403E-003   9.1471087081925403E-003
         649   9.1392042670558182E-003   9.1392042670558182E-003
         650   5.4765886980249817E-003  -5.4765886980249817E-003
         651   9.1266857326485120E-003   9.1266857326485120E-003
         652   9.1188377036357914E-003   9.1188377036357914E-003
         653   9.1110088681234450E-003   9.1110088681234450E-003
         654   5.4537646393437288E-003  -5.4537646393437288E-003
         655   9.0986225400735941E-003   9.0986225400735941E-003
         656   9.0908492293843794E-003   9.0908492293843794E-003
         657   5.4387719460686837E-003  -5.4387719460686837E-003
         658   5.4389988472435214E-003  -5.4389988472435214E-003
         659   5.4392231885337225E-003  -5.4392231885337225E-003
         660   9.0694947953990877E-003   9.0694947953990877E-003
         661   5.4319061308718561E-003  -5.4319061308718561E-003
         662   9.0573029620920550E-003   9.0573029620920550E-003
         663   9.0496541766948713E-003   9.0496541766948713E-003
         664   9.0420237949542792E-003   9.0420237949542792E-003
         665   5.4096877799176451E-003  -5.4096877799176451E-003
         666   5.4099088324081465E-003  -5.4099088324081465E-003
         667   9.0255096572653369E-003   9.0255096572653369E-003
         668   9.0179490869486019E-003   9.0179490869486019E-003
         669   5.3953312209293466E-003  -5.3953312209293466E-003
         670   9.0059947200643951E-003   9.0059947200643951E-003
         671   5.3881973371221661E-003  -5.3881973371221661E-003
         672   5.3884142096682587E-003  -5.3884142096682587E-003
         673   8.9897079662650883E-003   8.9897079662650883E-003
         674   8.9822501601533374E-003   8.9822501601533374E-003
         675   8.9748099795381540E-003   8.9748099795381540E-003
         676   5.3667754980819445E-003  -5.3667754980819445E-003
         677   8.9630522426492019E-003   8.9630522426492019E-003
         678   8.9556631298445665E-003   8.9556631298445665E-003
         679   8.9482913895871409E-003   8.9482913895871409E-003
         680   5.3453731964279551E-003  -5.3453731964279551E-003
         681   8.9366529273223489E-003   8.9366529273223489E-003
         682   8.9293314836211730E-003   8.9293314836211730E-003
         683   8.9220271778211614E-003   8.9220271778211614E-003
         684   8.9147399655340760E-003   8.9147399655340760E-003
         685   5.3171186213094362E-003  -5.3171186213094362E-003
         686   5.3173358662981585E-003  -5.3173358662981585E-003
         687   5.3175508415221843E-003  -5.3175508415221843E-003
         688   5.3177635899315122E-003  -5.3177635899315122E-003
         689   8.8906186850673790E-003   8.8906186850673790E-003
         690   8.8834265503594193E-003   8.8834265503594193E-003
         691   5.3039516404164919E-003  -5.3039516404164919E-003
         692   8.8720780795322543E-003   8.8720780795322543E-003
         693   5.2971926942948274E-003  -5.2971926942948274E-003
         694   8.8607799146868758E-003   8.8607799146868758E-003
         695   5.2904636222187813E-003  -5.2904636222187813E-003
         696   5.2906712204957114E-003  -5.2906712204957114E-003
         697   8.8453997616336141E-003   8.8453997616336141E-003
         698   5.2839795490100937E-003  -5.2839795490100937E-003
         699   5.2841837330976967E-003  -5.2841837330976967E-003
         700   8.8301099513802880E-003   8.8301099513802880E-003
         701   8.8230888620328459E-003   8.8230888620328459E-003
         702   8.8160837593758215E-003   8.8160837593758215E-003
         703   8.8090945937104818E-003   8.8090945937104818E-003
         704   8.8021213287002940E-003   8.8021213287002940E-003
         705   5.2503076123963169E-003  -5.2503076123963169E-003
         706   8.7911292090858753E-003   8.7911292090858753E-003
         707   8.7842017890394919E-003   8.7842017890394919E-003
         708   8.7772900482668923E-003   8.7772900482668923E-003
         709   5.2303370116312115E-003  -5.2303370116312115E-003
         710   8.7664047249045585E-003   8.7664047249045585E-003
         711   5.2238661804257600E-003  -5.2238661804257600E-003
         712   5.2240698480509806E-003  -5.2240698480509806E-003
         713   5.2242714603392276E-003  -5.2242714603392276E-003
         714   8.7476335728417422E-003   8.7476335728417422E-003
         715   5.2178429949920708E-003  -5.2178429949920708E-003
         716   5.2180414158987300E-003  -5.2180414158987300E-003
         717   5.2182378436998189E-003  -5.2182378436998189E-003
         718   8.7289926098254901E-003   8.7289926098254901E-003
         719   8.7222395265128521E-003   8.7222395265128521E-003
         720   8.7155014487340712E-003   8.7155014487340712E-003
         721   5.1987468793964478E-003  -5.1987468793964478E-003
         722   5.1989418268551645E-003  -5.1989418268551645E-003
         723   5.1991348253370186E-003  -5.1991348253370186E-003
         724   8.6970990074908671E-003   8.6970990074908671E-003
         725   5.1928293343501191E-003  -5.1928293343501191E-003
         726   5.1930192653350310E-003  -5.1930192653350310E-003
         727   5.1932072551602341E-003  -5.1932072551602341E-003
         728   8.6788225214028073E-003   8.6788225214028073E-003
         729   5.1869422972940366E-003  -5.1869422972940366E-003
         730   5.1871272839491018E-003  -5.1871272839491018E-003
         731   5.1873103640834193E-003  -5.1873103640834193E-003
         732   8.6606705350814085E-003   8.6606705350814085E-003
         733   5.1810855088217766E-003  -5.1810855088217766E-003
         734   8.6502843531196978E-003   8.6502843531196978E-003
         735   8.6437518925904094E-003   8.6437518925904094E-003
         736   5.1685259779849111E-003  -5.1685259779849111E-003
         737   8.6334359816527956E-003   8.6334359816527956E-003
         738   8.6269446840430575E-003   8.6269446840430575E-003
         739   8.6204674251317281E-003   8.6204674251317281E-003
         740   5.1497580975854648E-003  -5.1497580975854648E-003
         741   8.6102475170861999E-003   8.6102475170861999E-003
         742   8.6038108397540319E-003   8.6038108397540319E-003
         743   8.5973880252193883E-003   8.5973880252193883E-003
         744   8.5909790337698570E-003   8.5909790337698570E-003
         745   5.1249584570155901E-003  -5.1249584570155901E-003
         746   8.5808796552263571E-003   8.5808796552263571E-003
         747   8.5745105432442747E-003   8.5745105432442747E-003
         748   5.1127722198006939E-003  -5.1127722198006939E-003
         749   5.1129537521680812E-003  -5.1129537521680812E-003
         750   5.1131335200640818E-003  -5.1131335200640818E-003
         751   5.1133115221098742E-003  -5.1133115221098742E-003
         752   5.1134877738506146E-003  -5.1134877738506146E-003
         753   8.5498033509996841E-003   8.5498033509996841E-003
         754   5.1075451078851520E-003  -5.1075451078851520E-003
         755   8.5398734217578300E-003   8.5398734217578300E-003
         756   8.5336177483971605E-003   8.5336177483971605E-003
         757   5.0955514513053822E-003  -5.0955514513053822E-003
         758   5.0957247530189348E-003  -5.0957247530189348E-003
         759   5.0958963340239785E-003  -5.0958963340239785E-003
         760   8.5165180151639350E-003   8.5165180151639350E-003
         761   8.5103243554514353E-003   8.5103243554514353E-003
         762   8.5041437017779643E-003   8.5041437017779643E-003
         763   8.4979760029011264E-003   8.4979760029011264E-003
         764   5.0720283010093972E-003  -5.0720283010093972E-003
         765   8.4882544994058368E-003   8.4882544994058368E-003
         766   5.0662390176912653E-003  -5.0662390176912653E-003
         767   5.0664092345119784E-003  -5.0664092345119784E-003
         768   5.0665777805491870E-003  -5.0665777805491870E-003
         769   8.4714763000464932E-003   8.4714763000464932E-003
         770   5.0608237540516604E-003  -5.0608237540516604E-003
         771   5.0609897377589677E-003  -5.0609897377589677E-003
         772   8.4583322874769752E-003   8.4583322874769752E-003
         773   5.0552645805133026E-003  -5.0552645805133026E-003
         774   5.0554280222890810E-003  -5.0554280222890810E-003
         775   8.4452579304205265E-003   8.4452579304205265E-003
         776   5.0497315023597198E-003  -5.0497315023597198E-003
         777   8.4357475655063505E-003   8.4357475655063505E-003
         778   8.4297586379877103E-003   8.4297586379877103E-003
         779   8.4237820023648317E-003   8.4237820023648317E-003
         780   8.4178176436618506E-003   8.4178176436618506E-003
         781   5.0266466117131836E-003  -5.0266466117131836E-003
         782   5.0268087980165294E-003  -5.0268087980165294E-003
         783   5.0269694069685891E-003  -5.0269694069685891E-003
         784   5.0271284471163471E-003  -5.0271284471163471E-003
         785   8.3980774602532161E-003   8.3980774602532161E-003
         786   8.3921812805443450E-003   8.3921812805443450E-003
         787   5.0158151769004915E-003  -5.0158151769004915E-003
         788   8.3828786017670891E-003   8.3828786017670891E-003
         789   5.0102672947008415E-003  -5.0102672947008415E-003
         790   5.0104237760496221E-003  -5.0104237760496221E-003
         791   8.3702098317643536E-003   8.3702098317643536E-003
         792   8.3643816508618719E-003   8.3643816508618719E-003
         793   4.9992424325915304E-003  -4.9992424325915304E-003
         794   4.9993972333792665E-003  -4.9993972333792665E-003
         795   8.3518110106368948E-003   8.3518110106368948E-003
         796   4.9939190657205300E-003  -4.9939190657205300E-003
         797   8.3426648568751312E-003   8.3426648568751312E-003
         798   4.9884619647247996E-003  -4.9884619647247996E-003
         799   4.9886136046957989E-003  -4.9886136046957989E-003
         800   8.3302070537258684E-003   8.3302070537258684E-003
         801   4.9831829372920652E-003  -4.9831829372920652E-003
         802   8.3211440828568368E-003   8.3211440828568368E-003
         803   8.3154367155226731E-003   8.3154367155226731E-003
         804   8.3097407018383612E-003   8.3097407018383612E-003
         805   8.3040559947758358E-003   8.3040559947758358E-003
         806   4.9611818830049498E-003  -4.9611818830049498E-003
         807   4.9613324619087610E-003  -4.9613324619087610E-003
         808   4.9614815851354464E-003  -4.9614815851354464E-003
         809   8.2885178593353412E-003   8.2885178593353412E-003
         810   4.9561480564753301E-003  -4.9561480564753301E-003
         811   8.2796130411877597E-003   8.2796130411877597E-003
         812   4.9508346688517928E-003  -4.9508346688517928E-003
         813   8.2707418259465454E-003   8.2707418259465454E-003
         814   8.2651521683524444E-003   8.2651521683524444E-003
         815   4.9401157432358107E-003  -4.9401157432358107E-003
         816   8.2563350327550383E-003   8.2563350327550383E-003
         817   4.9348568074185266E-003  -4.9348568074185266E-003
         818   8.2475509742110879E-003   8.2475509742110879E-003
         819   8.2420137416007039E-003   8.2420137416007039E-003
         820   8.2364873278889771E-003   8.2364873278889771E-003
         821   8.2309716920429769E-003   8.2309716920429769E-003
         822   4.9135462313354547E-003  -4.9135462313354547E-003
         823   8.2222812928041140E-003   8.2222812928041140E-003
         824   8.2167967311735663E-003   8.2167967311735663E-003
         825   8.2113228231434649E-003   8.2113228231434649E-003
         826   4.8977629867902172E-003  -4.8977629867902172E-003
         827   8.2027046401410113E-003   8.2027046401410113E-003
         828   8.1972614187795206E-003   8.1972614187795206E-003
         829   8.1918286986380883E-003   8.1918286986380883E-003
         830   4.8821199174582230E-003  -4.8821199174582230E-003
         831   4.8822672288753952E-003  -4.8822672288753952E-003
         832   4.8824132100107193E-003  -4.8824132100107193E-003
         833   8.1770397919278363E-003   8.1770397919278363E-003
         834   8.1716560587454905E-003   8.1716560587454905E-003
         835   8.1662826471945778E-003   8.1662826471945778E-003
         836   4.8669431070601241E-003  -4.8669431070601241E-003
         837   4.8670882059102770E-003  -4.8670882059102770E-003
         838   4.8672320074078937E-003  -4.8672320074078937E-003
         839   8.1516563786720991E-003   8.1516563786720991E-003
         840   8.1463310551848460E-003   8.1463310551848460E-003
         841   8.1410158790220510E-003   8.1410158790220510E-003
         842   4.8519317241531804E-003  -4.8519317241531804E-003
         843   8.1326545689882086E-003   8.1326545689882086E-003
         844   4.8469586717157214E-003  -4.8469586717157214E-003
         845   4.8471009082402669E-003  -4.8471009082402669E-003
         846   8.1212808715957294E-003   8.1212808715957294E-003
         847   4.8421505808084976E-003  -4.8421505808084976E-003
         848   4.8422908435712189E-003  -4.8422908435712189E-003
         849   8.1099620261926159E-003   8.1099620261926159E-003
         850   8.1047317308721618E-003   8.1047317308721618E-003
         851   4.8323087362265489E-003  -4.8323087362265489E-003
         852   4.8324476339561429E-003  -4.8324476339561429E-003
         853   8.0934943442395463E-003   8.0934943442395463E-003
         854   4.8275551423322795E-003  -4.8275551423322795E-003
         855   8.0853048384453684E-003   8.0853048384453684E-003
         856   4.8226801396407575E-003  -4.8226801396407575E-003
         857   8.0771445945121666E-003   8.0771445945121666E-003
         858   8.0719883084211085E-003   8.0719883084211085E-003
         859   4.8128407335627857E-003  -4.8128407335627857E-003
         860   4.8129769246403825E-003  -4.8129769246403825E-003
         861   4.8131119037561490E-003  -4.8131119037561490E-003
         862   4.8132456824832824E-003  -4.8132456824832824E-003
         863   8.0549893020678276E-003   8.0549893020678276E-003
         864   8.0498864418016118E-003   8.0498864418016118E-003
         865   4.8034968985317967E-003  -4.8034968985317967E-003
         866   8.0418521937908535E-003   8.0418521937908535E-003
         867   4.7987122563899441E-003  -4.7987122563899441E-003
         868   4.7988440825114664E-003  -4.7988440825114664E-003
         869   8.0309181371298628E-003   8.0309181371298628E-003
         870   8.0258687202797788E-003   8.0258687202797788E-003
         871   8.0208285910773631E-003   8.0208285910773631E-003
         872   8.0157977096705999E-003   8.0157977096705999E-003
         873   4.7794689623412876E-003  -4.7794689623412876E-003
         874   4.7796005779930642E-003  -4.7796005779930642E-003
         875   8.0049912871096689E-003   8.0049912871096689E-003
         876   4.7748948215187931E-003  -4.7748948215187931E-003
         877   7.9971141935016692E-003   7.9971141935016692E-003
         878   4.7702054083922909E-003  -4.7702054083922909E-003
         879   7.9892644924414412E-003   7.9892644924414412E-003
         880   7.9843029808376303E-003   7.9843029808376303E-003
         881   4.7607413362935717E-003  -4.7607413362935717E-003
         882   7.9764974333114483E-003   7.9764974333114483E-003
         883   4.7560962640843616E-003  -4.7560962640843616E-003
         884   7.9687188823133522E-003   7.9687188823133522E-003
         885   4.7514672142189998E-003  -4.7514672142189998E-003
         886   7.9609671815127469E-003   7.9609671815127469E-003
         887   7.9560655195203660E-003   7.9560655195203660E-003
         888   7.9511727032349922E-003   7.9511727032349922E-003
         889   4.7374054868915584E-003  -4.7374054868915584E-003
         890   7.9434807129114601E-003   7.9434807129114601E-003
         891   7.9386133534117918E-003   7.9386133534117918E-003
         892   4.7281399343336115E-003  -4.7281399343336115E-003
         893   4.7282681331689853E-003  -4.7282681331689853E-003
         894   7.9281754460707055E-003   7.9281754460707055E-003
         895   4.7237252156519319E-003  -4.7237252156519319E-003
         896   4.7238517320411016E-003  -4.7238517320411016E-003
         897   7.9177851119154891E-003   7.9177851119154891E-003
         898   4.7193283926437327E-003  -4.7193283926437327E-003
         899   7.9102073812883974E-003   7.9102073812883974E-003
         900   4.7148203936322750E-003  -4.7148203936322750E-003
         901   4.7149446812745736E-003  -4.7149446812745736E-003
         902   4.7150679038229807E-003  -4.7150679038229807E-003
         903   4.7151900485686927E-003  -4.7151900485686927E-003
         904   4.7153111648977888E-003  -4.7153111648977888E-003
         905   4.7154312055962553E-003  -4.7154312055962553E-003
         906   7.8888958435459518E-003   7.8888958435459518E-003
         907   4.7109586735295302E-003  -4.7109586735295302E-003
         908   7.8814172258747494E-003   7.8814172258747494E-003
         909   7.8766929907462015E-003   7.8766929907462015E-003
         910   7.8719770550134769E-003   7.8719770550134769E-003
         911   4.6973807011129014E-003  -4.6973807011129014E-003
         912   4.6974995620844432E-003  -4.6974995620844432E-003
         913   4.6976174047254089E-003  -4.6976174047254089E-003
         914   7.8591310459870268E-003   7.8591310459870268E-003
         915   4.6932045306886895E-003  -4.6932045306886895E-003
         916   4.6933207957679194E-003  -4.6933207957679194E-003
         917   7.8490524063358959E-003   7.8490524063358959E-003
         918   7.8443979522414414E-003   7.8443979522414414E-003
         919   4.6844272577980205E-003  -4.6844272577980205E-003
         920   7.8370680394801127E-003   7.8370680394801127E-003
         921   7.8324370240094431E-003   7.8324370240094431E-003
         922   7.8278140501242578E-003   7.8278140501242578E-003
         923   7.8231990969494410E-003   7.8231990969494410E-003
         924   4.6666662312606598E-003  -4.6666662312606598E-003
         925   7.8159384832874688E-003   7.8159384832874688E-003
         926   7.8113466135201620E-003   7.8113466135201620E-003
         927   4.6579140645181668E-003  -4.6579140645181668E-003
         928   4.6580300927137235E-003  -4.6580300927137235E-003
         929   7.8014886982980822E-003   7.8014886982980822E-003
         930   4.6537354287936742E-003  -4.6537354287936742E-003
         931   4.6538499644506008E-003  -4.6538499644506008E-003
         932   4.6539635068559371E-003  -4.6539635068559371E-003
         933   7.7890504559068692E-003   7.7890504559068692E-003
         934   7.7845173982319634E-003   7.7845173982319634E-003
         935   7.7799920748539749E-003   7.7799920748539749E-003
         936   7.7754744991496184E-003   7.7754744991496184E-003
         937   7.7709646533181071E-003   7.7709646533181071E-003
         938   7.7664624814381819E-003   7.7664624814381819E-003
         939   4.6279077670746448E-003  -4.6279077670746448E-003
         940   4.6280220766167397E-003  -4.6280220766167397E-003
         941   7.7568070060018346E-003   7.7568070060018346E-003
         942   7.7523338255529144E-003   7.7523338255529144E-003
         943   4.6195081499125394E-003  -4.6195081499125394E-003
         944   4.6196214545877017E-003  -4.6196214545877017E-003
         945   7.7427408678262463E-003   7.7427408678262463E-003
         946   7.7382963552830222E-003   7.7382963552830222E-003
         947   7.7338593568530671E-003   7.7338593568530671E-003
         948   7.7294298579128184E-003   7.7294298579128184E-003
         949   4.6026289888507731E-003  -4.6026289888507731E-003
         950   7.7224728322707560E-003   7.7224728322707560E-003
         951   7.7180648821500572E-003   7.7180648821500572E-003
         952   4.5942547282675191E-003  -4.5942547282675191E-003
         953   4.5943678188666692E-003  -4.5943678188666692E-003
         954   7.7086253135456671E-003   7.7086253135456671E-003
         955   7.7042453430107988E-003   7.7042453430107988E-003
         956   7.6998727078032222E-003   7.6998727078032222E-003
         957   7.6955073965475507E-003   7.6955073965475507E-003
         958   7.6911493770238553E-003   7.6911493770238553E-003
         959   7.6867986343364591E-003   7.6867986343364591E-003
         960   4.5692911945562518E-003  -4.5692911945562518E-003
         961   7.6799760506321198E-003   7.6799760506321198E-003
         962   4.5652428835940484E-003  -4.5652428835940484E-003
         963   4.5653561269704112E-003  -4.5653561269704112E-003
         964   7.6707055293213965E-003   7.6707055293213965E-003
         965   7.6663957101889861E-003   7.6663957101889861E-003
         966   7.6620930444545043E-003   7.6620930444545043E-003
         967   7.6577974961959316E-003   7.6577974961959316E-003
         968   4.5489438801717286E-003  -4.5489438801717286E-003
         969   4.5490569563320067E-003  -4.5490569563320067E-003
         970   7.6486241223531811E-003   7.6486241223531811E-003
         971   7.6443553560047849E-003   7.6443553560047849E-003
         972   7.6400936236695012E-003   7.6400936236695012E-003
         973   4.5368936434939666E-003  -4.5368936434939666E-003
         974   4.5370061470477833E-003  -4.5370061470477833E-003
         975   4.5371177954650985E-003  -4.5371177954650985E-003
         976   4.5372285895831860E-003  -4.5372285895831860E-003
         977   7.6261612141068219E-003   7.6261612141068219E-003
         978   4.5332807360403604E-003  -4.5332807360403604E-003
         979   7.6195288539061884E-003   7.6195288539061884E-003
         980   7.6153189051482830E-003   7.6153189051482830E-003
         981   7.6111158438400316E-003   7.6111158438400316E-003
         982   4.5212806422166305E-003  -4.5212806422166305E-003
         983   7.6045295784841482E-003   7.6045295784841482E-003
         984   7.6003462658751639E-003   7.6003462658751639E-003
         985   7.5961697611677493E-003   7.5961697611677493E-003
         986   4.5093695307073349E-003  -4.5093695307073349E-003
         987   7.5896290558946523E-003   7.5896290558946523E-003
         988   4.5054934952545060E-003  -4.5054934952545060E-003
         989   4.5056031066297280E-003  -4.5056031066297280E-003
         990   7.5807464042562840E-003   7.5807464042562840E-003
         991   7.5766081039755975E-003   7.5766081039755975E-003
         992   4.4977806922317119E-003  -4.4977806922317119E-003
         993   7.5701274483058771E-003   7.5701274483058771E-003
         994   4.4939401819413397E-003  -4.4939401819413397E-003
         995   7.5636665923145925E-003   7.5636665923145925E-003
         996   7.5595600504135456E-003   7.5595600504135456E-003
         997   4.4861825488751953E-003  -4.4861825488751953E-003
         998   7.5531311401708014E-003   7.5531311401708014E-003
         999   7.5490436201467214E-003   7.5490436201467214E-003
        1000   7.5449626398507519E-003   7.5449626398507519E-003
        1001   7.5408881974130251E-003   7.5408881974130251E-003
        1002   7.5368202804904985E-003   7.5368202804904985E-003
        1003   7.5327588592884751E-003   7.5327588592884751E-003
        1004   4.4629112883678478E-003  -4.4629112883678478E-003
        1005   7.5264098135360115E-003   7.5264098135360115E-003
        1006   7.5223670639060656E-003   7.5223670639060656E-003
        1007   4.4552994640511788E-003  -4.4552994640511788E-003
        1008   4.4554088344970592E-003  -4.4554088344970592E-003
        1009   4.4555174366260417E-003  -4.4555174366260417E-003
        1010   4.4556252572276155E-003  -4.4556252572276155E-003
        1011   4.4557323249565578E-003  -4.4557323249565578E-003
        1012   4.4558386056607335E-003  -4.4558386056607335E-003
        1013   4.4559441384643787E-003  -4.4559441384643787E-003
        1014   7.5023902550998070E-003   7.5023902550998070E-003
        1015   7.4983997216676581E-003   7.4983997216676581E-003
        1016   7.4944154769283691E-003   7.4944154769283691E-003
        1017   7.4904375012705242E-003   7.4904375012705242E-003
        1018   7.4864658134726272E-003   7.4864658134726272E-003
        1019   7.4825003624640540E-003   7.4825003624640540E-003
        1020   4.4332310158200858E-003  -4.4332310158200858E-003
        1021   4.4333370283045652E-003  -4.4333370283045652E-003
        1022   4.4334423067505582E-003  -4.4334423067505582E-003
        1023   7.4718275971546308E-003   7.4718275971546308E-003
        1024   7.4678910000226849E-003   7.4678910000226849E-003
        1025   4.4260244324758552E-003  -4.4260244324758552E-003
        1026   7.4617360642131670E-003   7.4617360642131670E-003
        1027   7.4578171794356602E-003   7.4578171794356602E-003
        1028   7.4539044083801681E-003   7.4539044083801681E-003
        1029   4.4149129384232887E-003  -4.4149129384232887E-003
        1030   7.4477901909687765E-003   7.4477901909687765E-003
        1031   4.4112975911927144E-003  -4.4112975911927144E-003
        1032   4.4114018444747372E-003  -4.4114018444747372E-003
        1033   4.4115053751314671E-003  -4.4115053751314671E-003
        1034   7.4372962129031920E-003   7.4372962129031920E-003
        1035   4.4079063071827710E-003  -4.4079063071827710E-003
        1036   7.4312313026894585E-003   7.4312313026894585E-003
        1037   4.4043177569496805E-003  -4.4043177569496805E-003
        1038   4.4044197626015224E-003  -4.4044197626015224E-003
        1039   4.4045210614190849E-003  -4.4045210614190849E-003
        1040   4.4046216400837092E-003  -4.4046216400837092E-003
        1041   7.4186368717963904E-003   7.4186368717963904E-003
        1042   7.4148018181115702E-003   7.4148018181115702E-003
        1043   4.3973896889046241E-003  -4.3973896889046241E-003
        1044   4.3974894941697000E-003  -4.3974894941697000E-003
        1045   4.3975885943030243E-003  -4.3975885943030243E-003
        1046   7.4044679241599401E-003   7.4044679241599401E-003
        1047   4.3940423862683835E-003  -4.3940423862683835E-003
        1048   4.3941403943079538E-003  -4.3941403943079538E-003
        1049   7.3963404568496878E-003   7.3963404568496878E-003
        1050   4.3906071890357839E-003  -4.3906071890357839E-003
        1051   7.3903959087252931E-003   7.3903959087252931E-003
        1052   7.3866151260891652E-003   7.3866151260891652E-003
        1053   7.3828400740091399E-003   7.3828400740091399E-003
        1054   7.3790707742649028E-003   7.3790707742649028E-003
        1055   4.3762668970160129E-003  -4.3762668970160129E-003
        1056   7.3731751940611509E-003   7.3731751940611509E-003
        1057   7.3694223681881844E-003   7.3694223681881844E-003
        1058   4.3691949002760931E-003  -4.3691949002760931E-003
        1059   7.3635541908352873E-003   7.3635541908352873E-003
        1060   7.3598177063958128E-003   7.3598177063958128E-003
        1061   4.3621574746324308E-003  -4.3621574746324308E-003
        1062   4.3622548472833401E-003  -4.3622548472833401E-003
        1063   4.3623515320432432E-003  -4.3623515320432432E-003
        1064   4.3624475646096101E-003  -4.3624475646096101E-003
        1065   7.3476542289558737E-003   7.3476542289558737E-003
        1066   4.3589991693643044E-003  -4.3589991693643044E-003
        1067   4.3590941608882914E-003  -4.3590941608882914E-003
        1068   4.3591884822070711E-003  -4.3591884822070711E-003
        1069   4.3592821444653294E-003  -4.3592821444653294E-003
        1070   4.3593751517911027E-003  -4.3593751517911027E-003
        1071   4.3594674977826906E-003  -4.3594674977826906E-003
        1072   4.3595591795441424E-003  -4.3595591795441424E-003
        1073   4.3596502117286846E-003  -4.3596502117286846E-003
        1074   7.3271842269381831E-003   7.3271842269381831E-003
        1075   7.3235233323030360E-003   7.3235233323030360E-003
        1076   7.3198678871315781E-003   7.3198678871315781E-003
        1077   7.3162178778229409E-003   7.3162178778229409E-003
        1078   7.3125732837371659E-003   7.3125732837371659E-003
        1079   4.3422543895849305E-003  -4.3422543895849305E-003
        1080   7.3068675049922883E-003   7.3068675049922883E-003
        1081   4.3388716712263464E-003  -4.3388716712263464E-003
        1082   7.3011777339115130E-003   7.3011777339115130E-003
        1083   4.3354984161161365E-003  -4.3354984161161365E-003
        1084   4.3355889730910500E-003  -4.3355889730910500E-003
        1085   4.3356788913409628E-003  -4.3356788913409628E-003
        1086   7.2913978142880162E-003   7.2913978142880162E-003
        1087   7.2877983885734137E-003   7.2877983885734137E-003
        1088   7.2842042398136913E-003   7.2842042398136913E-003
        1089   4.3254436606737223E-003  -4.3254436606737223E-003
        1090   4.3255331965869719E-003  -4.3255331965869719E-003
        1091   7.2765413382337866E-003   7.2765413382337866E-003
        1092   4.3221998860169461E-003  -4.3221998860169461E-003
        1093   4.3222884643827359E-003  -4.3222884643827359E-003
        1094   7.2689068807340251E-003   7.2689068807340251E-003
        1095   4.3189668891987438E-003  -4.3189668891987438E-003
        1096   4.3190545015789504E-003  -4.3190545015789504E-003
        1097   4.3191415163389328E-003  -4.3191415163389328E-003
        1098   4.3192278953483104E-003  -4.3192278953483104E-003
        1099   4.3193136813963759E-003  -4.3193136813963759E-003
        1100   7.2552404328859541E-003   7.2552404328859541E-003
        1101   4.3160111280930395E-003  -4.3160111280930395E-003
        1102   7.2496954357560220E-003   7.2496954357560220E-003
        1103   7.2461733654601386E-003   7.2461733654601386E-003
        1104   4.3093456839528796E-003  -4.3093456839528796E-003
        1105   4.3094304889098635E-003  -4.3094304889098635E-003
        1106   4.3095147027702764E-003  -4.3095147027702764E-003
        1107   7.2366500673585361E-003   7.2366500673585361E-003
        1108   7.2331516638605604E-003   7.2331516638605604E-003
        1109   7.2296583335564437E-003   7.2296583335564437E-003
        1110   4.2995472365668450E-003  -4.2995472365668450E-003
        1111   4.2996311078545750E-003  -4.2996311078545750E-003
        1112   7.2221976341862682E-003   7.2221976341862682E-003
        1113   4.2963824476750807E-003  -4.2963824476750807E-003
        1114   4.2964654183966144E-003  -4.2964654183966144E-003
        1115   7.2147641364664981E-003   7.2147641364664981E-003
        1116   7.2113035314470258E-003   7.2113035314470258E-003
        1117   4.2899142989752280E-003  -4.2899142989752280E-003
        1118   4.2899966486298910E-003  -4.2899966486298910E-003
        1119   7.2039104515499433E-003   7.2039104515499433E-003
        1120   7.2004685054372942E-003   7.2004685054372942E-003
        1121   7.1970314546415878E-003   7.1970314546415878E-003
        1122   4.2801915972066644E-003  -4.2801915972066644E-003
        1123   7.1916449033172427E-003   7.1916449033172427E-003
        1124   4.2769930490559206E-003  -4.2769930490559206E-003
        1125   4.2770747696410831E-003  -4.2770747696410831E-003
        1126   4.2771559180730737E-003  -4.2771559180730737E-003
        1127   7.1823781703628459E-003   7.1823781703628459E-003
        1128   4.2739706092270735E-003  -4.2739706092270735E-003
        1129   4.2740508989562139E-003  -4.2740508989562139E-003
        1130   4.2741306014193918E-003  -4.2741306014193918E-003
        1131   7.1731519715739897E-003   7.1731519715739897E-003
        1132   4.2709584471304646E-003  -4.2709584471304646E-003
        1133   4.2710372978058027E-003  -4.2710372978058027E-003
        1134   4.2711155742988054E-003  -4.2711155742988054E-003
        1135   7.1639659797973852E-003   7.1639659797973852E-003
        1136   4.2679564822541522E-003  -4.2679564822541522E-003
        1137   7.1586694058206951E-003   7.1586694058206951E-003
        1138   7.1553082299285805E-003   7.1553082299285805E-003
        1139   4.2615835407646668E-003  -4.2615835407646668E-003
        1140   4.2616609731380584E-003  -4.2616609731380584E-003
        1141   7.1481183751480994E-003   7.1481183751480994E-003
        1142   4.2585270224010209E-003  -4.2585270224010209E-003
        1143   7.1428639622764271E-003   7.1428639622764271E-003
        1144   7.1395293754988867E-003   7.1395293754988867E-003
        1145   4.2522049380858389E-003  -4.2522049380858389E-003
        1146   4.2522815232995583E-003  -4.2522815232995583E-003
        1147   4.2523575611026062E-003  -4.2523575611026062E-003
        1148   7.1304970051132453E-003   7.1304970051132453E-003
        1149   7.1271840301870455E-003   7.1271840301870455E-003
        1150   4.2460739826054670E-003  -4.2460739826054670E-003
        1151   7.1219849378898175E-003   7.1219849378898175E-003
        1152   7.1186852306383422E-003   7.1186852306383422E-003
        1153   7.1153900922091432E-003   7.1153900922091432E-003
        1154   7.1120995186396817E-003   7.1120995186396817E-003
        1155   7.1088135130320824E-003   7.1088135130320824E-003
        1156   4.2303646782524294E-003  -4.2303646782524294E-003
        1157   7.1036618697226054E-003   7.1036618697226054E-003
        1158   4.2273035612401498E-003  -4.2273035612401498E-003
        1159   4.2273795652049313E-003  -4.2273795652049313E-003
        1160   4.2274550348855673E-003  -4.2274550348855673E-003
        1161   7.0947964673526284E-003   7.0947964673526284E-003
        1162   7.0915400026733758E-003   7.0915400026733758E-003
        1163   4.2212880245944724E-003  -4.2212880245944724E-003
        1164   7.0864336674469654E-003   7.0864336674469654E-003
        1165   7.0831900881672474E-003   7.0831900881672474E-003
        1166   4.2151483741462584E-003  -4.2151483741462584E-003
        1167   7.0781052353794246E-003   7.0781052353794246E-003
        1168   4.2121268854932734E-003  -4.2121268854932734E-003
        1169   4.2122015579887781E-003  -4.2122015579887781E-003
        1170   7.0711937135150048E-003   7.0711937135150048E-003
        1171   7.0679751764819365E-003   7.0679751764819365E-003
        1172   7.0647610270699610E-003   7.0647610270699610E-003
        1173   7.0615512682174926E-003   7.0615512682174926E-003
        1174   4.1999653485843471E-003  -4.1999653485843471E-003
        1175   4.2000399917761291E-003  -4.2000399917761291E-003
        1176   4.2001141293523583E-003  -4.2001141293523583E-003
        1177   4.2001877546808605E-003  -4.2001877546808605E-003
        1178   4.2002608575822161E-003  -4.2002608575822161E-003
        1179   4.2003334703998975E-003  -4.2003334703998975E-003
        1180   4.2004055652344763E-003  -4.2004055652344763E-003
        1181   7.0456004465501414E-003   7.0456004465501414E-003
        1182   4.1974311459468446E-003  -4.1974311459468446E-003
        1183   7.0406132784729030E-003   7.0406132784729030E-003
        1184   7.0374471350881903E-003   7.0374471350881903E-003
        1185   7.0342852735591323E-003   7.0342852735591323E-003
        1186   4.1884039055587853E-003  -4.1884039055587853E-003
        1187   7.0293266359512654E-003   7.0293266359512654E-003
        1188   7.0261770425390424E-003   7.0261770425390424E-003
        1189   7.0230316782244505E-003   7.0230316782244505E-003
        1190   7.0198905422545642E-003   7.0198905422545642E-003
        1191   7.0167536196795392E-003   7.0167536196795392E-003
        1192   7.0136209026340091E-003   7.0136209026340091E-003
        1193   7.0104923974365005E-003   7.0104923974365005E-003
        1194   7.0073680536255310E-003   7.0073680536255310E-003
        1195   7.0042479094362857E-003   7.0042479094362857E-003
        1196   7.0011319285797000E-003   7.0011319285797000E-003
        1197   6.9980201102422725E-003   6.9980201102422725E-003
        1198   4.1555425426422427E-003  -4.1555425426422427E-003
        1199   4.1556162896047534E-003  -4.1556162896047534E-003
        1200   4.1556895647330110E-003  -4.1556895647330110E-003

   k   test 
        1200   2.6408034114813739E-006
