 k,     gradient vector, at each step of the optimization (k):

           1   5.0707419203491602E-002   5.0707419203491602E-002
           2   2.6624798261466992E-002  -2.6624798261466992E-002
           3   3.9657900922742122E-002   3.9657900922742122E-002
           4   3.5112195647326039E-002   3.5112195647326039E-002
           5   1.6561857612918687E-002  -1.6561857612918687E-002
           6   2.9000846007977626E-002   2.9000846007977626E-002
           7   1.4051035400242586E-002  -1.4051035400242586E-002
           8   1.4361654755140053E-002  -1.4361654755140053E-002
           9   1.4573507717292532E-002  -1.4573507717292532E-002
          10   1.4689485597949938E-002  -1.4689485597949938E-002
          11   2.0821273796209541E-002   2.0821273796209541E-002
          12   1.9535328535277188E-002   1.9535328535277188E-002
          13   1.1626835679344088E-002  -1.1626835679344088E-002
          14   1.7586902870765735E-002   1.7586902870765735E-002
          15   1.6648495404211341E-002   1.6648495404211341E-002
          16   9.6307612130271184E-003  -9.6307612130271184E-003
          17   1.5283169274989090E-002   1.5283169274989090E-002
          18   1.4573648106879796E-002   1.4573648106879796E-002
          19   8.2337747212434271E-003  -8.2337747212434271E-003
          20   1.3565029781226562E-002   1.3565029781226562E-002
          21   1.3010837694152861E-002   1.3010837694152861E-002
          22   7.2036421039639101E-003  -7.2036421039639101E-003
          23   7.2291726035114395E-003  -7.2291726035114395E-003
          24   7.2482676833334585E-003  -7.2482676833334585E-003
          25   1.1714589475818757E-002   1.1714589475818757E-002
          26   1.1323505942313874E-002   1.1323505942313874E-002
          27   1.0957161046837404E-002   1.0957161046837404E-002
          28   1.0613706857658467E-002   1.0613706857658467E-002
          29   5.8612909384942449E-003  -5.8612909384942449E-003
          30   1.0130299665659990E-002   1.0130299665659990E-002
          31   9.8414957999769792E-003   9.8414957999769792E-003
          32   9.5692361888447038E-003   9.5692361888447038E-003
          33   9.3122914327027299E-003   9.3122914327027299E-003
          34   9.0695261110249822E-003   9.0695261110249822E-003
          35   4.7242480966725115E-003  -4.7242480966725115E-003
          36   8.7408626412026902E-003   8.7408626412026902E-003
          37   8.5307886786866616E-003   8.5307886786866616E-003
          38   8.3313500832859506E-003   8.3313500832859506E-003
          39   8.1418092277321195E-003   8.1418092277321195E-003
          40   4.0933732881939825E-003  -4.0933732881939825E-003
          41   7.8902430598224368E-003   7.8902430598224368E-003
          42   7.7232746477679561E-003   7.7232746477679561E-003
          43   7.5639483322843598E-003   7.5639483322843598E-003
          44   7.4117734332010800E-003   7.4117734332010800E-003
          45   3.6148915330723045E-003  -3.6148915330723045E-003
          46   7.2128989685232622E-003   7.2128989685232622E-003
          47   3.5210719988662980E-003  -3.5210719988662980E-003
          48   3.5308821022566866E-003  -3.5308821022566866E-003
          49   6.9771618268071635E-003   6.9771618268071635E-003
          50   6.8526528001353086E-003   6.8526528001353086E-003
          51   6.7330661454436721E-003   6.7330661454436721E-003
          52   3.2649370758403148E-003  -3.2649370758403148E-003
          53   6.5767022748988383E-003   6.5767022748988383E-003
          54   6.4683777351729650E-003   6.4683777351729650E-003
          55   6.3640560242179730E-003   6.3640560242179730E-003
          56   3.0388815577539040E-003  -3.0388815577539040E-003
          57   3.0463470313075334E-003  -3.0463470313075334E-003
          58   6.1937272614683292E-003   6.1937272614683292E-003
          59   6.1002984210282250E-003   6.1002984210282250E-003
          60   2.9171097668716896E-003  -2.9171097668716896E-003
          61   2.9237495205152223E-003  -2.9237495205152223E-003
          62   5.9473577559148892E-003   5.9473577559148892E-003
          63   5.8631447105343126E-003   5.8631447105343126E-003
          64   2.8072659299676972E-003  -2.8072659299676972E-003
          65   5.7532939721624925E-003   5.7532939721624925E-003
          66   5.6756818723312672E-003   5.6756818723312672E-003
          67   5.6004734908051725E-003   5.6004734908051725E-003
          68   5.5275604568351894E-003   5.5275604568351894E-003
          69   5.4568405864736614E-003   5.4568405864736614E-003
          70   5.3882174713456724E-003   5.3882174713456724E-003
          71   5.3216000958791927E-003   5.3216000958791927E-003
          72   2.4557582746579983E-003  -2.4557582746579983E-003
          73   2.4607435868997268E-003  -2.4607435868997268E-003
          74   5.2155579150546605E-003   5.2155579150546605E-003
          75   5.1543924117923197E-003   5.1543924117923197E-003
          76   5.0949071494889491E-003   5.0949071494889491E-003
          77   5.0370341950413729E-003   5.0370341950413729E-003
          78   2.3013790257243177E-003  -2.3013790257243177E-003
          79   4.9631299421586195E-003   4.9631299421586195E-003
          80   2.2683091728037011E-003  -2.2683091728037011E-003
          81   2.2725088567516526E-003  -2.2725088567516526E-003
          82   2.2766209367618478E-003  -2.2766209367618478E-003
          83   4.8582983800421987E-003   4.8582983800421987E-003
          84   2.2450600399634216E-003  -2.2450600399634216E-003
          85   4.7911841925338426E-003   4.7911841925338426E-003
          86   2.2146516999540402E-003  -2.2146516999540402E-003
          87   4.7265129289752782E-003   4.7265129289752782E-003
          88   4.6792491904243004E-003   4.6792491904243004E-003
          89   4.6331102980174113E-003   4.6331102980174113E-003
          90   4.5880566002960560E-003   4.5880566002960560E-003
          91   4.5440502506119600E-003   4.5440502506119600E-003
          92   4.5010551055707330E-003   4.5010551055707330E-003
          93   2.0340652754377276E-003  -2.0340652754377276E-003
          94   4.4462835986667816E-003   4.4462835986667816E-003
          95   4.4056349948544214E-003   4.4056349948544214E-003
          96   4.3658820998179037E-003   4.3658820998179037E-003
          97   4.3269955045188904E-003   4.3269955045188904E-003
          98   1.9314023771707363E-003  -1.9314023771707363E-003
          99   4.2777185122125595E-003   4.2777185122125595E-003
         100   1.9097803799385550E-003  -1.9097803799385550E-003
         101   4.2299574505806018E-003   4.2299574505806018E-003
         102   4.1941950948874316E-003   4.1941950948874316E-003
         103   4.1591683814882086E-003   4.1591683814882086E-003
         104   4.1248546748823122E-003   4.1248546748823122E-003
         105   4.0912322472233644E-003   4.0912322472233644E-003
         106   4.0582802341841790E-003   4.0582802341841790E-003
         107   1.7781183156137916E-003  -1.7781183156137916E-003
         108   1.7807045620305642E-003  -1.7807045620305642E-003
         109   4.0077062396624676E-003   4.0077062396624676E-003
         110   1.7628878541561832E-003  -1.7628878541561832E-003
         111   3.9677006002892526E-003   3.9677006002892526E-003
         112   1.7455606421664187E-003  -1.7455606421664187E-003
         113   1.7479679893875901E-003  -1.7479679893875901E-003
         114   3.9201627424212413E-003   3.9201627424212413E-003
         115   3.8909529989729743E-003   3.8909529989729743E-003
         116   3.8622799220942544E-003   3.8622799220942544E-003
         117   3.8341286919557007E-003   3.8341286919557007E-003
         118   3.8064850221562682E-003   3.8064850221562682E-003
         119   1.6586148772453099E-003  -1.6586148772453099E-003
         120   1.6607878169006701E-003  -1.6607878169006701E-003
         121   1.6629354349184282E-003  -1.6629354349184282E-003
         122   1.6650578406063449E-003  -1.6650578406063449E-003
         123   1.6671551407015125E-003  -1.6671551407015125E-003
         124   3.7415095751956603E-003   3.7415095751956603E-003
         125   1.6524145908303463E-003  -1.6524145908303463E-003
         126   3.7084971367431531E-003   3.7084971367431531E-003
         127   3.6834797770873436E-003   3.6834797770873436E-003
         128   3.6588822324667282E-003   3.6588822324667282E-003
         129   3.6346938832516199E-003   3.6346938832516199E-003
         130   1.5908286540623729E-003  -1.5908286540623729E-003
         131   1.5927150752832390E-003  -1.5927150752832390E-003
         132   1.5945807974551401E-003  -1.5945807974551401E-003
         133   3.5908375879001530E-003   3.5908375879001530E-003
         134   3.5679445298991593E-003   3.5679445298991593E-003
         135   3.5454165447681976E-003   3.5454165447681976E-003
         136   1.5524848101051514E-003  -1.5524848101051514E-003
         137   1.5542378629598516E-003  -1.5542378629598516E-003
         138   1.5559724154330528E-003  -1.5559724154330528E-003
         139   3.5045362408618976E-003   3.5045362408618976E-003
         140   3.4831678739109914E-003   3.4831678739109914E-003
         141   1.5300877369027442E-003  -1.5300877369027442E-003
         142   1.5317426268776793E-003  -1.5317426268776793E-003
         143   1.5333803811677098E-003  -1.5333803811677098E-003
         144   3.4442586070787700E-003   3.4442586070787700E-003
         145   3.4239589171110056E-003   3.4239589171110056E-003
         146   1.5086995885111021E-003  -1.5086995885111021E-003
         147   3.3982594223079558E-003   3.3982594223079558E-003
         148   1.4975132547163067E-003  -1.4975132547163067E-003
         149   1.4990433811944588E-003  -1.4990433811944588E-003
         150   1.5005581428977647E-003  -1.5005581428977647E-003
         151   1.5020576048438768E-003  -1.5020576048438768E-003
         152   1.5035418348808502E-003  -1.5035418348808502E-003
         153   1.5050108978141136E-003  -1.5050108978141136E-003
         154   3.3452864975643342E-003   3.3452864975643342E-003
         155   3.3267479594684484E-003   3.3267479594684484E-003
         156   3.3084688935201708E-003   3.3084688935201708E-003
         157   1.4703074448268187E-003  -1.4703074448268187E-003
         158   1.4716984512746858E-003  -1.4716984512746858E-003
         159   3.2799900217189864E-003   3.2799900217189864E-003
         160   1.4615089922202654E-003  -1.4615089922202654E-003
         161   3.2573190752359696E-003   3.2573190752359696E-003
         162   1.4515212489003885E-003  -1.4515212489003885E-003
         163   3.2350962201930411E-003   3.2350962201930411E-003
         164   1.4417289501383386E-003  -1.4417289501383386E-003
         165   1.4430231691304292E-003  -1.4430231691304292E-003
         166   3.2083916750696370E-003   3.2083916750696370E-003
         167   1.4334447250602697E-003  -1.4334447250602697E-003
         168   1.4347009212045175E-003  -1.4347009212045175E-003
         169   1.4359451414454362E-003  -1.4359451414454362E-003
         170   1.4371774379193316E-003  -1.4371774379193316E-003
         171   1.4383978641931000E-003  -1.4383978641931000E-003
         172   1.4396064717820713E-003  -1.4396064717820713E-003
         173   1.4408033105983789E-003  -1.4408033105983789E-003
         174   3.1583047270122393E-003   3.1583047270122393E-003
         175   1.4315495282227106E-003  -1.4315495282227106E-003
         176   3.1380532822473757E-003   3.1380532822473757E-003
         177   1.4224667460665400E-003  -1.4224667460665400E-003
         178   1.4236066057600198E-003  -1.4236066057600198E-003
         179   1.4247354870235299E-003  -1.4247354870235299E-003
         180   3.1089590188095500E-003   3.1089590188095500E-003
         181   1.4158634765509025E-003  -1.4158634765509025E-003
         182   3.0896303039651312E-003   3.0896303039651312E-003
         183   1.4071508735689550E-003  -1.4071508735689550E-003
         184   3.0706483551926587E-003   3.0706483551926587E-003
         185   1.3985931705510740E-003  -1.3985931705510740E-003
         186   3.0520033773775244E-003   3.0520033773775244E-003
         187   3.0379715267539356E-003   3.0379715267539356E-003
         188   3.0241046714101819E-003   3.0241046714101819E-003
         189   1.3716629649625732E-003  -1.3716629649625732E-003
         190   1.3726818320714737E-003  -1.3726818320714737E-003
         191   3.0021108941552330E-003   3.0021108941552330E-003
         192   2.9887162736293932E-003   2.9887162736293932E-003
         193   2.9754749615679196E-003   2.9754749615679196E-003
         194   1.3470421256561807E-003  -1.3470421256561807E-003
         195   1.3480166198301757E-003  -1.3480166198301757E-003
         196   2.9545020434452447E-003   2.9545020434452447E-003
         197   1.3403970173173417E-003  -1.3403970173173417E-003
         198   1.3413463051139645E-003  -1.3413463051139645E-003
         199   1.3422873259528074E-003  -1.3422873259528074E-003
         200   1.3432201134106825E-003  -1.3432201134106825E-003
         201   1.3441447034396611E-003  -1.3441447034396611E-003
         202   2.9223731117976408E-003   2.9223731117976408E-003
         203   2.9100500898161991E-003   2.9100500898161991E-003
         204   2.8978608566048972E-003   2.8978608566048972E-003
         205   2.8858032048339859E-003   2.8858032048339859E-003
         206   2.8738749741072352E-003   2.8738749741072352E-003
         207   2.8620740509201518E-003   2.8620740509201518E-003
         208   2.8503983675717162E-003   2.8503983675717162E-003
         209   1.2889221573730446E-003  -1.2889221573730446E-003
         210   2.8353779747563338E-003   2.8353779747563338E-003
         211   2.8240046021847198E-003   2.8240046021847198E-003
         212   1.2746975132334234E-003  -1.2746975132334234E-003
         213   2.8093845249823348E-003   2.8093845249823348E-003
         214   1.2681566220408879E-003  -1.2681566220408879E-003
         215   2.7949876421100991E-003   2.7949876421100991E-003
         216   2.7840719570816426E-003   2.7840719570816426E-003
         217   2.7732670453590202E-003   2.7732670453590202E-003
         218   1.2474496077110161E-003  -1.2474496077110161E-003
         219   1.2482481308331466E-003  -1.2482481308331466E-003
         220   2.7562291309570957E-003   2.7562291309570957E-003
         221   2.7457423955078932E-003   2.7457423955078932E-003
         222   1.2351968081291372E-003  -1.2351968081291372E-003
         223   2.7322797839689980E-003   2.7322797839689980E-003
         224   1.2291917968799576E-003  -1.2291917968799576E-003
         225   1.2299544624095702E-003  -1.2299544624095702E-003
         226   2.7159811107645418E-003   2.7159811107645418E-003
         227   2.7059443257434340E-003   2.7059443257434340E-003
         228   1.2174636944713741E-003  -1.2174636944713741E-003
         229   1.2182038469688665E-003  -1.2182038469688665E-003
         230   2.6901103430254764E-003   2.6901103430254764E-003
         231   1.2124649473290682E-003  -1.2124649473290682E-003
         232   1.2131889722684142E-003  -1.2131889722684142E-003
         233   1.2139077617673508E-003  -1.2139077617673508E-003
         234   2.6716535481892674E-003   2.6716535481892674E-003
         235   1.2082728132375737E-003  -1.2082728132375737E-003
         236   1.2089760889738680E-003  -1.2089760889738680E-003
         237   1.2096742874559568E-003  -1.2096742874559568E-003
         238   1.2103674271672687E-003  -1.2103674271672687E-003
         239   2.6507107196363498E-003   2.6507107196363498E-003
         240   2.6414405011401481E-003   2.6414405011401481E-003
         241   2.6322551964025505E-003   2.6322551964025505E-003
         242   1.1926288379128284E-003  -1.1926288379128284E-003
         243   2.6204141488758432E-003   2.6204141488758432E-003
         244   1.1873059607756243E-003  -1.1873059607756243E-003
         245   2.6087325048061213E-003   2.6087325048061213E-003
         246   1.1820542427440212E-003  -1.1820542427440212E-003
         247   1.1827047392422871E-003  -1.1827047392422871E-003
         248   1.1833507083092356E-003  -1.1833507083092356E-003
         249   1.1839921669812212E-003  -1.1839921669812212E-003
         250   1.1846291330959477E-003  -1.1846291330959477E-003
         251   1.1852616242348328E-003  -1.1852616242348328E-003
         252   2.5839142582508605E-003   2.5839142582508605E-003
         253   1.1801310900321068E-003  -1.1801310900321068E-003
         254   1.1807506218502520E-003  -1.1807506218502520E-003
         255   1.1813658065878245E-003  -1.1813658065878245E-003
         256   2.5675133890081820E-003   2.5675133890081820E-003
         257   2.5591435334275190E-003   2.5591435334275190E-003
         258   2.5508454496862717E-003   2.5508454496862717E-003
         259   2.5426181947016875E-003   2.5426181947016875E-003
         260   1.1597070886163489E-003  -1.1597070886163489E-003
         261   2.5319716284312867E-003   2.5319716284312867E-003
         262   1.1548868568950885E-003  -1.1548868568950885E-003
         263   1.1554704226096964E-003  -1.1554704226096964E-003
         264   2.5190039954457494E-003   2.5190039954457494E-003
         265   2.5110833791993146E-003   2.5110833791993146E-003
         266   2.5032285111443327E-003   2.5032285111443327E-003
         267   1.1402191120819878E-003  -1.1402191120819878E-003
         268   2.4930689897721915E-003   2.4930689897721915E-003
         269   1.1356246758706271E-003  -1.1356246758706271E-003
         270   2.4830341296367495E-003   2.4830341296367495E-003
         271   1.1310862569846058E-003  -1.1310862569846058E-003
         272   1.1316371394454686E-003  -1.1316371394454686E-003
         273   1.1321844565268789E-003  -1.1321844565268789E-003
         274   2.4685043518622189E-003   2.4685043518622189E-003
         275   1.1277177918848321E-003  -1.1277177918848321E-003
         276   1.1282547936717513E-003  -1.1282547936717513E-003
         277   2.4564985688568268E-003   2.4564985688568268E-003
         278   1.1238497852658624E-003  -1.1238497852658624E-003
         279   1.1243767436738795E-003  -1.1243767436738795E-003
         280   2.4446697737685492E-003   2.4446697737685492E-003
         281   2.4374546403285236E-003   2.4374546403285236E-003
         282   1.1152097688426038E-003  -1.1152097688426038E-003
         283   1.1157239529396396E-003  -1.1157239529396396E-003
         284   2.4259030461876350E-003   2.4259030461876350E-003
         285   2.4188554320508340E-003   2.4188554320508340E-003
         286   2.4118621924262167E-003   2.4118621924262167E-003
         287   1.1021035196666583E-003  -1.1021035196666583E-003
         288   1.1026025507739309E-003  -1.1026025507739309E-003
         289   1.1030984900260723E-003  -1.1030984900260723E-003
         290   1.1035913489888594E-003  -1.1035913489888594E-003
         291   2.3964387975696213E-003   2.3964387975696213E-003
         292   2.3896569693498712E-003   2.3896569693498712E-003
         293   1.0949602897274418E-003  -1.0949602897274418E-003
         294   1.0954416401058491E-003  -1.0954416401058491E-003
         295   1.0959200334688436E-003  -1.0959200334688436E-003
         296   2.3767159207387137E-003   2.3767159207387137E-003
         297   1.0919274330662215E-003  -1.0919274330662215E-003
         298   2.3680658318184717E-003   2.3680658318184717E-003
         299   2.3615340818409470E-003   2.3615340818409470E-003
         300   1.0836003741894981E-003  -1.0836003741894981E-003
         301   2.3530486390465166E-003   2.3530486390465166E-003
         302   1.0797319183463473E-003  -1.0797319183463473E-003
         303   1.0801887220165574E-003  -1.0801887220165574E-003
         304   1.0806427857776902E-003  -1.0806427857776902E-003
         305   2.3407027045530202E-003   2.3407027045530202E-003
         306   2.3344065901516335E-003   2.3344065901516335E-003
         307   1.0726029033985729E-003  -1.0726029033985729E-003
         308   2.3262205919683636E-003   2.3262205919683636E-003
         309   1.0688653987700766E-003  -1.0688653987700766E-003
         310   1.0693043977746211E-003  -1.0693043977746211E-003
         311   2.3162101198129898E-003   2.3162101198129898E-003
         312   1.0656132351292737E-003  -1.0656132351292737E-003
         313   1.0660448413329644E-003  -1.0660448413329644E-003
         314   2.3063320492327914E-003   2.3063320492327914E-003
         315   1.0623990741469821E-003  -1.0623990741469821E-003
         316   1.0628234625121027E-003  -1.0628234625121027E-003
         317   1.0632453692651460E-003  -1.0632453692651460E-003
         318   2.2947167734955281E-003   2.2947167734955281E-003
         319   2.2888122348586498E-003   2.2888122348586498E-003
         320   2.2829483820954143E-003   2.2829483820954143E-003
         321   1.0517209214756043E-003  -1.0517209214756043E-003
         322   2.2753123472352820E-003   2.2753123472352820E-003
         323   2.2695487152690750E-003   2.2695487152690750E-003
         324   2.2638242493029730E-003   2.2638242493029730E-003
         325   1.0405056211147765E-003  -1.0405056211147765E-003
         326   2.2563780958524218E-003   2.2563780958524218E-003
         327   1.0371036856148528E-003  -1.0371036856148528E-003
         328   1.0375019043259459E-003  -1.0375019043259459E-003
         329   2.2472665734981235E-003   2.2472665734981235E-003
         330   2.2417142820933245E-003   2.2417142820933245E-003
         331   1.0304119846473122E-003  -1.0304119846473122E-003
         332   1.0308019745862772E-003  -1.0308019745862772E-003
         333   2.2327850713929590E-003   2.2327850713929590E-003
         334   2.2273429729578798E-003   2.2273429729578798E-003
         335   2.2219365769683259E-003   2.2219365769683259E-003
         336   1.0202278292205209E-003  -1.0202278292205209E-003
         337   1.0206080343597367E-003  -1.0206080343597367E-003
         338   2.2132492388483808E-003   2.2132492388483808E-003
         339   1.0174040558039337E-003  -1.0174040558039337E-003
         340   1.0177783919725581E-003  -1.0177783919725581E-003
         341   2.2046675928527005E-003   2.2046675928527005E-003
         342   2.1994355793553489E-003   2.1994355793553489E-003
         343   2.1942370566797975E-003   2.1942370566797975E-003
         344   2.1890716964471572E-003   2.1890716964471572E-003
         345   1.0041533231713838E-003  -1.0041533231713838E-003
         346   2.1823576936634810E-003   2.1823576936634810E-003
         347   1.0010909377765841E-003  -1.0010909377765841E-003
         348   1.0014508318631364E-003  -1.0014508318631364E-003
         349   2.1741427387807818E-003   2.1741427387807818E-003
         350   9.9842228019317086E-004  -9.9842228019317086E-004
         351   9.9877680983001343E-004  -9.9877680983001343E-004
         352   9.9912950326355178E-004  -9.9912950326355178E-004
         353   2.1644770776165852E-003   2.1644770776165852E-003
         354   2.1595365592804046E-003   2.1595365592804046E-003
         355   2.1546265538791719E-003   2.1546265538791719E-003
         356   2.1497467709922927E-003   2.1497467709922927E-003
         357   9.8626236288774168E-004  -9.8626236288774168E-004
         358   9.8660517353978323E-004  -9.8660517353978323E-004
         359   9.8694625180475158E-004  -9.8694625180475158E-004
         360   2.1404175614988868E-003   2.1404175614988868E-003
         361   9.8406044511418198E-004  -9.8406044511418198E-004
         362   9.8439658659806809E-004  -9.8439658659806809E-004
         363   9.8473103184502160E-004  -9.8473103184502160E-004
         364   2.1312117925168374E-003   2.1312117925168374E-003
         365   2.1265092368229180E-003   2.1265092368229180E-003
         366   9.7871980600250223E-004  -9.7871980600250223E-004
         367   9.7904801326620470E-004  -9.7904801326620470E-004
         368   2.1189358808085964E-003   2.1189358808085964E-003
         369   2.1143177186174525E-003   2.1143177186174525E-003
         370   2.1097268844125221E-003   2.1097268844125221E-003
         371   2.1051631290487545E-003   2.1051631290487545E-003
         372   9.6700311543891073E-004  -9.6700311543891073E-004
         373   9.6732251333475074E-004  -9.6732251333475074E-004
         374   9.6764035545161191E-004  -9.6764035545161191E-004
         375   9.6795664707867012E-004  -9.6795664707867012E-004
         376   9.6827139206712176E-004  -9.6827139206712176E-004
         377   2.0936317929879738E-003   2.0936317929879738E-003
         378   2.0891885771124625E-003   2.0891885771124625E-003
         379   2.0847710120904086E-003   2.0847710120904086E-003
         380   9.5961588546409065E-004  -9.5961588546409065E-004
         381   9.5992367456936901E-004  -9.5992367456936901E-004
         382   2.0776551455493359E-003   2.0776551455493359E-003
         383   9.5729239491982655E-004  -9.5729239491982655E-004
         384   2.0719644099290108E-003   2.0719644099290108E-003
         385   2.0676605218894919E-003   2.0676605218894919E-003
         386   9.5179142268045185E-004  -9.5179142268045185E-004
         387   9.5209107388543137E-004  -9.5209107388543137E-004
         388   9.5238930610030612E-004  -9.5238930610030612E-004
         389   9.5268612468160044E-004  -9.5268612468160044E-004
         390   2.0580777504105425E-003   2.0580777504105425E-003
         391   9.5012937880641958E-004  -9.5012937880641958E-004
         392   9.5042220350978566E-004  -9.5042220350978566E-004
         393   2.0512468703609613E-003   2.0512468703609613E-003
         394   2.0470881470043287E-003   2.0470881470043287E-003
         395   9.4508659112735869E-004  -9.4508659112735869E-004
         396   2.0416615772149774E-003   2.0416615772149774E-003
         397   9.4259375136165793E-004  -9.4259375136165793E-004
         398   9.4287903632853207E-004  -9.4287903632853207E-004
         399   9.4316299189885124E-004  -9.4316299189885124E-004
         400   9.4344562040367928E-004  -9.4344562040367928E-004
         401   2.0324466116591880E-003   2.0324466116591880E-003
         402   9.4098408505747101E-004  -9.4098408505747101E-004
         403   9.4126299509591355E-004  -9.4126299509591355E-004
         404   9.4154060517882864E-004  -9.4154060517882864E-004
         405   9.4181691788579531E-004  -9.4181691788579531E-004
         406   2.0233552801902036E-003   2.0233552801902036E-003
         407   9.3938602503092390E-004  -9.3938602503092390E-004
         408   9.3965872593891576E-004  -9.3965872593891576E-004
         409   9.3993015562159131E-004  -9.3993015562159131E-004
         410   9.4020031738941150E-004  -9.4020031738941150E-004
         411   9.4046921501869695E-004  -9.4046921501869695E-004
         412   2.0131362771244775E-003   2.0131362771244775E-003
         413   2.0092464920971167E-003   2.0092464920971167E-003
         414   9.3542350783399893E-004  -9.3542350783399893E-004
         415   9.3568794203725510E-004  -9.3568794203725510E-004
         416   9.3595114999403019E-004  -9.3595114999403019E-004
         417   9.3621313460929298E-004  -9.3621313460929298E-004
         418   9.3647389893607668E-004  -9.3647389893607668E-004
         419   9.3673344681435866E-004  -9.3673344681435866E-004
         420   1.9980158183052544E-003   1.9980158183052544E-003
         421   9.3438746794691652E-004  -9.3438746794691652E-004
         422   9.3464368540832057E-004  -9.3464368540832057E-004
         423   9.3489870887154521E-004  -9.3489870887154521E-004
         424   1.9905894756066297E-003   1.9905894756066297E-003
         425   1.9868543261014259E-003   1.9868543261014259E-003
         426   1.9831383596627815E-003   1.9831383596627815E-003
         427   1.9794414248601863E-003   1.9794414248601863E-003
         428   1.9757633707622809E-003   1.9757633707622809E-003
         429   9.2243643758515670E-004  -9.2243643758515670E-004
         430   9.2268471776036840E-004  -9.2268471776036840E-004
         431   9.2293187295536738E-004  -9.2293187295536738E-004
         432   1.9685980626133991E-003   1.9685980626133991E-003
         433   1.9649864944469475E-003   1.9649864944469475E-003
         434   9.1822485196334962E-004  -9.1822485196334962E-004
         435   9.1846808899101993E-004  -9.1846808899101993E-004
         436   9.1871023262974543E-004  -9.1871023262974543E-004
         437   1.9579438662854021E-003   1.9579438662854021E-003
         438   1.9543968667754714E-003   1.9543968667754714E-003
         439   9.1408217406850709E-004  -9.1408217406850709E-004
         440   9.1432052129310530E-004  -9.1432052129310530E-004
         441   1.9486039159636094E-003   1.9486039159636094E-003
         442   1.9451104807931426E-003   1.9451104807931426E-003
         443   9.0976243799534024E-004  -9.0976243799534024E-004
         444   1.9405190561990538E-003   1.9405190561990538E-003
         445   9.0762454089088080E-004  -9.0762454089088080E-004
         446   9.0785737226975721E-004  -9.0785737226975721E-004
         447   9.0808917925129387E-004  -9.0808917925129387E-004
         448   9.0831996537344578E-004  -9.0831996537344578E-004
         449   1.9326470091376976E-003   1.9326470091376976E-003
         450   9.0620648445805386E-004  -9.0620648445805386E-004
         451   1.9281532288210556E-003   1.9281532288210556E-003
         452   1.9247804987707316E-003   1.9247804987707316E-003
         453   9.0179628092951821E-004  -9.0179628092951821E-004
         454   9.0202181429894395E-004  -9.0202181429894395E-004
         455   1.9192636096195441E-003   1.9192636096195441E-003
         456   8.9995474040492174E-004  -8.9995474040492174E-004
         457   9.0017759562934906E-004  -9.0017759562934906E-004
         458   1.9137974429943563E-003   1.9137974429943563E-003
         459   1.9105067121175381E-003   1.9105067121175381E-003
         460   8.9587005250802603E-004  -8.9587005250802603E-004
         461   8.9608957266598395E-004  -8.9608957266598395E-004
         462   8.9630814985871545E-004  -8.9630814985871545E-004
         463   8.9652578524438288E-004  -8.9652578524438288E-004
         464   1.9030115255296897E-003   1.9030115255296897E-003
         465   8.9451130932031390E-004  -8.9451130932031390E-004
         466   8.9472639829042851E-004  -8.9472639829042851E-004
         467   8.9494056234595723E-004  -8.9494056234595723E-004
         468   8.9515380405992074E-004  -8.9515380405992074E-004
         469   8.9536612583733315E-004  -8.9536612583733315E-004
         470   8.9557753056109478E-004  -8.9557753056109478E-004
         471   8.9578802030028555E-004  -8.9578802030028555E-004
         472   1.8924789204249294E-003   1.8924789204249294E-003
         473   8.9380339573857709E-004  -8.9380339573857709E-004
         474   1.8882889347386863E-003   1.8882889347386863E-003
         475   8.9183280928558728E-004  -8.9183280928558728E-004
         476   8.9203933563837502E-004  -8.9203933563837502E-004
         477   1.8831029384165094E-003   1.8831029384165094E-003
         478   1.8799987404012428E-003   1.8799987404012428E-003
         479   1.8769086614211174E-003   1.8769086614211174E-003
         480   1.8738326023402215E-003   1.8738326023402215E-003
         481   8.8367611978336336E-004  -8.8367611978336336E-004
         482   1.8697709112140870E-003   1.8697709112140870E-003
         483   8.8176858664657692E-004  -8.8176858664657692E-004
         484   1.8657373966906590E-003   1.8657373966906590E-003
         485   1.8627174899399099E-003   1.8627174899399099E-003
         486   1.8597110962147152E-003   1.8597110962147152E-003
         487   8.7571747920865456E-004  -8.7571747920865456E-004
         488   8.7591577330306341E-004  -8.7591577330306341E-004
         489   8.7611324897774920E-004  -8.7611324897774920E-004
         490   1.8537991927110790E-003   1.8537991927110790E-003
         491   1.8508408844426594E-003   1.8508408844426594E-003
         492   1.8478956414504826E-003   1.8478956414504826E-003
         493   8.7018561739136534E-004  -8.7018561739136534E-004
         494   8.7037976249740919E-004  -8.7037976249740919E-004
         495   8.7057311591747476E-004  -8.7057311591747476E-004
         496   1.8421036604696424E-003   1.8421036604696424E-003
         497   1.8392049328485756E-003   1.8392049328485756E-003
         498   1.8363188433228217E-003   1.8363188433228217E-003
         499   1.8334453048826091E-003   1.8334453048826091E-003
         500   8.6278551392579453E-004  -8.6278551392579453E-004
         501   8.6297510256551574E-004  -8.6297510256551574E-004
         502   1.8287263147979723E-003   1.8287263147979723E-003
         503   8.6120066176367186E-004  -8.6120066176367186E-004
         504   1.8249684448596621E-003   1.8249684448596621E-003
         505   8.5943796081165247E-004  -8.5943796081165247E-004
         506   1.8212354252799870E-003   1.8212354252799870E-003
         507   8.5768687523008163E-004  -8.5768687523008163E-004
         508   8.5787187310824354E-004  -8.5787187310824354E-004
         509   1.8166173932797666E-003   1.8166173932797666E-003
         510   8.5613436854334172E-004  -8.5613436854334172E-004
         511   1.8129403405753651E-003   1.8129403405753651E-003
         512   1.8101850015262400E-003   1.8101850015262400E-003
         513   8.5250869651950253E-004  -8.5250869651950253E-004
         514   1.8065487415732965E-003   1.8065487415732965E-003
         515   8.5080282961380095E-004  -8.5080282961380095E-004
         516   8.5098290780181096E-004  -8.5098290780181096E-004
         517   1.8020499356125926E-003   1.8020499356125926E-003
         518   8.4929006332340484E-004  -8.4929006332340484E-004
         519   1.7984673186134160E-003   1.7984673186134160E-003
         520   8.4760808757752706E-004  -8.4760808757752706E-004
         521   8.4778509620381606E-004  -8.4778509620381606E-004
         522   8.4796142022497661E-004  -8.4796142022497661E-004
         523   1.7931601791188116E-003   1.7931601791188116E-003
         524   8.4629413072537729E-004  -8.4629413072537729E-004
         525   1.7896365262822038E-003   1.7896365262822038E-003
         526   1.7869975817635523E-003   1.7869975817635523E-003
         527   8.4281526829094535E-004  -8.4281526829094535E-004
         528   1.7835119597237863E-003   1.7835119597237863E-003
         529   1.7809004136259061E-003   1.7809004136259061E-003
         530   8.3937575761469565E-004  -8.3937575761469565E-004
         531   8.3954705741032644E-004  -8.3954705741032644E-004
         532   8.3971770705826721E-004  -8.3971770705826721E-004
         533   1.7757593271105299E-003   1.7757593271105299E-003
         534   1.7731860781635348E-003   1.7731860781635348E-003
         535   1.7706232238785442E-003   1.7706232238785442E-003
         536   1.7680706975910019E-003   1.7680706975910019E-003
         537   1.7655284349862926E-003   1.7655284349862926E-003
         538   1.7629963718105654E-003   1.7629963718105654E-003
         539   1.7604744448539017E-003   1.7604744448539017E-003
         540   8.2756959518153232E-004  -8.2756959518153232E-004
         541   8.2773583733765669E-004  -8.2773583733765669E-004
         542   8.2790146877689136E-004  -8.2790146877689136E-004
         543   1.7555236749790711E-003   1.7555236749790711E-003
         544   8.2634753356431367E-004  -8.2634753356431367E-004
         545   8.2651151801215817E-004  -8.2651151801215817E-004
         546   1.7514236816380195E-003   1.7514236816380195E-003
         547   1.7489583518139719E-003   1.7489583518139719E-003
         548   1.7465027193928804E-003   1.7465027193928804E-003
         549   8.2158067864072091E-004  -8.2158067864072091E-004
         550   1.7432633704281169E-003   1.7432633704281169E-003
         551   1.7408321173564291E-003   1.7408321173564291E-003
         552   1.7384103495317654E-003   1.7384103495317654E-003
         553   8.1672620143113050E-004  -8.1672620143113050E-004
         554   8.1688588631819012E-004  -8.1688588631819012E-004
         555   1.7344381271254335E-003   1.7344381271254335E-003
         556   1.7320452260172353E-003   1.7320452260172353E-003
         557   8.1374871843867052E-004  -8.1374871843867052E-004
         558   1.7288906398182024E-003   1.7288906398182024E-003
         559   1.7265211162304005E-003   1.7265211162304005E-003
         560   8.1064491431121573E-004  -8.1064491431121573E-004
         561   8.1080127990795737E-004  -8.1080127990795737E-004
         562   1.7226365360838753E-003   1.7226365360838753E-003
         563   8.0934186934699022E-004  -8.0934186934699022E-004
         564   8.0949674235029846E-004  -8.0949674235029846E-004
         565   8.0965107182045192E-004  -8.0965107182045192E-004
         566   1.7180244998041781E-003   1.7180244998041781E-003
         567   8.0820339689948156E-004  -8.0820339689948156E-004
         568   1.7149543079857121E-003   1.7149543079857121E-003
         569   8.0676416478606908E-004  -8.0676416478606908E-004
         570   1.7119020115850523E-003   1.7119020115850523E-003
         571   1.7096105396468032E-003   1.7096105396468032E-003
         572   8.0375760044459075E-004  -8.0375760044459075E-004
         573   1.7065883735832594E-003   1.7065883735832594E-003
         574   8.0234169637363132E-004  -8.0234169637363132E-004
         575   8.0249146426995409E-004  -8.0249146426995409E-004
         576   1.7028491324496348E-003   1.7028491324496348E-003
         577   8.0108522365150735E-004  -8.0108522365150735E-004
         578   8.0123359442456658E-004  -8.0123359442456658E-004
         579   1.6991369592319022E-003   1.6991369592319022E-003
         580   7.9983690497250183E-004  -7.9983690497250183E-004
         581   7.9998389685219222E-004  -7.9998389685219222E-004
         582   8.0013038359734272E-004  -8.0013038359734272E-004
         583   1.6947269099294616E-003   1.6947269099294616E-003
         584   7.9874461957209881E-004  -7.9874461957209881E-004
         585   1.6917933342922940E-003   1.6917933342922940E-003
         586   1.6895927801638265E-003   1.6895927801638265E-003
         587   1.6874002698161873E-003   1.6874002698161873E-003
         588   7.9434057164863353E-004  -7.9434057164863353E-004
         589   7.9448416493806725E-004  -7.9448416493806725E-004
         590   1.6837976114899454E-003   1.6837976114899454E-003
         591   7.9312794502645620E-004  -7.9312794502645620E-004
         592   1.6809248002889266E-003   1.6809248002889266E-003
         593   1.6787689496801455E-003   1.6787689496801455E-003
         594   1.6766208793455506E-003   1.6766208793455506E-003
         595   7.8881675027435969E-004  -7.8881675027435969E-004
         596   1.6737864911115299E-003   1.6737864911115299E-003
         597   1.6716580141850868E-003   1.6716580141850868E-003
         598   7.8602413093258766E-004  -7.8602413093258766E-004
         599   1.6688503176853556E-003   1.6688503176853556E-003
         600   1.6667411467451204E-003   1.6667411467451204E-003
         601   7.8325906798780692E-004  -7.8325906798780692E-004
         602   1.6639597397849048E-003   1.6639597397849048E-003
         603   1.6618695904941072E-003   1.6618695904941072E-003
         604   1.6597868439059945E-003   1.6597868439059945E-003
         605   1.6577114597623587E-003   1.6577114597623587E-003
         606   1.6556433965870733E-003   1.6556433965870733E-003
         607   1.6535826147512139E-003   1.6535826147512139E-003
         608   7.7484071888035038E-004  -7.7484071888035038E-004
         609   7.7497685344766977E-004  -7.7497685344766977E-004
         610   7.7511255325892262E-004  -7.7511255325892262E-004
         611   1.6495504378135817E-003   1.6495504378135817E-003
         612   1.6475157179826573E-003   1.6475157179826573E-003
         613   7.7245357532837325E-004  -7.7245357532837325E-004
         614   1.6448356304112912E-003   1.6448356304112912E-003
         615   1.6428188561322073E-003   1.6428188561322073E-003
         616   1.6408090707203840E-003   1.6408090707203840E-003
         617   1.6388062353654307E-003   1.6388062353654307E-003
         618   7.6707525876015977E-004  -7.6707525876015977E-004
         619   7.6720778904440154E-004  -7.6720778904440154E-004
         620   1.6355309971922151E-003   1.6355309971922151E-003
         621   7.6597925757270749E-004  -7.6597925757270749E-004
         622   1.6329132944836520E-003   1.6329132944836520E-003
         623   1.6309421083623710E-003   1.6309421083623710E-003
         624   7.6340930082787893E-004  -7.6340930082787893E-004
         625   7.6353968398376625E-004  -7.6353968398376625E-004
         626   7.6366966394324979E-004  -7.6366966394324979E-004
         627   7.6379924187464142E-004  -7.6379924187464142E-004
         628   7.6392841894460078E-004  -7.6392841894460078E-004
         629   1.6258328790565862E-003   1.6258328790565862E-003
         630   1.6238930947363012E-003   1.6238930947363012E-003
         631   1.6219598630094520E-003   1.6219598630094520E-003
         632   7.6007011119392273E-004  -7.6007011119392273E-004
         633   1.6194139962037216E-003   1.6194139962037216E-003
         634   7.5888084013432081E-004  -7.5888084013432081E-004
         635   7.5900766535113239E-004  -7.5900766535113239E-004
         636   1.6162657871171403E-003   1.6162657871171403E-003
         637   1.6143624304839962E-003   1.6143624304839962E-003
         638   1.6124654264507701E-003   1.6124654264507701E-003
         639   1.6105747427203911E-003   1.6105747427203911E-003
         640   7.5393170099461891E-004  -7.5393170099461891E-004
         641   1.6080862401860103E-003   1.6080862401860103E-003
         642   1.6062114750636941E-003   1.6062114750636941E-003
         643   1.6043429111268703E-003   1.6043429111268703E-003
         644   1.6024805167829123E-003   1.6024805167829123E-003
         645   7.4894217894238993E-004  -7.4894217894238993E-004
         646   7.4906560703720928E-004  -7.4906560703720928E-004
         647   7.4918866883890638E-004  -7.4918866883890638E-004
         648   1.5988464241374993E-003   1.5988464241374993E-003
         649   1.5970061278678777E-003   1.5970061278678777E-003
         650   7.4679296996502987E-004  -7.4679296996502987E-004
         651   1.5945852126841341E-003   1.5945852126841341E-003
         652   1.5927601493118239E-003   1.5927601493118239E-003
         653   1.5909410223859542E-003   1.5909410223859542E-003
         654   7.4317810369885174E-004  -7.4317810369885174E-004
         655   1.5885492434898451E-003   1.5885492434898451E-003
         656   1.5867450670188047E-003   1.5867450670188047E-003
         657   7.4083447909791000E-004  -7.4083447909791000E-004
         658   7.4095421990323326E-004  -7.4095421990323326E-004
         659   7.4107361390998109E-004  -7.4107361390998109E-004
         660   1.5832283274790227E-003   1.5832283274790227E-003
         661   7.3997182218611527E-004  -7.3997182218611527E-004
         662   1.5808755274224744E-003   1.5808755274224744E-003
         663   1.5791011338406528E-003   1.5791011338406528E-003
         664   1.5773324083254436E-003   1.5773324083254436E-003
         665   7.3645975498871105E-004  -7.3645975498871105E-004
         666   7.3657708414599169E-004  -7.3657708414599169E-004
         667   1.5744458569379460E-003   1.5744458569379460E-003
         668   1.5726944313158651E-003   1.5726944313158651E-003
         669   7.3430204859952061E-004  -7.3430204859952061E-004
         670   1.5703921415783171E-003   1.5703921415783171E-003
         671   7.3323028675095856E-004  -7.3323028675095856E-004
         672   7.3334585956362237E-004  -7.3334585956362237E-004
         673   1.5675477056344988E-003   1.5675477056344988E-003
         674   1.5658217143167757E-003   1.5658217143167757E-003
         675   1.5641011398365727E-003   1.5641011398365727E-003
         676   7.2993191171374710E-004  -7.2993191171374710E-004
         677   1.5618399410880740E-003   1.5618399410880740E-003
         678   1.5601330150285160E-003   1.5601330150285160E-003
         679   1.5584314100118601E-003   1.5584314100118601E-003
         680   7.2656008347840757E-004  -7.2656008347840757E-004
         681   1.5561962849721589E-003   1.5561962849721589E-003
         682   1.5545080858218206E-003   1.5545080858218206E-003
         683   1.5528251143713272E-003   1.5528251143713272E-003
         684   1.5511473453383602E-003   1.5511473453383602E-003
         685   7.2209012721273524E-004  -7.2209012721273524E-004
         686   7.2220198013512834E-004  -7.2220198013512834E-004
         687   7.2231352771339721E-004  -7.2231352771339721E-004
         688   7.2242477008576864E-004  -7.2242477008576864E-004
         689   1.5473584658753572E-003   1.5473584658753572E-003
         690   1.5457020855312539E-003   1.5457020855312539E-003
         691   7.2027918336663697E-004  -7.2027918336663697E-004
         692   1.5435268452096643E-003   1.5435268452096643E-003
         693   7.1926846049219875E-004  -7.1926846049219875E-004
         694   1.5413618328639141E-003   1.5413618328639141E-003
         695   7.1826247776624530E-004  -7.1826247776624530E-004
         696   7.1837158728467389E-004  -7.1837158728467389E-004
         697   1.5386882634333715E-003   1.5386882634333715E-003
         698   7.1737120714055120E-004  -7.1737120714055120E-004
         699   7.1747950086301299E-004  -7.1747950086301299E-004
         700   1.5360304673309761E-003   1.5360304673309761E-003
         701   1.5344151396794736E-003   1.5344151396794736E-003
         702   1.5328046706372870E-003   1.5328046706372870E-003
         703   1.5311990375123836E-003   1.5311990375123836E-003
         704   1.5295982176683879E-003   1.5295982176683879E-003
         705   7.1211266492050916E-004  -7.1211266492050916E-004
         706   1.5274968846724667E-003   1.5274968846724667E-003
         707   1.5259081958467302E-003   1.5259081958467302E-003
         708   1.5243242382079773E-003   1.5243242382079773E-003
         709   7.0898437524585572E-004  -7.0898437524585572E-004
         710   1.5222460472909469E-003   1.5222460472909469E-003
         711   7.0802048706938489E-004  -7.0802048706938489E-004
         712   7.0812564830710124E-004  -7.0812564830710124E-004
         713   7.0823053452008272E-004  -7.0823053452008272E-004
         714   1.5191848923121168E-003   1.5191848923121168E-003
         715   7.0727272381484801E-004  -7.0727272381484801E-004
         716   7.0737684779738862E-004  -7.0737684779738862E-004
         717   7.0748069978313869E-004  -7.0748069978313869E-004
         718   1.5161443835430520E-003   1.5161443835430520E-003
         719   1.5145965194466274E-003   1.5145965194466274E-003
         720   1.5130531858417832E-003   1.5130531858417832E-003
         721   7.0442915562172136E-004  -7.0442915562172136E-004
         722   7.0453183805774602E-004  -7.0453183805774602E-004
         723   7.0463425516190158E-004  -7.0463425516190158E-004
         724   1.5100537186556410E-003   1.5100537186556410E-003
         725   7.0369525262079934E-004  -7.0369525262079934E-004
         726   7.0379693495621750E-004  -7.0379693495621750E-004
         727   7.0389835349658249E-004  -7.0389835349658249E-004
         728   1.5070742171144616E-003   1.5070742171144616E-003
         729   7.0296516816891125E-004  -7.0296516816891125E-004
         730   7.0306586180031915E-004  -7.0306586180031915E-004
         731   7.0316629585267154E-004  -7.0316629585267154E-004
         732   1.5041144547542069E-003   1.5041144547542069E-003
         733   7.0223886456063402E-004  -7.0223886456063402E-004
         734   1.5021314252269770E-003   1.5021314252269770E-003
         735   1.5006340673389170E-003   1.5006340673389170E-003
         736   7.0029598521035490E-004  -7.0029598521035490E-004
         737   1.4986659433006574E-003   1.4986659433006574E-003
         738   1.4971794468858317E-003   1.4971794468858317E-003
         739   1.4956971845815313E-003   1.4956971845815313E-003
         740   6.9736022050756517E-004  -6.9736022050756517E-004
         741   1.4937498065116246E-003   1.4937498065116246E-003
         742   1.4922782286430002E-003   1.4922782286430002E-003
         743   1.4908108158857001E-003   1.4908108158857001E-003
         744   1.4893475501884352E-003   1.4893475501884352E-003
         745   6.9346367483753683E-004  -6.9346367483753683E-004
         746   1.4874264633877672E-003   1.4874264633877672E-003
         747   1.4859736613372536E-003   1.4859736613372536E-003
         748   6.9158555215767851E-004  -6.9158555215767851E-004
         749   6.9168215440974638E-004  -6.9168215440974638E-004
         750   6.9177851675507481E-004  -6.9177851675507481E-004
         751   6.9187463899880166E-004  -6.9187463899880166E-004
         752   6.9197052196091435E-004  -6.9197052196091435E-004
         753   1.4822364864062029E-003   1.4822364864062029E-003
         754   6.9108834773006498E-004  -6.9108834773006498E-004
         755   1.4803475603587615E-003   1.4803475603587615E-003
         756   1.4789199994520252E-003   1.4789199994520252E-003
         757   6.8923957164908280E-004  -6.8923957164908280E-004
         758   6.8933419307686331E-004  -6.8933419307686331E-004
         759   6.8942858050453318E-004  -6.8942858050453318E-004
         760   1.4761424715228635E-003   1.4761424715228635E-003
         761   1.4747292188761166E-003   1.4747292188761166E-003
         762   1.4733198602690596E-003   1.4733198602690596E-003
         763   1.4719143804350174E-003   1.4719143804350174E-003
         764   6.8568439670927534E-004  -6.8568439670927534E-004
         765   1.4700686064896048E-003   1.4700686064896048E-003
         766   6.8482678769132940E-004  -6.8482678769132940E-004
         767   6.8491959293053657E-004  -6.8491959293053657E-004
         768   6.8501217184677350E-004  -6.8501217184677350E-004
         769   1.4673468231252325E-003   1.4673468231252325E-003
         770   6.8415958838640648E-004  -6.8415958838640648E-004
         771   6.8425154319562051E-004  -6.8425154319562051E-004
         772   1.4650815365835866E-003   1.4650815365835866E-003
         773   6.8340323965446811E-004  -6.8340323965446811E-004
         774   6.8349457612850004E-004  -6.8349457612850004E-004
         775   1.4628282850090016E-003   1.4628282850090016E-003
         776   6.8265051469020347E-004  -6.8265051469020347E-004
         777   1.4610224932647383E-003   1.4610224932647383E-003
         778   1.4596581806712230E-003   1.4596581806712230E-003
         779   1.4582975411052757E-003   1.4582975411052757E-003
         780   1.4569405589357955E-003   1.4569405589357955E-003
         781   6.7903401866499372E-004  -6.7903401866499372E-004
         782   6.7912385456602559E-004  -6.7912385456602559E-004
         783   6.7921347585145624E-004  -6.7921347585145624E-004
         784   6.7930288220937663E-004  -6.7930288220937663E-004
         785   1.4538715996064845E-003   1.4538715996064845E-003
         786   1.4525297424191463E-003   1.4525297424191463E-003
         787   6.7756321928662613E-004  -6.7756321928662613E-004
         788   1.4507662018184936E-003   1.4507662018184936E-003
         789   6.7674265611139073E-004  -6.7674265611139073E-004
         790   6.7683093597513465E-004  -6.7683093597513465E-004
         791   1.4485866234854867E-003   1.4485866234854867E-003
         792   1.4472612100536579E-003   1.4472612100536579E-003
         793   6.7511261963502272E-004  -6.7511261963502272E-004
         794   6.7520016084582054E-004  -6.7520016084582054E-004
         795   1.4450994287645289E-003   1.4450994287645289E-003
         796   6.7439026369386403E-004  -6.7439026369386403E-004
         797   1.4433666826009349E-003   1.4433666826009349E-003
         798   6.7358365538618852E-004  -6.7358365538618852E-004
         799   6.7367026454454222E-004  -6.7367026454454222E-004
         800   1.4412247808935660E-003   1.4412247808935660E-003
         801   6.7286756264032849E-004  -6.7286756264032849E-004
         802   1.4395081415557334E-003   1.4395081415557334E-003
         803   1.4382112588433216E-003   1.4382112588433216E-003
         804   1.4369177518381421E-003   1.4369177518381421E-003
         805   1.4356276077782894E-003   1.4356276077782894E-003
         806   6.6942797296707583E-004  -6.6942797296707583E-004
         807   6.6951320585798338E-004  -6.6951320585798338E-004
         808   6.6959824051097635E-004  -6.6959824051097635E-004
         809   1.4331159262364096E-003   1.4331159262364096E-003
         810   6.6881091601752110E-004  -6.6881091601752110E-004
         811   1.4314314549556376E-003   1.4314314549556376E-003
         812   6.6802673083146940E-004  -6.6802673083146940E-004
         813   1.4297536986071792E-003   1.4297536986071792E-003
         814   1.4284858272261267E-003   1.4284858272261267E-003
         815   6.6638309288875376E-004  -6.6638309288875376E-004
         816   1.4268193871168086E-003   1.4268193871168086E-003
         817   6.6560760072741716E-004  -6.6560760072741716E-004
         818   1.4251595454076705E-003   1.4251595454076705E-003
         819   1.4239049042658338E-003   1.4239049042658338E-003
         820   1.4226534602313214E-003   1.4226534602313214E-003
         821   1.4214052006729907E-003   1.4214052006729907E-003
         822   6.6228344696814658E-004  -6.6228344696814658E-004
         823   1.4197655487135734E-003   1.4197655487135734E-003
         824   1.4185253400721947E-003   1.4185253400721947E-003
         825   1.4172882703130131E-003   1.4172882703130131E-003
         826   6.5983959364718995E-004  -6.5983959364718995E-004
         827   1.4156639791757185E-003   1.4156639791757185E-003
         828   1.4144348432123734E-003   1.4144348432123734E-003
         829   1.4132088007710354E-003   1.4132088007710354E-003
         830   6.5742005663646812E-004  -6.5742005663646812E-004
         831   6.5750136813605799E-004  -6.5750136813605799E-004
         832   6.5758249862615109E-004  -6.5758249862615109E-004
         833   1.4108278398791837E-003   1.4108278398791837E-003
         834   1.4096129442137690E-003   1.4096129442137690E-003
         835   1.4084010830728707E-003   1.4084010830728707E-003
         836   6.5519101591149430E-004  -6.5519101591149430E-004
         837   6.5527136576064120E-004  -6.5527136576064120E-004
         838   6.5535153798741447E-004  -6.5535153798741447E-004
         839   1.4060476281979530E-003   1.4060476281979530E-003
         840   1.4048467028393435E-003   1.4048467028393435E-003
         841   1.4036487542694980E-003   1.4036487542694980E-003
         842   6.5298757664296173E-004  -6.5298757664296173E-004
         843   1.4020764176122720E-003   1.4020764176122720E-003
         844   6.5225783985029689E-004  -6.5225783985029689E-004
         845   6.5233693608287386E-004  -6.5233693608287386E-004
         846   1.4001343634198768E-003   1.4001343634198768E-003
         847   6.5161052669070532E-004  -6.5161052669070532E-004
         848   6.5168914264581931E-004  -6.5168914264581931E-004
         849   1.3982016769939626E-003   1.3982016769939626E-003
         850   1.3970234545820767E-003   1.3970234545820767E-003
         851   6.5016681194389329E-004  -6.5016681194389329E-004
         852   6.5024481902560072E-004  -6.5024481902560072E-004
         853   1.3951053948782629E-003   1.3951053948782629E-003
         854   6.4952716791199909E-004  -6.4952716791199909E-004
         855   1.3935661911906269E-003   1.3935661911906269E-003
         856   6.4881221894655015E-004  -6.4881221894655015E-004
         857   1.3920327810929595E-003   1.3920327810929595E-003
         858   1.3908722143587140E-003   1.3908722143587140E-003
         859   6.4731272469050968E-004  -6.4731272469050968E-004
         860   6.4738953736612865E-004  -6.4738953736612865E-004
         861   6.4746618442248225E-004  -6.4746618442248225E-004
         862   6.4754266703358611E-004  -6.4754266703358611E-004
         863   1.3882519950939101E-003   1.3882519950939101E-003
         864   1.3871031324374759E-003   1.3871031324374759E-003
         865   6.4605679644029500E-004  -6.4605679644029500E-004
         866   1.3855942323795303E-003   1.3855942323795303E-003
         867   6.4535562560042630E-004  -6.4535562560042630E-004
         868   6.4543123687782315E-004  -6.4543123687782315E-004
         869   1.3837296661138034E-003   1.3837296661138034E-003
         870   1.3825935447460177E-003   1.3825935447460177E-003
         871   1.3814601369749931E-003   1.3814601369749931E-003
         872   1.3803294321824186E-003   1.3803294321824186E-003
         873   6.4242578275490285E-004  -6.4242578275490285E-004
         874   6.4250057430414044E-004  -6.4250057430414044E-004
         875   1.3784886269385004E-003   1.3784886269385004E-003
         876   6.4181174301449449E-004  -6.4181174301449449E-004
         877   1.3770112242058720E-003   1.3770112242058720E-003
         878   6.4112543786186643E-004  -6.4112543786186643E-004
         879   1.3755392365772856E-003   1.3755392365772856E-003
         880   1.3744250319116446E-003   1.3744250319116446E-003
         881   6.3968589515462921E-004  -6.3968589515462921E-004
         882   1.3729621712201996E-003   1.3729621712201996E-003
         883   6.3900658478093170E-004  -6.3900658478093170E-004
         884   1.3715046386278157E-003   1.3715046386278157E-003
         885   6.3832974281669290E-004  -6.3832974281669290E-004
         886   1.3700524026728912E-003   1.3700524026728912E-003
         887   1.3689528948223739E-003   1.3689528948223739E-003
         888   1.3678559575585629E-003   1.3678559575585629E-003
         889   6.3616653908176390E-004  -6.3616653908176390E-004
         890   1.3664162957011284E-003   1.3664162957011284E-003
         891   1.3653258653939986E-003   1.3653258653939986E-003
         892   6.3475982960422238E-004  -6.3475982960422238E-004
         893   6.3483206529000777E-004  -6.3483206529000777E-004
         894   1.3635522052158318E-003   1.3635522052158318E-003
         895   6.3416879349952179E-004  -6.3416879349952179E-004
         896   6.3424061541502363E-004  -6.3424061541502363E-004
         897   1.3617866225148466E-003   1.3617866225148466E-003
         898   6.3358019098043851E-004  -6.3358019098043851E-004
         899   1.3603690712722996E-003   1.3603690712722996E-003
         900   6.3292212448652662E-004  -6.3292212448652662E-004
         901   6.3299327645731070E-004  -6.3299327645731070E-004
         902   6.3306428255365302E-004  -6.3306428255365302E-004
         903   6.3313514367493333E-004  -6.3313514367493333E-004
         904   6.3320585968537515E-004  -6.3320585968537515E-004
         905   6.3327643062119387E-004  -6.3327643062119387E-004
         906   1.3572641973768063E-003   1.3572641973768063E-003
         907   6.3262303157019125E-004  -6.3262303157019125E-004
         908   1.3558642528603026E-003   1.3558642528603026E-003
         909   1.3548050181661788E-003   1.3548050181661788E-003
         910   1.3537481976437021E-003   1.3537481976437021E-003
         911   6.3053527290709817E-004  -6.3053527290709817E-004
         912   6.3060496997360274E-004  -6.3060496997360274E-004
         913   6.3067452580004783E-004  -6.3067452580004783E-004
         914   1.3516931378699162E-003   1.3516931378699162E-003
         915   6.3003029721077960E-004  -6.3003029721077960E-004
         916   6.3009946207235440E-004  -6.3009946207235440E-004
         917   1.3499807740710245E-003   1.3499807740710245E-003
         918   1.3489376539583089E-003   1.3489376539583089E-003
         919   6.2874929945706814E-004  -6.2874929945706814E-004
         920   1.3475669945194615E-003   1.3475669945194615E-003
         921   1.3465298575350100E-003   1.3465298575350100E-003
         922   1.3454950512097087E-003   1.3454950512097087E-003
         923   1.3444625682989227E-003   1.3444625682989227E-003
         924   6.2600458592741682E-004  -6.2600458592741682E-004
         925   1.3431066215854610E-003   1.3431066215854610E-003
         926   1.3420800223526241E-003   1.3420800223526241E-003
         927   6.2467833876485919E-004  -6.2467833876485919E-004
         928   6.2474609923183198E-004  -6.2474609923183198E-004
         929   1.3404085190889450E-003   1.3404085190889450E-003
         930   6.2412045142335674E-004  -6.2412045142335674E-004
         931   6.2418783885887495E-004  -6.2418783885887495E-004
         932   6.2425509193952023E-004  -6.2425509193952023E-004
         933   1.3384222352843115E-003   1.3384222352843115E-003
         934   1.3374086985951973E-003   1.3374086985951973E-003
         935   1.3363974058153896E-003   1.3363974058153896E-003
         936   1.3353883489173458E-003   1.3353883489173458E-003
         937   1.3343815208182006E-003   1.3343815208182006E-003
         938   1.3333769133889986E-003   1.3333769133889986E-003
         939   6.2021072227183213E-004  -6.2021072227183213E-004
         940   6.2027709471883783E-004  -6.2027709471883783E-004
         941   1.3317421273773562E-003   1.3317421273773562E-003
         942   1.3307443493723373E-003   1.3307443493723373E-003
         943   6.1898931056547700E-004  -6.1898931056547700E-004
         944   6.1905522245547513E-004  -6.1905522245547513E-004
         945   1.3291206663586246E-003   1.3291206663586246E-003
         946   1.3281296417719012E-003   1.3281296417719012E-003
         947   1.3271407797430057E-003   1.3271407797430057E-003
         948   1.3261540741554543E-003   1.3261540741554543E-003
         949   6.1643826486695527E-004  -6.1643826486695527E-004
         950   1.3248593431787875E-003   1.3248593431787875E-003
         951   1.3238780982665070E-003   1.3238780982665070E-003
         952   6.1517357355744590E-004  -6.1517357355744590E-004
         953   6.1523850798483990E-004  -6.1523850798483990E-004
         954   1.3222826648069171E-003   1.3222826648069171E-003
         955   1.3213079901601911E-003   1.3213079901601911E-003
         956   1.3203354211557793E-003   1.3203354211557793E-003
         957   1.3193649499722985E-003   1.3193649499722985E-003
         958   1.3183965699092746E-003   1.3183965699092746E-003
         959   1.3174302739994046E-003   1.3174302739994046E-003
         960   6.1136043704543893E-004  -6.1136043704543893E-004
         961   1.3161634063301264E-003   1.3161634063301264E-003
         962   6.1077375541383045E-004  -6.1077375541383045E-004
         963   6.1083763930350036E-004  -6.1083763930350036E-004
         964   1.3145992407585707E-003   1.3145992407585707E-003
         965   1.3136425283583404E-003   1.3136425283583404E-003
         966   1.3126878589384153E-003   1.3126878589384153E-003
         967   1.3117352251357669E-003   1.3117352251357669E-003
         968   6.0831877085155961E-004  -6.0831877085155961E-004
         969   6.0838203300826385E-004  -6.0838203300826385E-004
         970   1.3101888767275711E-003   1.3101888767275711E-003
         971   1.3092425011178219E-003   1.3092425011178219E-003
         972   1.3082981323714919E-003   1.3082981323714919E-003
         973   6.0652823177188549E-004  -6.0652823177188549E-004
         974   6.0659097579195468E-004  -6.0659097579195468E-004
         975   6.0665360378768323E-004  -6.0665360378768323E-004
         976   6.0671611507143468E-004  -6.0671611507143468E-004
         977   1.3061759866820535E-003   1.3061759866820535E-003
         978   6.0614470295931075E-004  -6.0614470295931075E-004
         979   1.3049461723127318E-003   1.3049461723127318E-003
         980   1.3040131874137518E-003   1.3040131874137518E-003
         981   1.3030821621525350E-003   1.3030821621525350E-003
         982   6.0431638426532413E-004  -6.0431638426532413E-004
         983   1.3018619082328020E-003   1.3018619082328020E-003
         984   1.3009358458856742E-003   1.3009358458856742E-003
         985   1.3000117195320453E-003   1.3000117195320453E-003
         986   6.0250315369840123E-004  -6.0250315369840123E-004
         987   1.2988009067892328E-003   1.2988009067892328E-003
         988   6.0194311932216388E-004  -6.0194311932216388E-004
         989   6.0200432814281972E-004  -6.0200432814281972E-004
         990   1.2973064427956415E-003   1.2973064427956415E-003
         991   1.2963912211720664E-003   1.2963912211720664E-003
         992   6.0082901354552374E-004  -6.0082901354552374E-004
         993   1.2951920624311307E-003   1.2951920624311307E-003
         994   6.0027435917565767E-004  -6.0027435917565767E-004
         995   1.2939967477014823E-003   1.2939967477014823E-003
         996   1.2930892612581591E-003   1.2930892612581591E-003
         997   5.9910949039952309E-004  -5.9910949039952309E-004
         998   1.2919004261703370E-003   1.2919004261703370E-003
         999   1.2909976978618593E-003   1.2909976978618593E-003
        1000   1.2900968259258049E-003   1.2900968259258049E-003
        1001   1.2891978038568151E-003   1.2891978038568151E-003
        1002   1.2883006263640993E-003   1.2883006263640993E-003
        1003   1.2874052869314265E-003   1.2874052869314265E-003
        1004   5.9553177606090971E-004  -5.9553177606090971E-004
        1005   1.2862333133711378E-003   1.2862333133711378E-003
        1006   1.2853426288186760E-003   1.2853426288186760E-003
        1007   5.9439140757692186E-004  -5.9439140757692186E-004
        1008   5.9445081758732721E-004  -5.9445081758732721E-004
        1009   5.9451012257464003E-004  -5.9451012257464003E-004
        1010   5.9456932271016933E-004  -5.9456932271016933E-004
        1011   5.9462841816500191E-004  -5.9462841816500191E-004
        1012   5.9468740876102459E-004  -5.9468740876102459E-004
        1013   5.9474629466877609E-004  -5.9474629466877609E-004
        1014   1.2825184848532240E-003   1.2825184848532240E-003
        1015   1.2816383083842356E-003   1.2816383083842356E-003
        1016   1.2807599120341485E-003   1.2807599120341485E-003
        1017   1.2798832888718749E-003   1.2798832888718749E-003
        1018   1.2790084343177806E-003   1.2790084343177806E-003
        1019   1.2781353420415374E-003   1.2781353420415374E-003
        1020   5.9125790447790878E-004  -5.9125790447790878E-004
        1021   5.9131607980105415E-004  -5.9131607980105415E-004
        1022   5.9137415370981666E-004  -5.9137415370981666E-004
        1023   1.2764497046406176E-003   1.2764497046406176E-003
        1024   1.2755829848476495E-003   1.2755829848476495E-003
        1025   5.9026356341511019E-004  -5.9026356341511019E-004
        1026   1.2744482500870347E-003   1.2744482500870347E-003
        1027   1.2735859399705771E-003   1.2735859399705771E-003
        1028   1.2727253510191252E-003   1.2727253510191252E-003
        1029   5.8858005088688325E-004  -5.8858005088688325E-004
        1030   1.2715989945541386E-003   1.2715989945541386E-003
        1031   5.8806016270530578E-004  -5.8806016270530578E-004
        1032   5.8811734318321924E-004  -5.8811734318321924E-004
        1033   5.8817442494172429E-004  -5.8817442494172429E-004
        1034   1.2699431293436497E-003   1.2699431293436497E-003
        1035   5.8765677999599118E-004  -5.8765677999599118E-004
        1036   1.2688257706533535E-003   1.2688257706533535E-003
        1037   5.8714072071541139E-004  -5.8714072071541139E-004
        1038   5.8719734736689753E-004  -5.8719734736689753E-004
        1039   5.8725387677373948E-004  -5.8725387677373948E-004
        1040   5.8731030918726234E-004  -5.8731030918726234E-004
        1041   1.2669181126109450E-003   1.2669181126109450E-003
        1042   1.2660743101987025E-003   1.2660743101987025E-003
        1043   5.8622824621581103E-004  -5.8622824621581103E-004
        1044   5.8628432773433507E-004  -5.8628432773433507E-004
        1045   5.8634031294763273E-004  -5.8634031294763273E-004
        1046   1.2644436152079678E-003   1.2644436152079678E-003
        1047   5.8583021953702177E-004  -5.8583021953702177E-004
        1048   5.8588593579584269E-004  -5.8588593579584269E-004
        1049   1.2630820642296260E-003   1.2630820642296260E-003
        1050   5.8537770087151880E-004  -5.8537770087151880E-004
        1051   1.2619866797780163E-003   1.2619866797780163E-003
        1052   1.2611548509283900E-003   1.2611548509283900E-003
        1053   1.2603246410937696E-003   1.2603246410937696E-003
        1054   1.2594960456348168E-003   1.2594960456348168E-003
        1055   5.8319230521835348E-004  -5.8319230521835348E-004
        1056   1.2584108345864251E-003   1.2584108345864251E-003
        1057   1.2575863306731080E-003   1.2575863306731080E-003
        1058   5.8213543402831525E-004  -5.8213543402831525E-004
        1059   1.2565066406073858E-003   1.2565066406073858E-003
        1060   1.2556861950338948E-003   1.2556861950338948E-003
        1061   5.8108418939560602E-004  -5.8108418939560602E-004
        1062   5.8113875239354821E-004  -5.8113875239354821E-004
        1063   5.8119322411245746E-004  -5.8119322411245746E-004
        1064   5.8124760365860077E-004  -5.8124760365860077E-004
        1065   1.2538465584989624E-003   1.2538465584989624E-003
        1066   5.8075232812666757E-004  -5.8075232812666757E-004
        1067   5.8080645181071916E-004  -5.8080645181071916E-004
        1068   5.8086048445430587E-004  -5.8086048445430587E-004
        1069   5.8091442630252928E-004  -5.8091442630252928E-004
        1070   5.8096827786356339E-004  -5.8096827786356339E-004
        1071   5.8102203868035801E-004  -5.8102203868035801E-004
        1072   5.8107570917299172E-004  -5.8107570917299172E-004
        1073   5.8112928958595352E-004  -5.8112928958595352E-004
        1074   1.2510014865767191E-003   1.2510014865767191E-003
        1075   1.2501960203575957E-003   1.2501960203575957E-003
        1076   1.2493920874349521E-003   1.2493920874349521E-003
        1077   1.2485896826481976E-003   1.2485896826481976E-003
        1078   1.2477888017984752E-003   1.2477888017984752E-003
        1079   5.7846896230986879E-004  -5.7846896230986879E-004
        1080   1.2467392118769250E-003   1.2467392118769250E-003
        1081   5.7798327149172018E-004  -5.7798327149172018E-004
        1082   1.2456927032413008E-003   1.2456927032413008E-003
        1083   5.7749900380329165E-004  -5.7749900380329165E-004
        1084   5.7755173037087461E-004  -5.7755173037087461E-004
        1085   5.7760436984663770E-004  -5.7760436984663770E-004
        1086   1.2441520462414962E-003   1.2441520462414962E-003
        1087   1.2433613312899637E-003   1.2433613312899637E-003
        1088   1.2425721032693433E-003   1.2425721032693433E-003
        1089   5.7605600521256674E-004  -5.7605600521256674E-004
        1090   5.7610826159803759E-004  -5.7610826159803759E-004
        1091   1.2412912838341342E-003   1.2412912838341342E-003
        1092   5.7562990234789663E-004  -5.7562990234789663E-004
        1093   5.7568191799368192E-004  -5.7568191799368192E-004
        1094   1.2400152006013956E-003   1.2400152006013956E-003
        1095   5.7520522893777864E-004  -5.7520522893777864E-004
        1096   5.7525700531428203E-004  -5.7525700531428203E-004
        1097   5.7530869698817352E-004  -5.7530869698817352E-004
        1098   5.7536030340767574E-004  -5.7536030340767574E-004
        1099   5.7541182542817878E-004  -5.7541182542817878E-004
        1100   1.2380098534486941E-003   1.2380098534486941E-003
        1101   5.7493763740758459E-004  -5.7493763740758459E-004
        1102   1.2369898901011416E-003   1.2369898901011416E-003
        1103   1.2362160107713760E-003   1.2362160107713760E-003
        1104   5.7394185425885854E-004  -5.7394185425885854E-004
        1105   5.7399292271770037E-004  -5.7399292271770037E-004
        1106   5.7404390773796541E-004  -5.7404390773796541E-004
        1107   1.2347162210035521E-003   1.2347162210035521E-003
        1108   1.2339475603065869E-003   1.2339475603065869E-003
        1109   1.2331803171564098E-003   1.2331803171564098E-003
        1110   5.7253600135750103E-004  -5.7253600135750103E-004
        1111   5.7258662274042751E-004  -5.7258662274042751E-004
        1112   1.2319336502690881E-003   1.2319336502690881E-003
        1113   5.7212053011727166E-004  -5.7212053011727166E-004
        1114   5.7217092275640773E-004  -5.7217092275640773E-004
        1115   1.2306915084852469E-003   1.2306915084852469E-003
        1116   1.2299315766588755E-003   1.2299315766588755E-003
        1117   5.7119273618038476E-004  -5.7119273618038476E-004
        1118   5.7124283633758709E-004  -5.7124283633758709E-004
        1119   1.2286964889658329E-003   1.2286964889658329E-003
        1120   1.2279408594004259E-003   1.2279408594004259E-003
        1121   1.2271866072921982E-003   1.2271866072921982E-003
        1122   5.6976051528421525E-004  -5.6976051528421525E-004
        1123   1.2261973328192184E-003   1.2261973328192184E-003
        1124   5.6930202425540405E-004  -5.6930202425540405E-004
        1125   5.6935162822307182E-004  -5.6935162822307182E-004
        1126   5.6940115252314936E-004  -5.6940115252314936E-004
        1127   1.2247396778646120E-003   1.2247396778646120E-003
        1128   5.6894448151923827E-004  -5.6894448151923827E-004
        1129   5.6899378435945819E-004  -5.6899378435945819E-004
        1130   5.6904300834636308E-004  -5.6904300834636308E-004
        1131   1.2232881869294950E-003   1.2232881869294950E-003
        1132   5.6858814384838012E-004  -5.6858814384838012E-004
        1133   5.6863714825755390E-004  -5.6863714825755390E-004
        1134   5.6868607418365889E-004  -5.6868607418365889E-004
        1135   1.2218428149595210E-003   1.2218428149595210E-003
        1136   5.6823300392785773E-004  -5.6823300392785773E-004
        1137   1.2208696189593071E-003   1.2208696189593071E-003
        1138   1.2201316748497377E-003   1.2201316748497377E-003
        1139   5.6728174239109900E-004  -5.6728174239109900E-004
        1140   5.6733025144838946E-004  -5.6733025144838946E-004
        1141   1.2189311825037839E-003   1.2189311825037839E-003
        1142   5.6688095528357519E-004  -5.6688095528357519E-004
        1143   1.2179660910783263E-003   1.2179660910783263E-003
        1144   1.2172342793940133E-003   1.2172342793940133E-003
        1145   5.6593760693838906E-004  -5.6593760693838906E-004
        1146   5.6598570493211471E-004  -5.6598570493211471E-004
        1147   5.6603372635651863E-004  -5.6603372635651863E-004
        1148   1.2158138816612501E-003   1.2158138816612501E-003
        1149   1.2150868269112326E-003   1.2150868269112326E-003
        1150   5.6509617401398027E-004  -5.6509617401398027E-004
        1151   1.2141323675670243E-003   1.2141323675670243E-003
        1152   1.2134085999467683E-003   1.2134085999467683E-003
        1153   1.2126861132638828E-003   1.2126861132638828E-003
        1154   1.2119649028278527E-003   1.2119649028278527E-003
        1155   1.2112449661553369E-003   1.2112449661553369E-003
        1156   5.6269979557172108E-004  -5.6269979557172108E-004
        1157   1.2103003794008899E-003   1.2103003794008899E-003
        1158   5.6226172750390574E-004  -5.6226172750390574E-004
        1159   5.6230897778825767E-004  -5.6230897778825767E-004
        1160   5.6235615453464590E-004  -5.6235615453464590E-004
        1161   1.2089080371548561E-003   1.2089080371548561E-003
        1162   1.2081946808586233E-003   1.2081946808586233E-003
        1163   5.6143729226371347E-004  -5.6143729226371347E-004
        1164   1.2072585887579655E-003   1.2072585887579655E-003
        1165   1.2065484178102582E-003   1.2065484178102582E-003
        1166   5.6052286686131671E-004  -5.6052286686131671E-004
        1167   1.2056166331433638E-003   1.2056166331433638E-003
        1168   5.6009072584237596E-004  -5.6009072584237596E-004
        1169   5.6013732387012695E-004  -5.6013732387012695E-004
        1170   1.2044652101702326E-003   1.2044652101702326E-003
        1171   1.2037607936577056E-003   1.2037607936577056E-003
        1172   1.2030576013880210E-003   1.2030576013880210E-003
        1173   1.2023556305691052E-003   1.2023556305691052E-003
        1174   5.5828069322902917E-004  -5.5828069322902917E-004
        1175   5.5832692146719513E-004  -5.5832692146719513E-004
        1176   5.5837307891308877E-004  -5.5837307891308877E-004
        1177   5.5841916517454591E-004  -5.5841916517454591E-004
        1178   5.5846518101080927E-004  -5.5846518101080927E-004
        1179   5.5851112629523895E-004  -5.5851112629523895E-004
        1180   5.5855700134403719E-004  -5.5855700134403719E-004
        1181   1.2001164703030226E-003   1.2001164703030226E-003
        1182   5.5813160142099993E-004  -5.5813160142099993E-004
        1183   1.1992026741006172E-003   1.1992026741006172E-003
        1184   1.1985096653798729E-003   1.1985096653798729E-003
        1185   1.1978178473750448E-003   1.1978178473750448E-003
        1186   5.5677031784623788E-004  -5.5677031784623788E-004
        1187   1.1969098733146963E-003   1.1969098733146963E-003
        1188   1.1962210821099132E-003   1.1962210821099132E-003
        1189   1.1955334701969234E-003   1.1955334701969234E-003
        1190   1.1948470339475834E-003   1.1948470339475834E-003
        1191   1.1941617707067393E-003   1.1941617707067393E-003
        1192   1.1934776766639090E-003   1.1934776766639090E-003
        1193   1.1927947496026508E-003   1.1927947496026508E-003
        1194   1.1921129856188864E-003   1.1921129856188864E-003
        1195   1.1914323809833118E-003   1.1914323809833118E-003
        1196   1.1907529341822088E-003   1.1907529341822088E-003
        1197   1.1900746407717622E-003   1.1900746407717622E-003
        1198   5.5173258359934797E-004  -5.5173258359934797E-004
        1199   5.5177736512424772E-004  -5.5177736512424772E-004
        1200   5.5182208059824909E-004  -5.5182208059824909E-004
        1201   5.5186672891490720E-004  -5.5186672891490720E-004
        1202   5.5191131109780147E-004  -5.5191131109780147E-004
        1203   5.5195582657268391E-004  -5.5195582657268391E-004
        1204   1.1881273658287928E-003   1.1881273658287928E-003
        1205   1.1874551561470270E-003   1.1874551561470270E-003
        1206   5.5109154642325265E-004  -5.5109154642325265E-004
        1207   1.1865736190298495E-003   1.1865736190298495E-003
        1208   5.5068310185448725E-004  -5.5068310185448725E-004
        1209   5.5072726115268323E-004  -5.5072726115268323E-004
        1210   5.5077135534439771E-004  -5.5077135534439771E-004
        1211   1.1852748058411799E-003   1.1852748058411799E-003
        1212   1.1846084693111648E-003   1.1846084693111648E-003
        1213   1.1839432487301886E-003   1.1839432487301886E-003
        1214   5.4946515605971264E-004  -5.4946515605971264E-004
        1215   5.4950896436292858E-004  -5.4950896436292858E-004
        1216   1.1828626773743925E-003   1.1828626773743925E-003
        1217   5.4910497350977422E-004  -5.4910497350977422E-004
        1218   5.4914860129882210E-004  -5.4914860129882210E-004
        1219   1.1817856795031622E-003   1.1817856795031622E-003
        1220   5.4874587295373589E-004  -5.4874587295373589E-004
        1221   5.4878932171052773E-004  -5.4878932171052773E-004
        1222   5.4883270601341892E-004  -5.4883270601341892E-004
        1223   5.4887602652942808E-004  -5.4887602652942808E-004
        1224   5.4891928356992745E-004  -5.4891928356992745E-004
        1225   1.1800918206164761E-003   1.1800918206164761E-003
        1226   1.1794364937788150E-003   1.1794364937788150E-003
        1227   1.1787822516568533E-003   1.1787822516568533E-003
        1228   5.4763301455353487E-004  -5.4763301455353487E-004
        1229   1.1779238056985424E-003   1.1779238056985424E-003
        1230   5.4723484509744717E-004  -5.4723484509744717E-004
        1231   1.1770675639608075E-003   1.1770675639608075E-003
        1232   5.4683769640662377E-004  -5.4683769640662377E-004
        1233   1.1762135168252124E-003   1.1762135168252124E-003
        1234   5.4644156418293631E-004  -5.4644156418293631E-004
        1235   5.4648420783507616E-004  -5.4648420783507616E-004
        1236   1.1751580210227685E-003   1.1751580210227685E-003
        1237   5.4608929726466496E-004  -5.4608929726466496E-004
        1238   1.1743089991904342E-003   1.1743089991904342E-003
        1239   5.4569539283446289E-004  -5.4569539283446289E-004
        1240   1.1734621407915944E-003   1.1734621407915944E-003
        1241   5.4530249137376059E-004  -5.4530249137376059E-004
        1242   1.1726174371914024E-003   1.1726174371914024E-003
        1243   5.4491058774420976E-004  -5.4491058774420976E-004
        1244   5.4495272877337500E-004  -5.4495272877337500E-004
        1245   1.1715733879179545E-003   1.1715733879179545E-003
        1246   1.1709345979418000E-003   1.1709345979418000E-003
        1247   5.4413007280994111E-004  -5.4413007280994111E-004
        1248   5.4417199593738701E-004  -5.4417199593738701E-004
        1249   1.1698958324313556E-003   1.1698958324313556E-003
        1250   1.1692602663240629E-003   1.1692602663240629E-003
        1251   5.4335349687469254E-004  -5.4335349687469254E-004
        1252   1.1684261991982351E-003   1.1684261991982351E-003
        1253   5.4296652070807603E-004  -5.4296652070807603E-004
        1254   5.4300812093838365E-004  -5.4300812093838365E-004
        1255   1.1673952768958820E-003   1.1673952768958820E-003
        1256   5.4262231968038328E-004  -5.4262231968038328E-004
        1257   1.1665660406228878E-003   1.1665660406228878E-003
        1258   1.1659368416404791E-003   1.1659368416404791E-003
        1259   5.4181202940732523E-004  -5.4181202940732523E-004
        1260   1.1651111234992581E-003   1.1651111234992581E-003
        1261   1.1644845086135362E-003   1.1644845086135362E-003
        1262   1.1638589002034999E-003   1.1638589002034999E-003
        1263   5.4058255349915261E-004  -5.4058255349915261E-004
        1264   1.1630381002823611E-003   1.1630381002823611E-003
        1265   1.1624150521509372E-003   1.1624150521509372E-003
        1266   1.1617930009949348E-003   1.1617930009949348E-003
        1267   1.1611719442816153E-003   1.1611719442816153E-003
        1268   5.3894150313630327E-004  -5.3894150313630327E-004
        1269   5.3898234436524891E-004  -5.3898234436524891E-004
        1270   5.3902312787996716E-004  -5.3902312787996716E-004
        1271   5.3906385398749541E-004  -5.3906385398749541E-004
        1272   1.1597744688672197E-003   1.1597744688672197E-003
        1273   5.3868697905986847E-004  -5.3868697905986847E-004
        1274   5.3872754518036951E-004  -5.3872754518036951E-004
        1275   1.1587701192543637E-003   1.1587701192543637E-003
        1276   5.3835179541074851E-004  -5.3835179541074851E-004
        1277   1.1579620816579248E-003   1.1579620816579248E-003
        1278   1.1573487774633798E-003   1.1573487774633798E-003
        1279   5.3756251880178203E-004  -5.3756251880178203E-004
        1280   1.1565441101455459E-003   1.1565441101455459E-003
        1281   5.3718934787508278E-004  -5.3718934787508278E-004
        1282   1.1557414225161660E-003   1.1557414225161660E-003
        1283   1.1551320940858415E-003   1.1551320940858415E-003
        1284   1.1545237263626117E-003   1.1545237263626117E-003
        1285   5.3599456509260013E-004  -5.3599456509260013E-004
        1286   5.3603453514996537E-004  -5.3603453514996537E-004
        1287   5.3607444974825913E-004  -5.3607444974825913E-004
        1288   5.3611430865690274E-004  -5.3611430865690274E-004
        1289   1.1531543811929205E-003   1.1531543811929205E-003
        1290   5.3574497065601466E-004  -5.3574497065601466E-004
        1291   5.3578467482476170E-004  -5.3578467482476170E-004
        1292   5.3582432375318188E-004  -5.3582432375318188E-004
        1293   5.3586391756781657E-004  -5.3586391756781657E-004
        1294   1.1517907828653910E-003   1.1517907828653910E-003
        1295   1.1511894891760171E-003   1.1511894891760171E-003
        1296   5.3508937783182918E-004  -5.3508937783182918E-004
        1297   1.1504002770053078E-003   1.1504002770053078E-003
        1298   1.1498013792943511E-003   1.1498013792943511E-003
        1299   5.3431817231953797E-004  -5.3431817231953797E-004
        1300   1.1490154058685408E-003   1.1490154058685408E-003
        1301   5.3395348330164750E-004  -5.3395348330164750E-004
        1302   1.1482313357951694E-003   1.1482313357951694E-003
        1303   5.3358967608336096E-004  -5.3358967608336096E-004
        1304   1.1474491608099962E-003   1.1474491608099962E-003
        1305   5.3322674715734774E-004  -5.3322674715734774E-004
        1306   5.3326571474680677E-004  -5.3326571474680677E-004
        1307   5.3330462893376386E-004  -5.3330462893376386E-004
        1308   5.3334348948539669E-004  -5.3334348948539669E-004
        1309   5.3338229661641329E-004  -5.3338229661641329E-004
        1310   5.3342104982512229E-004  -5.3342104982512229E-004
        1311   1.1457366283192686E-003   1.1457366283192686E-003
        1312   1.1451469583770091E-003   1.1451469583770091E-003
        1313   5.3266078578113440E-004  -5.3266078578113440E-004
        1314   1.1443727091513167E-003   1.1443727091513167E-003
        1315   1.1437853577315406E-003   1.1437853577315406E-003
        1316   1.1431989084373000E-003   1.1431989084373000E-003
        1317   5.3150703327331083E-004  -5.3150703327331083E-004
        1318   1.1424290727097982E-003   1.1424290727097982E-003
        1319   1.1418449212922048E-003   1.1418449212922048E-003
        1320   5.3075459773108656E-004  -5.3075459773108656E-004
        1321   1.1410781919762296E-003   1.1410781919762296E-003
        1322   1.1404963232514464E-003   1.1404963232514464E-003
        1323   5.3000533883558996E-004  -5.3000533883558996E-004
        1324   1.1397326808729698E-003   1.1397326808729698E-003
        1325   1.1391530798037131E-003   1.1391530798037131E-003
        1326   5.2925923523534414E-004  -5.2925923523534414E-004
        1327   1.1383925034896222E-003   1.1383925034896222E-003
        1328   1.1378151559028051E-003   1.1378151559028051E-003
        1329   5.2851626490250947E-004  -5.2851626490250947E-004
        1330   5.2855411905465772E-004  -5.2855411905465772E-004
        1331   5.2859192245283452E-004  -5.2859192245283452E-004
        1332   5.2862967486160320E-004  -5.2862967486160320E-004
        1333   5.2866737649388752E-004  -5.2866737649388752E-004
        1334   1.1363340127036284E-003   1.1363340127036284E-003
        1335   1.1357608426106277E-003   1.1357608426106277E-003
        1336   1.1351885385683972E-003   1.1351885385683972E-003
        1337   5.2754218338862296E-004  -5.2754218338862296E-004
        1338   1.1344374418651281E-003   1.1344374418651281E-003
        1339   1.1338673442514420E-003   1.1338673442514420E-003
        1340   5.2680832556346261E-004  -5.2680832556346261E-004
        1341   1.1331192296743047E-003   1.1331192296743047E-003
        1342   5.2646125576847008E-004  -5.2646125576847008E-004
        1343   1.1323728676108714E-003   1.1323728676108714E-003
        1344   1.1318062897858203E-003   1.1318062897858203E-003
        1345   1.1312405621586416E-003   1.1312405621586416E-003
        1346   5.2534999223622920E-004  -5.2534999223622920E-004
        1347   5.2538708773959000E-004  -5.2538708773959000E-004
        1348   5.2542413410664466E-004  -5.2542413410664466E-004
        1349   5.2546113074093497E-004  -5.2546113074093497E-004
        1350   5.2549807866247671E-004  -5.2549807866247671E-004
        1351   1.1297896490780150E-003   1.1297896490780150E-003
        1352   1.1292279598062388E-003   1.1292279598062388E-003
        1353   5.2477484026305942E-004  -5.2477484026305942E-004
        1354   5.2481161278967537E-004  -5.2481161278967537E-004
        1355   5.2484833717637684E-004  -5.2484833717637684E-004
        1356   5.2488501273610091E-004  -5.2488501273610091E-004
        1357   1.1279621813384039E-003   1.1279621813384039E-003
        1358   5.2454343297827371E-004  -5.2454343297827371E-004
        1359   1.1272282881400455E-003   1.1272282881400455E-003
        1360   5.2420264290548382E-004  -5.2420264290548382E-004
        1361   1.1264960915054140E-003   1.1264960915054140E-003
        1362   1.1259405059824981E-003   1.1259405059824981E-003
        1363   1.1253857424127719E-003   1.1253857424127719E-003
        1364   1.1248317997436335E-003   1.1248317997436335E-003
        1365   5.2273720401884425E-004  -5.2273720401884425E-004
        1366   1.1241047841817743E-003   1.1241047841817743E-003
        1367   5.2239983164883617E-004  -5.2239983164883617E-004
        1368   5.2243600252866850E-004  -5.2243600252866850E-004
        1369   5.2247212615873359E-004  -5.2247212615873359E-004
        1370   1.1230326345319226E-003   1.1230326345319226E-003
        1371   5.2213585208171114E-004  -5.2213585208171114E-004
        1372   5.2217184376767822E-004  -5.2217184376767822E-004
        1373   1.1221370579908116E-003   1.1221370579908116E-003
        1374   1.1215890792582283E-003   1.1215890792582283E-003
        1375   5.2146585510619108E-004  -5.2146585510619108E-004
        1376   1.1208697201349077E-003   1.1208697201349077E-003
        1377   1.1203237931700237E-003   1.1203237931700237E-003
        1378   1.1197786644414622E-003   1.1197786644414622E-003
        1379   5.2039419654225879E-004  -5.2039419654225879E-004
        1380   1.1190632088531759E-003   1.1190632088531759E-003
        1381   1.1185201142080393E-003   1.1185201142080393E-003
        1382   5.1969512775265517E-004  -5.1969512775265517E-004
        1383   1.1178074081889225E-003   1.1178074081889225E-003
        1384   1.1172663343685010E-003   1.1172663343685010E-003
        1385   5.1899886911738787E-004  -5.1899886911738787E-004
        1386   5.1903429996291608E-004  -5.1903429996291608E-004
        1387   1.1163867305895004E-003   1.1163867305895004E-003
        1388   5.1870512601017251E-004  -5.1870512601017251E-004
        1389   1.1156788556350627E-003   1.1156788556350627E-003
        1390   1.1151414426493296E-003   1.1151414426493296E-003
        1391   1.1146048077032822E-003   1.1146048077032822E-003
        1392   1.1140689489931880E-003   1.1140689489931880E-003
        1393   5.1728921414162347E-004  -5.1728921414162347E-004
        1394   1.1133659734050062E-003   1.1133659734050062E-003
        1395   1.1128320915046023E-003   1.1128320915046023E-003
        1396   5.1660282216735602E-004  -5.1660282216735602E-004
        1397   5.1663782161652863E-004  -5.1663782161652863E-004
        1398   5.1667277590420637E-004  -5.1667277590420637E-004
        1399   1.1117975694943936E-003   1.1117975694943936E-003
        1400   1.1112665052046206E-003   1.1112665052046206E-003
        1401   1.1107362038322002E-003   1.1107362038322002E-003
        1402   1.1102066630216119E-003   1.1102066630216119E-003
        1403   5.1527436528982673E-004  -5.1527436528982673E-004
        1404   1.1095121278111395E-003   1.1095121278111395E-003
        1405   1.1089845256200060E-003   1.1089845256200060E-003
        1406   1.1084576783658524E-003   1.1084576783658524E-003
        1407   1.1079315838678537E-003   1.1079315838678537E-003
        1408   1.1074062410263309E-003   1.1074062410263309E-003
        1409   5.1353198019156736E-004  -5.1353198019156736E-004
        1410   5.1356648676569993E-004  -5.1356648676569993E-004
        1411   5.1360095001557631E-004  -5.1360095001557631E-004
        1412   5.1363536987857029E-004  -5.1363536987857029E-004
        1413   1.1062254461053475E-003   1.1062254461053475E-003
        1414   5.1331688533541705E-004  -5.1331688533541705E-004
        1415   5.1335118439458489E-004  -5.1335118439458489E-004
        1416   1.1053761026668261E-003   1.1053761026668261E-003
        1417   1.1048554837937458E-003   1.1048554837937458E-003
        1418   5.1268225249207302E-004  -5.1268225249207302E-004
        1419   1.1041727204603956E-003   1.1041727204603956E-003
        1420   1.1036539854405575E-003   1.1036539854405575E-003
        1421   1.1031359839775085E-003   1.1031359839775085E-003
        1422   1.1026187152291321E-003   1.1026187152291321E-003
        1423   5.1131780325927622E-004  -5.1131780325927622E-004
        1424   5.1135176965098807E-004  -5.1135176965098807E-004
        1425   5.1138569352694935E-004  -5.1138569352694935E-004
        1426   5.1141957536538407E-004  -5.1141957536538407E-004
        1427   1.1014560563398323E-003   1.1014560563398323E-003
        1428   1.1009418642159425E-003   1.1009418642159425E-003
        1429   1.1004283947430016E-003   1.1004283947430016E-003
        1430   5.1041280518094830E-004  -5.1041280518094830E-004
        1431   1.0997551511036385E-003   1.0997551511036385E-003
        1432   5.1010096530155699E-004  -5.1010096530155699E-004
        1433   1.0990833788498944E-003   1.0990833788498944E-003
        1434   5.0978980590022597E-004  -5.0978980590022597E-004
        1435   5.0982335336638711E-004  -5.0982335336638711E-004
        1436   1.0982533296398833E-003   1.0982533296398833E-003
        1437   1.0977443262961365E-003   1.0977443262961365E-003
        1438   1.0972360339674657E-003   1.0972360339674657E-003
        1439   5.0882702191584468E-004  -5.0882702191584468E-004
        1440   5.0886038776165642E-004  -5.0886038776165642E-004
        1441   1.0964108941871554E-003   1.0964108941871554E-003
        1442   5.0855192627254954E-004  -5.0855192627254954E-004
        1443   1.0957463976663624E-003   1.0957463976663624E-003
        1444   1.0952414045107886E-003   1.0952414045107886E-003
        1445   1.0947371130891816E-003   1.0947371130891816E-003
        1446   1.0942335213623533E-003   1.0942335213623533E-003
        1447   5.0722434322828175E-004  -5.0722434322828175E-004
        1448   1.0935734366945976E-003   1.0935734366945976E-003
        1449   1.0930716279199438E-003   1.0930716279199438E-003
        1450   1.0925705134159944E-003   1.0925705134159944E-003
        1451   5.0624315667243910E-004  -5.0624315667243910E-004
        1452   1.0919138152239475E-003   1.0919138152239475E-003
        1453   1.0914144691023522E-003   1.0914144691023522E-003
        1454   5.0560302641328603E-004  -5.0560302641328603E-004
        1455   1.0907601571581488E-003   1.0907601571581488E-003
        1456   1.0902625690328406E-003   1.0902625690328406E-003
        1457   1.0897656657052628E-003   1.0897656657052628E-003
        1458   1.0892694462108277E-003   1.0892694462108277E-003
        1459   5.0429696231873923E-004  -5.0429696231873923E-004
        1460   5.0432963352681280E-004  -5.0432963352681280E-004
        1461   1.0884650144402125E-003   1.0884650144402125E-003
        1462   5.0402924282543686E-004  -5.0402924282543686E-004
        1463   1.0878168202775721E-003   1.0878168202775721E-003
        1464   1.0873237712590376E-003   1.0873237712590376E-003
        1465   1.0868313966753492E-003   1.0868313966753492E-003
        1466   5.0306647507825640E-004  -5.0306647507825640E-004
        1467   5.0309890213914204E-004  -5.0309890213914204E-004
        1468   1.0860333327806764E-003   1.0860333327806764E-003
        1469   5.0280092720665214E-004  -5.0280092720665214E-004
        1470   5.0283324563767085E-004  -5.0283324563767085E-004
        1471   5.0286552517851961E-004  -5.0286552517851961E-004
        1472   1.0850847007516664E-003   1.0850847007516664E-003
        1473   1.0845961971899991E-003   1.0845961971899991E-003
        1474   5.0223965807827398E-004  -5.0223965807827398E-004
        1475   1.0839562230021155E-003   1.0839562230021155E-003
        1476   1.0834694144414483E-003   1.0834694144414483E-003
        1477   1.0829832660854278E-003   1.0829832660854278E-003
        1478   5.0128908720344632E-004  -5.0128908720344632E-004
        1479   1.0823465092899588E-003   1.0823465092899588E-003
        1480   5.0099474012473477E-004  -5.0099474012473477E-004
        1481   5.0102668103187142E-004  -5.0102668103187142E-004
        1482   5.0105858387831221E-004  -5.0105858387831221E-004
        1483   1.0814093399875348E-003   1.0814093399875348E-003
        1484   1.0809266193389517E-003   1.0809266193389517E-003
        1485   5.0044030262058972E-004  -5.0044030262058972E-004
        1486   1.0802942826605281E-003   1.0802942826605281E-003
        1487   5.0014793665910959E-004  -5.0014793665910959E-004
        1488   5.0017963547086821E-004  -5.0017963547086821E-004
        1489   1.0795133683810599E-003   1.0795133683810599E-003
        1490   4.9988801105977482E-004  -4.9988801105977482E-004
        1491   4.9991960476942392E-004  -4.9991960476942392E-004
        1492   1.0787345429760580E-003   1.0787345429760580E-003
        1493   1.0782562101347543E-003   1.0782562101347543E-003
        1494   4.9930678554160315E-004  -4.9930678554160315E-004
        1495   1.0776295532758486E-003   1.0776295532758486E-003
        1496   1.0771528570850258E-003   1.0771528570850258E-003
        1497   1.0766767977868437E-003   1.0766767977868437E-003
        1498   1.0762013742944409E-003   1.0762013742944409E-003
        1499   1.0757265852478686E-003   1.0757265852478686E-003
        1500   4.9773698374634852E-004  -4.9773698374634852E-004

   k   test 
        1500   1.8124200330902479E-006
