 k,   gradient vector, at each step of the optimization (k):

           1   5.0707419199770565E-002   5.0707419199770565E-002
           2   3.1316726209447532E-002  -3.1316726209447532E-002
           3   4.3785841499927078E-002   4.3785841499927078E-002
           4   4.1110913236965155E-002   4.1110913236965155E-002
           5   2.3073735251071006E-002  -2.3073735251071006E-002
           6   3.6155550127503287E-002   3.6155550127503287E-002
           7   2.0517954237330112E-002  -2.0517954237330112E-002
           8   2.0842605619404226E-002  -2.0842605619404226E-002
           9   2.1052284507175022E-002  -2.1052284507175022E-002
          10   2.1153779611881217E-002  -2.1153779611881217E-002
          11   2.7564889768808484E-002   2.7564889768808484E-002
          12   2.6446232224615979E-002   2.6446232224615979E-002
          13   1.7660575595354638E-002  -1.7660575595354638E-002
          14   2.4334300664623557E-002   2.4334300664623557E-002
          15   2.3419398923346418E-002   2.3419398923346418E-002
          16   1.5163475667939184E-002  -1.5163475667939184E-002
          17   2.1820824345385018E-002   2.1820824345385018E-002
          18   2.1072267326268032E-002   2.1072267326268032E-002
          19   1.3302906724555665E-002  -1.3302906724555665E-002
          20   1.9825651145883791E-002   1.9825651145883791E-002
          21   1.9206746939578381E-002   1.9206746939578381E-002
          22   1.1868487588194013E-002  -1.1868487588194013E-002
          23   1.1889506507181704E-002  -1.1889506507181704E-002
          24   1.1900460965394337E-002  -1.1900460965394337E-002
          25   1.7407981992839456E-002   1.7407981992839456E-002
          26   1.6958833137475218E-002   1.6958833137475218E-002
          27   1.6529466778459422E-002   1.6529466778459422E-002
          28   1.6119377135437964E-002   1.6119377135437964E-002
          29   9.9111881348780805E-003  -9.9111881348780805E-003
          30   1.5466433908930063E-002   1.5466433908930063E-002
          31   1.5112541552805140E-002   1.5112541552805140E-002
          32   1.4774120462992887E-002   1.4774120462992887E-002
          33   1.4450487335020573E-002   1.4450487335020573E-002
          34   1.4140948109842989E-002   1.4140948109842989E-002
          35   8.1984756913795632E-003  -8.1984756913795632E-003
          36   1.3676299387761210E-002   1.3676299387761210E-002
          37   1.3404137574342554E-002   1.3404137574342554E-002
          38   1.3143200288933562E-002   1.3143200288933562E-002
          39   1.2892922836784153E-002   1.2892922836784153E-002
          40   7.2129283852079978E-003  -7.2129283852079978E-003
          41   1.2528438080780102E-002   1.2528438080780102E-002
          42   1.2305444428745897E-002   1.2305444428745897E-002
          43   1.2091031769554296E-002   1.2091031769554296E-002
          44   1.1884770783123836E-002   1.1884770783123836E-002
          45   6.4491405865057545E-003  -6.4491405865057545E-003
          46   1.1591275939058496E-002   1.1591275939058496E-002
          47   6.2950339608468320E-003  -6.2950339608468320E-003
          48   6.3070516870514662E-003  -6.3070516870514662E-003
          49   1.1228183122235240E-002   1.1228183122235240E-002
          50   1.1058478953260805E-002   1.1058478953260805E-002
          51   1.0894527722502339E-002   1.0894527722502339E-002
          52   5.8767448060392680E-003  -5.8767448060392680E-003
          53   1.0661857783897909E-002   1.0661857783897909E-002
          54   1.0512336033673502E-002   1.0512336033673502E-002
          55   1.0367605207528928E-002   1.0367605207528928E-002
          56   5.5075100452242265E-003  -5.5075100452242265E-003
          57   5.5169585764397212E-003  -5.5169585764397212E-003
          58   1.0101502497568025E-002   1.0101502497568025E-002
          59   9.9716202259166782E-003   9.9716202259166782E-003
          60   5.3043002056776456E-003  -5.3043002056776456E-003
          61   5.3126280280490681E-003  -5.3126280280490681E-003
          62   9.7323572571539167E-003   9.7323572571539167E-003
          63   9.6150632193263055E-003   9.6150632193263055E-003
          64   5.1207338713810712E-003  -5.1207338713810712E-003
          65   9.4497319926036497E-003   9.4497319926036497E-003
          66   9.3410880501540068E-003   9.3410880501540068E-003
          67   9.2353933887849831E-003   9.2353933887849831E-003
          68   9.1325349248363250E-003   9.1325349248363250E-003
          69   9.0324047520322290E-003   9.0324047520322290E-003
          70   8.9348999008117876E-003   8.9348999008117876E-003
          71   8.8399220938587368E-003   8.8399220938587368E-003
          72   4.5402952485411839E-003  -4.5402952485411839E-003
          73   4.5468987750756119E-003  -4.5468987750756119E-003
          74   8.6711315212521598E-003   8.6711315212521598E-003
          75   8.5838579053157775E-003   8.5838579053157775E-003
          76   8.4987154210346087E-003   8.4987154210346087E-003
          77   8.4156290158789015E-003   8.4156290158789015E-003
          78   4.2802420237974753E-003  -4.2802420237974753E-003
          79   8.3018803995150697E-003   8.3018803995150697E-003
          80   4.2235984472888104E-003  -4.2235984472888104E-003
          81   4.2292129031719266E-003  -4.2292129031719266E-003
          82   4.2346553900094643E-003  -4.2346553900094643E-003
          83   8.1300202186513158E-003   8.1300202186513158E-003
          84   4.1808128818061488E-003  -4.1808128818061488E-003
          85   8.0270834422580244E-003   8.0270834422580244E-003
          86   4.1289209730209905E-003  -4.1289209730209905E-003
          87   7.9278617533513323E-003   7.9278617533513323E-003
          88   7.8600583177462092E-003   7.8600583177462092E-003
          89   7.7936915120357716E-003   7.7936915120357716E-003
          90   7.7287169473229233E-003   7.7287169473229233E-003
          91   7.6650919212339587E-003   7.6650919212339587E-003
          92   7.6027754009742867E-003   7.6027754009742867E-003
          93   3.8257562273547423E-003  -3.8257562273547423E-003
          94   7.5178673452699464E-003   7.5178673452699464E-003
          95   7.4587974149621901E-003   7.4587974149621901E-003
          96   7.4008958391034467E-003   7.4008958391034467E-003
          97   7.3441285564749166E-003   7.3441285564749166E-003
          98   3.6515386333256295E-003  -3.6515386333256295E-003
          99   7.2673158160503409E-003   7.2673158160503409E-003
         100   3.6140054548600485E-003  -3.6140054548600485E-003
         101   7.1928585426081094E-003   7.1928585426081094E-003
         102   7.1405215081399628E-003   7.1405215081399628E-003
         103   7.0891543114570497E-003   7.0891543114570497E-003
         104   7.0387302940537371E-003   7.0387302940537371E-003
         105   6.9892237380953497E-003   6.9892237380953497E-003
         106   6.9406098175561221E-003   6.9406098175561221E-003
         107   3.3893275567728983E-003  -3.3893275567728983E-003
         108   3.3929557305409546E-003  -3.3929557305409546E-003
         109   6.8581469314220565E-003   6.8581469314220565E-003
         110   3.3618066964734581E-003  -3.3618066964734581E-003
         111   6.7953637423875729E-003   6.7953637423875729E-003
         112   3.3315111794293794E-003  -3.3315111794293794E-003
         113   3.3348612323564142E-003  -3.3348612323564142E-003
         114   6.7179481919262566E-003   6.7179481919262566E-003
         115   6.6749082730899589E-003   6.6749082730899589E-003
         116   6.6325820403057159E-003   6.6325820403057159E-003
         117   6.5909517889214172E-003   6.5909517889214172E-003
         118   6.5500003856208732E-003   6.5500003856208732E-003
         119   3.1815926790113970E-003  -3.1815926790113970E-003
         120   3.1846492562192688E-003  -3.1846492562192688E-003
         121   3.1876549633667668E-003  -3.1876549633667668E-003
         122   3.1906102691911880E-003  -3.1906102691911880E-003
         123   3.1935156119362348E-003  -3.1935156119362348E-003
         124   6.4377763993980486E-003   6.4377763993980486E-003
         125   3.1677589417620023E-003  -3.1677589417620023E-003
         126   6.3859854443029610E-003   6.3859854443029610E-003
         127   6.3490752799478705E-003   6.3490752799478705E-003
         128   6.3127229852112327E-003   6.3127229852112327E-003
         129   6.2769159155336906E-003   6.2769159155336906E-003
         130   3.0620242108237486E-003  -3.0620242108237486E-003
         131   3.0646518755792669E-003  -3.0646518755792669E-003
         132   3.0672384708968583E-003  -3.0672384708968583E-003
         133   6.2034639304561377E-003   6.2034639304561377E-003
         134   6.1696063085210700E-003   6.1696063085210700E-003
         135   6.1362349985042393E-003   6.1362349985042393E-003
         136   2.9947284368598334E-003  -2.9947284368598334E-003
         137   2.9971646729310113E-003  -2.9971646729310113E-003
         138   2.9995643483903545E-003  -2.9995643483903545E-003
         139   6.0677317164598852E-003   6.0677317164598852E-003
         140   6.0361040173328951E-003   6.0361040173328951E-003
         141   2.9547958634707511E-003  -2.9547958634707511E-003
         142   2.9570823025620459E-003  -2.9570823025620459E-003
         143   2.9593351054714363E-003  -2.9593351054714363E-003
         144   5.9709430334894207E-003   5.9709430334894207E-003
         145   5.9409177347788311E-003   5.9409177347788311E-003
         146   2.9166831383646897E-003  -2.9166831383646897E-003
         147   5.9004503342745592E-003   5.9004503342745592E-003
         148   2.8970581282025246E-003  -2.8970581282025246E-003
         149   2.8991592112130016E-003  -2.8991592112130016E-003
         150   2.9012303444807602E-003  -2.9012303444807602E-003
         151   2.9032717628720110E-003  -2.9032717628720110E-003
         152   2.9052837252122642E-003  -2.9052837252122642E-003
         153   2.9072664365287345E-003  -2.9072664365287345E-003
         154   5.8081306380985357E-003   5.8081306380985357E-003
         155   5.7808107117639021E-003   5.7808107117639021E-003
         156   5.7538326550512662E-003   5.7538326550512662E-003
         157   2.8477467070055053E-003  -2.8477467070055053E-003
         158   2.8496293708351189E-003  -2.8496293708351189E-003
         159   5.7073836045527550E-003   5.7073836045527550E-003
         160   2.8318081500129703E-003  -2.8318081500129703E-003
         161   5.6717635167138312E-003   5.6717635167138312E-003
         162   2.8143335679743247E-003  -2.8143335679743247E-003
         163   5.6368349914845848E-003   5.6368349914845848E-003
         164   2.7971948625577065E-003  -2.7971948625577065E-003
         165   2.7989370443895255E-003  -2.7989370443895255E-003
         166   5.5932719445294186E-003   5.5932719445294186E-003
         167   2.7821831524038870E-003  -2.7821831524038870E-003
         168   2.7838666524981149E-003  -2.7838666524981149E-003
         169   2.7855273561164444E-003  -2.7855273561164444E-003
         170   2.7871654418641979E-003  -2.7871654418641979E-003
         171   2.7887810842716749E-003  -2.7887810842716749E-003
         172   2.7903744333804296E-003  -2.7903744333804296E-003
         173   2.7919456760443183E-003  -2.7919456760443183E-003
         174   5.5055115716582167E-003   5.5055115716582167E-003
         175   2.7758454279005382E-003  -2.7758454279005382E-003
         176   5.4738257219946922E-003   5.4738257219946922E-003
         177   2.7600356021834317E-003  -2.7600356021834317E-003
         178   2.7615247998723559E-003  -2.7615247998723559E-003
         179   2.7629935272343170E-003  -2.7629935272343170E-003
         180   5.4254018993520068E-003   5.4254018993520068E-003
         181   2.7475713206948425E-003  -2.7475713206948425E-003
         182   5.3951775066611897E-003   5.3951775066611897E-003
         183   2.7324190948058093E-003  -2.7324190948058093E-003
         184   5.3654812759076041E-003   5.3654812759076041E-003
         185   2.7175292623201367E-003  -2.7175292623201367E-003
         186   5.3362983967404874E-003   5.3362983967404874E-003
         187   5.3156720141551124E-003   5.3156720141551124E-003
         188   5.2952606189867624E-003   5.2952606189867624E-003
         189   2.6715093271004000E-003  -2.6715093271004000E-003
         190   2.6728378659596395E-003  -2.6728378659596395E-003
         191   5.2594382754321762E-003   5.2594382754321762E-003
         192   5.2397030625640053E-003   5.2397030625640053E-003
         193   5.2201681900985314E-003   5.2201681900985314E-003
         194   2.6289281751637312E-003  -2.6289281751637312E-003
         195   2.6302027761012734E-003  -2.6302027761012734E-003
         196   5.1859408994132088E-003   5.1859408994132088E-003
         197   2.6168805407689628E-003  -2.6168805407689628E-003
         198   2.6181172617220053E-003  -2.6181172617220053E-003
         199   2.6193386406112712E-003  -2.6193386406112712E-003
         200   2.6205447713722250E-003  -2.6205447713722250E-003
         201   2.6217357532701030E-003  -2.6217357532701030E-003
         202   5.1306056887852440E-003   5.1306056887852440E-003
         203   5.1124574903636689E-003   5.1124574903636689E-003
         204   5.0944835987842925E-003   5.0944835987842925E-003
         205   5.0766814833099177E-003   5.0766814833099177E-003
         206   5.0590486460359565E-003   5.0590486460359565E-003
         207   5.0415826251346378E-003   5.0415826251346378E-003
         208   5.0242810070297433E-003   5.0242810070297433E-003
         209   2.5275058736859580E-003  -2.5275058736859580E-003
         210   5.0005604760356929E-003   5.0005604760356929E-003
         211   4.9836791932567842E-003   4.9836791932567842E-003
         212   2.5028746874053232E-003  -2.5028746874053232E-003
         213   4.9605573182683509E-003   4.9605573182683509E-003
         214   2.4913634100018037E-003  -2.4913634100018037E-003
         215   4.9377789651182781E-003   4.9377789651182781E-003
         216   4.9215439829095372E-003   4.9215439829095372E-003
         217   4.9054553732689275E-003   4.9054553732689275E-003
         218   2.4555868550778723E-003  -2.4555868550778723E-003
         219   2.4566422568227590E-003  -2.4566422568227590E-003
         220   4.8774209035244431E-003   4.8774209035244431E-003
         221   4.8617928870382703E-003   4.8617928870382703E-003
         222   2.4339556644676018E-003  -2.4339556644676018E-003
         223   4.8404244363406358E-003   4.8404244363406358E-003
         224   2.4233469324191691E-003  -2.4233469324191691E-003
         225   2.4243545264723766E-003  -2.4243545264723766E-003
         226   4.8135747070096845E-003   4.8135747070096845E-003
         227   4.7985983924170930E-003   4.7985983924170930E-003
         228   2.4026173863043953E-003  -2.4026173863043953E-003
         229   2.4035949912686373E-003  -2.4035949912686373E-003
         230   4.7724937353997377E-003   4.7724937353997377E-003
         231   2.3934510989198710E-003  -2.3934510989198710E-003
         232   2.3944044056495362E-003  -2.3944044056495362E-003
         233   2.3953479592915532E-003  -2.3953479592915532E-003
         234   4.7413209325222420E-003   4.7413209325222420E-003
         235   2.3853967210073425E-003  -2.3853967210073425E-003
         236   2.3863170154084113E-003  -2.3863170154084113E-003
         237   2.3872278992271732E-003  -2.3872278992271732E-003
         238   2.3881294283810595E-003  -2.3881294283810595E-003
         239   4.7053603572620407E-003   4.7053603572620407E-003
         240   4.6915485920527725E-003   4.6915485920527725E-003
         241   4.6778488803972222E-003   4.6778488803972222E-003
         242   2.3574475352679484E-003  -2.3574475352679484E-003
         243   4.6590332378697976E-003   4.6590332378697976E-003
         244   2.3480379104166239E-003  -2.3480379104166239E-003
         245   4.6404631953883392E-003   4.6404631953883392E-003
         246   2.3387502736210309E-003  -2.3387502736210309E-003
         247   2.3395985510201714E-003  -2.3395985510201714E-003
         248   2.3404384556406890E-003  -2.3404384556406890E-003
         249   2.3412700523090632E-003  -2.3412700523090632E-003
         250   2.3420933723138030E-003  -2.3420933723138030E-003
         251   2.3429084694395973E-003  -2.3429084694395973E-003
         252   4.5968120324754820E-003   4.5968120324754820E-003
         253   2.3338582537131979E-003  -2.3338582537131979E-003
         254   2.3346542178991803E-003  -2.3346542178991803E-003
         255   2.3354422265686840E-003  -2.3354422265686840E-003
         256   4.5691416051546665E-003   4.5691416051546665E-003
         257   4.5566741157375872E-003   4.5566741157375872E-003
         258   4.5443010552897439E-003   4.5443010552897439E-003
         259   4.5320213210477377E-003   4.5320213210477377E-003
         260   2.2980768343081408E-003  -2.2980768343081408E-003
         261   4.5150863440963172E-003   4.5150863440963172E-003
         262   2.2895510415673697E-003  -2.2895510415673697E-003
         263   2.2903027764495021E-003  -2.2903027764495021E-003
         264   4.4936765258674211E-003   4.4936765258674211E-003
         265   4.4818388701283419E-003   4.4818388701283419E-003
         266   4.4700880900061021E-003   4.4700880900061021E-003
         267   2.2638563009617580E-003  -2.2638563009617580E-003
         268   4.4538936365721930E-003   4.4538936365721930E-003
         269   2.2557119524495082E-003  -2.2557119524495082E-003
         270   4.4378912966861290E-003   4.4378912966861290E-003
         271   2.2476636101288845E-003  -2.2476636101288845E-003
         272   2.2483751244088412E-003  -2.2483751244088412E-003
         273   2.2490800954138935E-003  -2.2490800954138935E-003
         274   4.4132537780167567E-003   4.4132537780167567E-003
         275   2.2411641269352816E-003  -2.2411641269352816E-003
         276   2.2418538937779330E-003  -2.2418538937779330E-003
         277   4.3933909937607634E-003   4.3933909937607634E-003
         278   2.2340480053545868E-003  -2.2340480053545868E-003
         279   2.2347230041123906E-003  -2.2347230041123906E-003
         280   4.3738208450714916E-003   4.3738208450714916E-003
         281   4.3630157834840958E-003   4.3630157834840958E-003
         282   2.2187287568764930E-003  -2.2187287568764930E-003
         283   2.2193873693954987E-003  -2.2193873693954987E-003
         284   4.3438885290915672E-003   4.3438885290915672E-003
         285   4.3333252888754347E-003   4.3333252888754347E-003
         286   4.3228340322442761E-003   4.3228340322442761E-003
         287   2.1957105578909631E-003  -2.1957105578909631E-003
         288   2.1963514334430332E-003  -2.1963514334430332E-003
         289   2.1969866669980446E-003  -2.1969866669980446E-003
         290   2.1976162835881845E-003  -2.1976162835881845E-003
         291   4.2961784555582650E-003   4.2961784555582650E-003
         292   4.2860054213397676E-003   4.2860054213397676E-003
         293   2.1825345955291293E-003  -2.1825345955291293E-003
         294   2.1831494998668520E-003  -2.1831494998668520E-003
         295   2.1837590252328952E-003  -2.1837590252328952E-003
         296   4.2640175567670276E-003   4.2640175567670276E-003
         297   2.1766709422219323E-003  -2.1766709422219323E-003
         298   4.2501939582506492E-003   4.2501939582506492E-003
         299   4.2403881293823819E-003   4.2403881293823819E-003
         300   2.1621103291868172E-003  -2.1621103291868172E-003
         301   4.2268115407063916E-003   4.2268115407063916E-003
         302   2.1552310381920698E-003  -2.1552310381920698E-003
         303   2.1558130546291748E-003  -2.1558130546291748E-003
         304   2.1563900978497541E-003  -2.1563900978497541E-003
         305   4.2058090556304634E-003   4.2058090556304634E-003
         306   4.1963492561024468E-003   4.1963492561024468E-003
         307   2.1423217022970660E-003  -2.1423217022970660E-003
         308   4.1832405983680378E-003   4.1832405983680378E-003
         309   2.1356703077105156E-003  -2.1356703077105156E-003
         310   2.1362282258505665E-003  -2.1362282258505665E-003
         311   4.1666029604690230E-003   4.1666029604690230E-003
         312   2.1296595926628211E-003  -2.1296595926628211E-003
         313   2.1302067325861315E-003  -2.1302067325861315E-003
         314   4.1501844286407612E-003   4.1501844286407612E-003
         315   2.1237191301977138E-003  -2.1237191301977138E-003
         316   2.1242557720713754E-003  -2.1242557720713754E-003
         317   2.1247879241542873E-003  -2.1247879241542873E-003
         318   4.1304065539170551E-003   4.1304065539170551E-003
         319   4.1215278200811747E-003   4.1215278200811747E-003
         320   4.1127029933442352E-003   4.1127029933442352E-003
         321   2.1047035026052568E-003  -2.1047035026052568E-003
         322   4.1004540296747253E-003   4.1004540296747253E-003
         323   4.0917694123395508E-003   4.0917694123395508E-003
         324   4.0831368349405935E-003   4.0831368349405935E-003
         325   2.0851177108264026E-003  -2.0851177108264026E-003
         326   4.0711704997381682E-003   4.0711704997381682E-003
         327   2.0790422058935267E-003  -2.0790422058935267E-003
         328   2.0795482855816526E-003  -2.0795482855816526E-003
         329   4.0559738066683580E-003   4.0559738066683580E-003
         330   4.0475908567232707E-003   4.0475908567232707E-003
         331   2.0670849652472604E-003  -2.0670849652472604E-003
         332   2.0675806083778905E-003  -2.0675806083778905E-003
         333   4.0326868973275505E-003   4.0326868973275505E-003
         334   4.0244638375322968E-003   4.0244638375322968E-003
         335   4.0162883768334080E-003   4.0162883768334080E-003
         336   2.0490650856877899E-003  -2.0490650856877899E-003
         337   2.0495494590510440E-003  -2.0495494590510440E-003
         338   4.0017673297612008E-003   4.0017673297612008E-003
         339   2.0438144372841340E-003  -2.0438144372841340E-003
         340   2.0442902532324821E-003  -2.0442902532324821E-003
         341   3.9874219688935996E-003   3.9874219688935996E-003
         342   3.9795040276556400E-003   3.9795040276556400E-003
         343   3.9716308170089564E-003   3.9716308170089564E-003
         344   3.9638019349039575E-003   3.9638019349039575E-003
         345   2.0204476906143126E-003  -2.0204476906143126E-003
         346   3.9529606927400079E-003   3.9529606927400079E-003
         347   2.0149517253061073E-003  -2.0149517253061073E-003
         348   2.0154113396403809E-003  -2.0154113396403809E-003
         349   3.9391949665772896E-003   3.9391949665772896E-003
         350   2.0099761976956542E-003  -2.0099761976956542E-003
         351   2.0104279764966370E-003  -2.0104279764966370E-003
         352   2.0108764183981178E-003  -2.0108764183981178E-003
         353   3.9226022771842763E-003   3.9226022771842763E-003
         354   3.9151083615592873E-003   3.9151083615592873E-003
         355   3.9076552769064859E-003   3.9076552769064859E-003
         356   3.9002426913305275E-003   3.9002426913305275E-003
         357   1.9883123656273230E-003  -1.9883123656273230E-003
         358   1.9887502067093797E-003  -1.9887502067093797E-003
         359   1.9891849054471311E-003  -1.9891849054471311E-003
         360   3.8842001109927766E-003   3.8842001109927766E-003
         361   1.9839985316635845E-003  -1.9839985316635845E-003
         362   1.9844260364642054E-003  -1.9844260364642054E-003
         363   1.9848504550342224E-003  -1.9848504550342224E-003
         364   3.8683732924915193E-003   3.8683732924915193E-003
         365   3.8612294979912614E-003   3.8612294979912614E-003
         366   1.9742220936121296E-003  -1.9742220936121296E-003
         367   1.9746386383650244E-003  -1.9746386383650244E-003
         368   3.8485132969465689E-003   3.8485132969465689E-003
         369   3.8414925741310072E-003   3.8414925741310072E-003
         370   3.8345084986681427E-003   3.8345084986681427E-003
         371   3.8275607882249513E-003   3.8275607882249513E-003
         372   1.9534737518813483E-003  -1.9534737518813483E-003
         373   1.9538808995845413E-003  -1.9538808995845413E-003
         374   1.9542852204664321E-003  -1.9542852204664321E-003
         375   1.9546867294445783E-003  -1.9546867294445783E-003
         376   1.9550854414014732E-003  -1.9550854414014732E-003
         377   3.8070917729359243E-003   3.8070917729359243E-003
         378   3.8003294052165954E-003   3.8003294052165954E-003
         379   3.7936014810587919E-003   3.7936014810587919E-003
         380   1.9398284685450704E-003  -1.9398284685450704E-003
         381   1.9402192295187304E-003  -1.9402192295187304E-003
         382   3.7816242338674579E-003   3.7816242338674579E-003
         383   1.9354769517650275E-003  -1.9354769517650275E-003
         384   3.7723898206448868E-003   3.7723898206448868E-003
         385   3.7658280414703312E-003   3.7658280414703312E-003
         386   1.9257173302774007E-003  -1.9257173302774007E-003
         387   1.9260978220133236E-003  -1.9260978220133236E-003
         388   1.9264757343701504E-003  -1.9264757343701504E-003
         389   1.9268510880230899E-003  -1.9268510880230899E-003
         390   3.7490061498812450E-003   3.7490061498812450E-003
         391   1.9222414028495565E-003  -1.9222414028495565E-003
         392   1.9226109664142559E-003  -1.9226109664142559E-003
         393   3.7375014551442026E-003   3.7375014551442026E-003
         394   3.7311602343743215E-003   3.7311602343743215E-003
         395   1.9131449154249660E-003  -1.9131449154249660E-003
         396   3.7223437575643198E-003   3.7223437575643198E-003
         397   1.9086458407056579E-003  -1.9086458407056579E-003
         398   1.9090059479840000E-003  -1.9090059479840000E-003
         399   1.9093636536370072E-003  -1.9093636536370072E-003
         400   1.9097189636819050E-003  -1.9097189636819050E-003
         401   3.7061586298232745E-003   3.7061586298232745E-003
         402   1.9052790821604466E-003  -1.9052790821604466E-003
         403   1.9056290241953127E-003  -1.9056290241953127E-003
         404   1.9059766242112391E-003  -1.9059766242112391E-003
         405   1.9063218960201707E-003  -1.9063218960201707E-003
         406   3.6901975936934929E-003   3.6901975936934929E-003
         407   1.9019398656914862E-003  -1.9019398656914862E-003
         408   1.9022799379370293E-003  -1.9022799379370293E-003
         409   1.9026177316467251E-003  -1.9026177316467251E-003
         410   1.9029532557156990E-003  -1.9029532557156990E-003
         411   1.9032865030793528E-003  -1.9032865030793528E-003
         412   3.6720389671394522E-003   3.6720389671394522E-003
         413   3.6661130581317775E-003   3.6661130581317775E-003
         414   1.8943458202187729E-003  -1.8943458202187729E-003
         415   1.8946735796186197E-003  -1.8946735796186197E-003
         416   1.8949991478046969E-003  -1.8949991478046969E-003
         417   1.8953225191115414E-003  -1.8953225191115414E-003
         418   1.8956437117759926E-003  -1.8956437117759926E-003
         419   1.8959627440199730E-003  -1.8959627440199730E-003
         420   3.6459666888914617E-003   3.6459666888914617E-003
         421   1.8917395419711591E-003  -1.8917395419711591E-003
         422   1.8920538307921184E-003  -1.8920538307921184E-003
         423   1.8923659925851447E-003  -1.8923659925851447E-003
         424   3.6331626786495000E-003   3.6331626786495000E-003
         425   3.6274757438305148E-003   3.6274757438305148E-003
         426   3.6218144774776300E-003   3.6218144774776300E-003
         427   3.6161787016110321E-003   3.6161787016110321E-003
         428   3.6105682170442920E-003   3.6105682170442920E-003
         429   1.8704862170609376E-003  -1.8704862170609376E-003
         430   1.8707921146816728E-003  -1.8707921146816728E-003
         431   1.8710960013082081E-003  -1.8710960013082081E-003
         432   3.5981876939340830E-003   3.5981876939340830E-003
         433   3.5926762650699824E-003   3.5926762650699824E-003
         434   1.8627432763441197E-003  -1.8627432763441197E-003
         435   1.8630423838356266E-003  -1.8630423838356266E-003
         436   1.8633395396830720E-003  -1.8633395396830720E-003
         437   3.5805022358231381E-003   3.5805022358231381E-003
         438   3.5750870294706783E-003   3.5750870294706783E-003
         439   1.8551238887225315E-003  -1.8551238887225315E-003
         440   1.8554164173296486E-003  -1.8554164173296486E-003
         441   3.5653050746302464E-003   3.5653050746302464E-003
         442   3.5599679755859573E-003   3.5599679755859573E-003
         443   1.8473196746188979E-003  -1.8473196746188979E-003
         444   3.5524891785119841E-003   3.5524891785119841E-003
         445   1.8434553324775951E-003  -1.8434553324775951E-003
         446   1.8437411476962568E-003  -1.8437411476962568E-003
         447   1.8440251321725765E-003  -1.8440251321725765E-003
         448   1.8443072954310302E-003  -1.8443072954310302E-003
         449   3.5386315354478766E-003   3.5386315354478766E-003
         450   1.8404889123232325E-003  -1.8404889123232325E-003
         451   3.5313113658258051E-003   3.5313113658258051E-003
         452   3.5261542854433561E-003   3.5261542854433561E-003
         453   1.8326490576763966E-003  -1.8326490576763966E-003
         454   1.8329248509272331E-003  -1.8329248509272331E-003
         455   3.5168237780770126E-003   3.5168237780770126E-003
         456   1.8291866125735923E-003  -1.8291866125735923E-003
         457   1.8294586059167798E-003  -1.8294586059167798E-003
         458   3.5075778501219581E-003   3.5075778501219581E-003
         459   3.5025423251253030E-003   3.5025423251253030E-003
         460   1.8217959416955303E-003  -1.8217959416955303E-003
         461   1.8220638999181082E-003  -1.8220638999181082E-003
         462   1.8223301778220458E-003  -1.8223301778220458E-003
         463   1.8225947701325464E-003  -1.8225947701325464E-003
         464   3.4893309498350514E-003   3.4893309498350514E-003
         465   1.8189509048580797E-003  -1.8189509048580797E-003
         466   1.8192119102897200E-003  -1.8192119102897200E-003
         467   1.8194712599683628E-003  -1.8194712599683628E-003
         468   1.8197289840293789E-003  -1.8197289840293789E-003
         469   1.8199850754767152E-003  -1.8199850754767152E-003
         470   1.8202395466684377E-003  -1.8202395466684377E-003
         471   1.8204923937998347E-003  -1.8204923937998347E-003
         472   3.4702196144114020E-003   3.4702196144114020E-003
         473   1.8169067924610849E-003  -1.8169067924610849E-003
         474   3.4633902194819532E-003   3.4633902194819532E-003
         475   1.8133453791701936E-003  -1.8133453791701936E-003
         476   1.8135929825500610E-003  -1.8135929825500610E-003
         477   3.4546186746839350E-003   3.4546186746839350E-003
         478   3.4498707474974583E-003   3.4498707474974583E-003
         479   3.4451417711622370E-003   3.4451417711622370E-003
         480   3.4404316196958028E-003   3.4404316196958028E-003
         481   1.7988367473195158E-003  -1.7988367473195158E-003
         482   3.4337981596431577E-003   3.4337981596431577E-003
         483   1.7953820247904513E-003  -1.7953820247904513E-003
         484   3.4272086113830472E-003   3.4272086113830472E-003
         485   3.4225788582179593E-003   3.4225788582179593E-003
         486   3.4179673153540923E-003   3.4179673153540923E-003
         487   1.7846553190664451E-003  -1.7846553190664451E-003
         488   1.7848950633885083E-003  -1.7848950633885083E-003
         489   1.7851333630959315E-003  -1.7851333630959315E-003
         490   3.4076938564272384E-003   3.4076938564272384E-003
         491   3.4031541607758529E-003   3.4031541607758529E-003
         492   3.3986320725702614E-003   3.3986320725702614E-003
         493   1.7746158491999447E-003  -1.7746158491999447E-003
         494   1.7748506324475511E-003  -1.7748506324475511E-003
         495   1.7750839915432672E-003  -1.7750839915432672E-003
         496   3.3885577045790045E-003   3.3885577045790045E-003
         497   3.3841051928862765E-003   3.3841051928862765E-003
         498   3.3796697261723315E-003   3.3796697261723315E-003
         499   3.3752512117772985E-003   3.3752512117772985E-003
         500   1.7612861614203250E-003  -1.7612861614203250E-003
         501   1.7615159099662716E-003  -1.7615159099662716E-003
         502   3.3672249176912145E-003   3.3672249176912145E-003
         503   1.7582896866324192E-003  -1.7582896866324192E-003
         504   3.3610624568712866E-003   3.3610624568712866E-003
         505   1.7550838564268010E-003  -1.7550838564268010E-003
         506   3.3549388885392279E-003   3.3549388885392279E-003
         507   1.7518981850635300E-003  -1.7518981850635300E-003
         508   1.7521219831805701E-003  -1.7521219831805701E-003
         509   3.3470785450575766E-003   3.3470785450575766E-003
         510   1.7489607845333828E-003  -1.7489607845333828E-003
         511   3.3410441525716849E-003   3.3410441525716849E-003
         512   3.3368004474097594E-003   3.3368004474097594E-003
         513   1.7424719914949994E-003  -1.7424719914949994E-003
         514   3.3308284366641446E-003   3.3308284366641446E-003
         515   1.7393648861613968E-003  -1.7393648861613968E-003
         516   1.7395827872666476E-003  -1.7395827872666476E-003
         517   3.3231619345210602E-003   3.3231619345210602E-003
         518   1.7364991700975141E-003  -1.7364991700975141E-003
         519   3.3172754985006259E-003   3.3172754985006259E-003
         520   1.7334344348230099E-003  -1.7334344348230099E-003
         521   1.7336482635831234E-003  -1.7336482635831234E-003
         522   1.7338608749809868E-003  -1.7338608749809868E-003
         523   3.3080101012810544E-003   3.3080101012810544E-003
         524   1.7308233330986631E-003  -1.7308233330986631E-003
         525   3.3022189884394978E-003   3.3022189884394978E-003
         526   3.2981488637313480E-003   3.2981488637313480E-003
         527   1.7245892802954703E-003  -1.7245892802954703E-003
         528   3.2924159897961894E-003   3.2924159897961894E-003
         529   3.2883849036538793E-003   3.2883849036538793E-003
         530   1.7184208453103744E-003  -1.7184208453103744E-003
         531   1.7186278280295082E-003  -1.7186278280295082E-003
         532   1.7188336563310792E-003  -1.7188336563310792E-003
         533   3.2793964685406056E-003   3.2793964685406056E-003
         534   3.2754229588089203E-003   3.2754229588089203E-003
         535   3.2714635486039917E-003   3.2714635486039917E-003
         536   3.2675181785777269E-003   3.2675181785777269E-003
         537   3.2635867581517642E-003   3.2635867581517642E-003
         538   3.2596692113294533E-003   3.2596692113294533E-003
         539   3.2557654717980571E-003   3.2557654717980571E-003
         540   1.6972586980973324E-003  -1.6972586980973324E-003
         541   1.6974610574914868E-003  -1.6974610574914868E-003
         542   1.6976623335523957E-003  -1.6976623335523957E-003
         543   3.2470871848985336E-003   3.2470871848985336E-003
         544   1.6948191676877580E-003  -1.6948191676877580E-003
         545   1.6950181130049990E-003  -1.6950181130049990E-003
         546   3.2400692776437820E-003   3.2400692776437820E-003
         547   3.2362513703579764E-003   3.2362513703579764E-003
         548   3.2324466651476474E-003   3.2324466651476474E-003
         549   1.6861920083964198E-003  -1.6861920083964198E-003
         550   3.2270958822818007E-003   3.2270958822818007E-003
         551   3.2233261247516052E-003   3.2233261247516052E-003
         552   3.2195693090293388E-003   3.2195693090293388E-003
         553   1.6774918195947232E-003  -1.6774918195947232E-003
         554   1.6776865937232792E-003  -1.6776865937232792E-003
         555   3.2127559309805074E-003   3.2127559309805074E-003
         556   3.2090418480780381E-003   3.2090418480780381E-003
         557   1.6720294734056435E-003  -1.6720294734056435E-003
         558   3.2038224116919230E-003   3.2038224116919230E-003
         559   3.2001419119767013E-003   3.2001419119767013E-003
         560   1.6664283882223286E-003  -1.6664283882223286E-003
         561   1.6666194759693937E-003  -1.6666194759693937E-003
         562   3.1934707699433681E-003   3.1934707699433681E-003
         563   1.6639396293910951E-003  -1.6639396293910951E-003
         564   1.6641286019710960E-003  -1.6641286019710960E-003
         565   1.6643166049442881E-003  -1.6643166049442881E-003
         566   3.1853588452592395E-003   3.1853588452592395E-003
         567   1.6616586436757109E-003  -1.6616586436757109E-003
         568   3.1802750740788795E-003   3.1802750740788795E-003
         569   1.6590154827888115E-003  -1.6590154827888115E-003
         570   3.1752196067250942E-003   3.1752196067250942E-003
         571   3.1716568318548547E-003   3.1716568318548547E-003
         572   1.6535850212177950E-003  -1.6535850212177950E-003
         573   3.1666479030082019E-003   3.1666479030082019E-003
         574   1.6509821571831106E-003  -1.6509821571831106E-003
         575   1.6511646563127289E-003  -1.6511646563127289E-003
         576   3.1602180893558051E-003   3.1602180893558051E-003
         577   1.6485793724183362E-003  -1.6485793724183362E-003
         578   1.6487598763818407E-003  -1.6487598763818407E-003
         579   3.1538340502515285E-003   3.1538340502515285E-003
         580   1.6461919680446774E-003  -1.6461919680446774E-003
         581   1.6463705243437057E-003  -1.6463705243437057E-003
         582   1.6465481861920566E-003  -1.6465481861920566E-003
         583   3.1460666434161995E-003   3.1460666434161995E-003
         584   1.6440006524169220E-003  -1.6440006524169220E-003
         585   3.1412021812227435E-003   3.1412021812227435E-003
         586   3.1377771200288406E-003   3.1377771200288406E-003
         587   3.1343630883092551E-003   3.1343630883092551E-003
         588   1.6360797256411977E-003  -1.6360797256411977E-003
         589   1.6362541855449787E-003  -1.6362541855449787E-003
         590   3.1281602723483375E-003   3.1281602723483375E-003
         591   1.6337579341193181E-003  -1.6337579341193181E-003
         592   3.1233909886519699E-003   3.1233909886519699E-003
         593   3.1200314065069489E-003   3.1200314065069489E-003
         594   3.1166825134763161E-003   3.1166825134763161E-003
         595   1.6259947050306575E-003  -1.6259947050306575E-003
         596   3.1119721503508387E-003   3.1119721503508387E-003
         597   3.1086515219615083E-003   3.1086515219615083E-003
         598   1.6209341047503808E-003  -1.6209341047503808E-003
         599   3.1039825416182476E-003   3.1039825416182476E-003
         600   3.1006897883156643E-003   3.1006897883156643E-003
         601   1.6159200309079926E-003  -1.6159200309079926E-003
         602   3.0960616011975889E-003   3.0960616011975889E-003
         603   3.0927963347526090E-003   3.0927963347526090E-003
         604   3.0895412787604291E-003   3.0895412787604291E-003
         605   3.0862963617505116E-003   3.0862963617505116E-003
         606   3.0830615469510407E-003   3.0830615469510407E-003
         607   3.0798367759735388E-003   3.0798367759735388E-003
         608   1.6007931957646407E-003  -1.6007931957646407E-003
         609   1.6009607653159458E-003  -1.6009607653159458E-003
         610   1.6011275653177160E-003  -1.6011275653177160E-003
         611   3.0726952574432684E-003   3.0726952574432684E-003
         612   3.0695102411854771E-003   3.0695102411854771E-003
         613   1.5962929361110793E-003  -1.5962929361110793E-003
         614   3.0650395611118890E-003   3.0650395611118890E-003
         615   3.0618805575881375E-003   3.0618805575881375E-003
         616   3.0587312215644173E-003   3.0587312215644173E-003
         617   3.0555914905734971E-003   3.0555914905734971E-003
         618   1.5865819106194257E-003  -1.5865819106194257E-003
         619   1.5867455774486025E-003  -1.5867455774486025E-003
         620   3.0499174158190802E-003   3.0499174158190802E-003
         621   1.5844691680229977E-003  -1.5844691680229977E-003
         622   3.0455444743017605E-003   3.0455444743017605E-003
         623   3.0424521347351186E-003   3.0424521347351186E-003
         624   1.5797862022821285E-003  -1.5797862022821285E-003
         625   1.5799472447236801E-003  -1.5799472447236801E-003
         626   1.5801075649096003E-003  -1.5801075649096003E-003
         627   1.5802671538800103E-003  -1.5802671538800103E-003
         628   1.5804260192926116E-003  -1.5804260192926116E-003
         629   3.0331136487699159E-003   3.0331136487699159E-003
         630   3.0300706004512865E-003   3.0300706004512865E-003
         631   3.0270366219419761E-003   3.0270366219419761E-003
         632   1.5734324915018124E-003  -1.5734324915018124E-003
         633   3.0227792518815102E-003   3.0227792518815102E-003
         634   1.5712261304225515E-003  -1.5712261304225515E-003
         635   1.5713823644795499E-003  -1.5713823644795499E-003
         636   3.0173177369232436E-003   3.0173177369232436E-003
         637   3.0143285291360762E-003   3.0143285291360762E-003
         638   3.0113481390081935E-003   3.0113481390081935E-003
         639   3.0083765125685832E-003   3.0083765125685832E-003
         640   1.5621942727895904E-003  -1.5621942727895904E-003
         641   3.0042092637664209E-003   3.0042092637664209E-003
         642   3.0012608274209594E-003   3.0012608274209594E-003
         643   2.9983210118268728E-003   2.9983210118268728E-003
         644   2.9953897710292177E-003   2.9953897710292177E-003
         645   1.5531498154336071E-003  -1.5531498154336071E-003
         646   1.5533029894741418E-003  -1.5533029894741418E-003
         647   1.5534555084398913E-003  -1.5534555084398913E-003
         648   2.9889180441678440E-003   2.9889180441678440E-003
         649   2.9860207116615529E-003   2.9860207116615529E-003
         650   1.5490748202690414E-003  -1.5490748202690414E-003
         651   2.9819601808120945E-003   2.9819601808120945E-003
         652   2.9790850924446186E-003   2.9790850924446186E-003
         653   2.9762182674265281E-003   2.9762182674265281E-003
         654   1.5424952000860899E-003  -1.5424952000860899E-003
         655   2.9722029789250892E-003   2.9722029789250892E-003
         656   2.9693580022031696E-003   2.9693580022031696E-003
         657   1.5382029099824401E-003  -1.5382029099824401E-003
         658   1.5383519593576351E-003  -1.5383519593576351E-003
         659   1.5385003947719030E-003  -1.5385003947719030E-003
         660   2.9630841548997336E-003   2.9630841548997336E-003
         661   1.5364473110730909E-003  -1.5364473110730909E-003
         662   2.9591321738102285E-003   2.9591321738102285E-003
         663   2.9563327359933499E-003   2.9563327359933499E-003
         664   2.9535411974576952E-003   2.9535411974576952E-003
         665   1.5300455003600868E-003  -1.5300455003600868E-003
         666   1.5301915896752350E-003  -1.5301915896752350E-003
         667   2.9485083315232558E-003   2.9485083315232558E-003
         668   2.9457428909046963E-003   2.9457428909046963E-003
         669   1.5260195877750831E-003  -1.5260195877750831E-003
         670   2.9418706675276127E-003   2.9418706675276127E-003
         671   1.5240192513981436E-003  -1.5240192513981436E-003
         672   1.5241631797276410E-003  -1.5241631797276410E-003
         673   2.9369080728821242E-003   2.9369080728821242E-003
         674   2.9341810076793213E-003   2.9341810076793213E-003
         675   2.9314615188837470E-003   2.9314615188837470E-003
         676   1.5179313553841777E-003  -1.5179313553841777E-003
         677   2.9276547278898886E-003   2.9276547278898886E-003
         678   2.9249552621968141E-003   2.9249552621968141E-003
         679   2.9222632343976415E-003   2.9222632343976415E-003
         680   1.5117705835979291E-003  -1.5117705835979291E-003
         681   2.9184971169391766E-003   2.9184971169391766E-003
         682   2.9158247675854410E-003   2.9158247675854410E-003
         683   2.9131597571161721E-003   2.9131597571161721E-003
         684   2.9105020374717325E-003   2.9105020374717325E-003
         685   1.5036158625980800E-003  -1.5036158625980800E-003
         686   1.5037562856413322E-003  -1.5037562856413322E-003
         687   1.5038961657373462E-003  -1.5038961657373462E-003
         688   1.5040354801337857E-003  -1.5040354801337857E-003
         689   2.9035990614845438E-003   2.9035990614845438E-003
         690   2.9009748816055344E-003   2.9009748816055344E-003
         691   1.5000877682923141E-003  -1.5000877682923141E-003
         692   2.8973047092624260E-003   2.8973047092624260E-003
         693   1.4981950881107330E-003  -1.4981950881107330E-003
         694   2.8936510467305917E-003   2.8936510467305917E-003
         695   1.4963109105231771E-003  -1.4963109105231771E-003
         696   1.4964475928571979E-003  -1.4964475928571979E-003
         697   2.8889709648823396E-003   2.8889709648823396E-003
         698   1.4945738045560610E-003  -1.4945738045560610E-003
         699   1.4947093024249964E-003  -1.4947093024249964E-003
         700   2.8843180588189635E-003   2.8843180588189635E-003

   k   test 
         700   2.0101740671185642E-006
