 k,   gradient vector, at each step of the optimization (k):

           1   5.0707419199770565E-002   5.0707419199770565E-002
           2   3.6623236199413281E-002  -3.6623236199413281E-002
           3   4.8782736909934697E-002   4.8782736909934697E-002
           4   4.8188836291395296E-002   4.8188836291395296E-002
           5   3.3615204262750907E-002  -3.3615204262750907E-002
           6   4.6422246796771462E-002   4.6422246796771462E-002
           7   3.2409512906293243E-002  -3.2409512906293243E-002
           8   3.2641734873547969E-002  -3.2641734873547969E-002
           9   3.2834528132049540E-002  -3.2834528132049540E-002
          10   3.2989253974907790E-002  -3.2989253974907790E-002
          11   4.1784436151646800E-002   4.1784436151646800E-002
          12   4.1314322477848497E-002   4.1314322477848497E-002
          13   3.0736697454493655E-002  -3.0736697454493655E-002
          14   3.9984303240973892E-002   3.9984303240973892E-002
          15   3.9513548349767343E-002   3.9513548349767343E-002
          16   2.8760916369414372E-002  -2.8760916369414372E-002
          17   3.8313274121556419E-002   3.8313274121556419E-002
          18   3.7854174775266022E-002   3.7854174775266022E-002
          19   2.7021515246156844E-002  -2.7021515246156844E-002
          20   3.6770492574436271E-002   3.6770492574436271E-002
          21   3.6329794169377309E-002   3.6329794169377309E-002
          22   2.5483460164518971E-002  -2.5483460164518971E-002
          23   2.5542410390148575E-002  -2.5542410390148575E-002
          24   2.5589931039498304E-002  -2.5589931039498304E-002
          25   3.4291408631820189E-002   3.4291408631820189E-002
          26   3.3916729598174371E-002   3.3916729598174371E-002
          27   3.3541839458673853E-002   3.3541839458673853E-002
          28   3.3167792972189927E-002   3.3167792972189927E-002
          29   2.3034240646032163E-002  -2.3034240646032163E-002
          30   3.2382323845357788E-002   3.2382323845357788E-002
          31   3.2029230752057124E-002   3.2029230752057124E-002
          32   3.1678885265365372E-002   3.1678885265365372E-002
          33   3.1331829758385235E-002   3.1331829758385235E-002
          34   3.0988523358263832E-002   3.0988523358263832E-002
          35   2.0442875336960917E-002  -2.0442875336960917E-002
          36   3.0335990563048844E-002   3.0335990563048844E-002
          37   3.0013533340224639E-002   3.0013533340224639E-002
          38   2.9695397475384633E-002   2.9695397475384633E-002
          39   2.9381791881544529E-002   2.9381791881544529E-002
          40   1.8753901329596170E-002  -1.8753901329596170E-002
          41   2.8817712494926370E-002   2.8817712494926370E-002
          42   2.8523259908576900E-002   2.8523259908576900E-002
          43   2.8233408576931223E-002   2.8233408576931223E-002
          44   2.7948231649925114E-002   2.7948231649925114E-002
          45   1.7326565535332225E-002  -1.7326565535332225E-002
          46   2.7456965259848670E-002   2.7456965259848670E-002
          47   1.7028773709981994E-002  -1.7028773709981994E-002
          48   1.7057380706859866E-002  -1.7057380706859866E-002
          49   2.6788891068979099E-002   2.6788891068979099E-002
          50   2.6539355028164527E-002   2.6539355028164527E-002
          51   2.6293860855307011E-002   2.6293860855307011E-002
          52   1.6188463406829133E-002  -1.6188463406829133E-002
          53   2.5877322745559334E-002   2.5877322745559334E-002
          54   2.5645760342833262E-002   2.5645760342833262E-002
          55   2.5418014929023222E-002   2.5418014929023222E-002
          56   1.5411221842815792E-002  -1.5411221842815792E-002
          57   1.5434116049802155E-002  -1.5434116049802155E-002
          58   2.4885358580233455E-002   2.4885358580233455E-002
          59   2.4675076659469837E-002   2.4675076659469837E-002
          60   1.4973279930936117E-002  -1.4973279930936117E-002
          61   1.4993456240761812E-002  -1.4993456240761812E-002
          62   2.4184536983444253E-002   2.4184536983444253E-002
          63   2.3989748110107855E-002   2.3989748110107855E-002
          64   1.4568459453526181E-002  -1.4568459453526181E-002
          65   2.3666882739676213E-002   2.3666882739676213E-002
          66   2.3482096876401567E-002   2.3482096876401567E-002
          67   2.3300203092180373E-002   2.3300203092180373E-002
          68   2.3121166376616702E-002   2.3121166376616702E-002
          69   2.2944949760863080E-002   2.2944949760863080E-002
          70   2.2771514739061600E-002   2.2771514739061600E-002
          71   2.2600821392930296E-002   2.2600821392930296E-002
          72   1.3227114025244327E-002  -1.3227114025244327E-002
          73   1.3243662186740494E-002  -1.3243662186740494E-002
          74   2.2226278676075843E-002   2.2226278676075843E-002
          75   2.2066712704287995E-002   2.2066712704287995E-002
          76   2.1909596858578646E-002   2.1909596858578646E-002
          77   2.1754892885141496E-002   2.1754892885141496E-002
          78   1.2600725655516953E-002  -1.2600725655516953E-002
          79   2.1511735099692980E-002   2.1511735099692980E-002
          80   1.2462235593107109E-002  -1.2462235593107109E-002
          81   1.2476430565708456E-002  -1.2476430565708456E-002
          82   1.2490093450057787E-002  -1.2490093450057787E-002
          83   2.1101687368100381E-002   2.1101687368100381E-002
          84   1.2357590675833332E-002  -1.2357590675833332E-002
          85   2.0878786594809396E-002   2.0878786594809396E-002
          86   1.2229121618682462E-002  -1.2229121618682462E-002
          87   2.0662646814335679E-002   2.0662646814335679E-002
          88   2.0532183122588400E-002   2.0532183122588400E-002
          89   2.0403554215691826E-002   2.0403554215691826E-002
          90   2.0276731024743554E-002   2.0276731024743554E-002
          91   2.0151684446270794E-002   2.0151684446270794E-002
          92   2.0028385653684137E-002   2.0028385653684137E-002
          93   1.1464393242428235E-002  -1.1464393242428235E-002
          94   1.9837357472280652E-002   1.9837357472280652E-002
          95   1.9719114051249643E-002   1.9719114051249643E-002
          96   1.9602491406544180E-002   1.9602491406544180E-002
          97   1.9487462600415700E-002   1.9487462600415700E-002
          98   1.1014175835576432E-002  -1.1014175835576432E-002
          99   1.9311399934365807E-002   1.9311399934365807E-002
         100   1.0916094446404814E-002  -1.0916094446404814E-002
         101   1.9140025734487504E-002   1.9140025734487504E-002
         102   1.9032401299145883E-002   1.9032401299145883E-002
         103   1.8926198212184827E-002   1.8926198212184827E-002
         104   1.8821392763769661E-002   1.8821392763769661E-002
         105   1.8717961571302833E-002   1.8717961571302833E-002
         106   1.8615881582825289E-002   1.8615881582825289E-002
         107   1.0321570836755866E-002  -1.0321570836755866E-002
         108   1.0331159108396545E-002  -1.0331159108396545E-002
         109   1.8409777951267824E-002   1.8409777951267824E-002
         110   1.0247601112251094E-002  -1.0247601112251094E-002
         111   1.8261340062881583E-002   1.8261340062881583E-002
         112   1.0166068223270187E-002  -1.0166068223270187E-002
         113   1.0174853771387346E-002  -1.0174853771387346E-002
         114   1.8066635490696151E-002   1.8066635490696151E-002
         115   1.7975060392240422E-002   1.7975060392240422E-002
         116   1.7884605285571949E-002   1.7884605285571949E-002
         117   1.7795252150419116E-002   1.7795252150419116E-002
         118   1.7706983228873659E-002   1.7706983228873659E-002
         119   9.7596339554493622E-003  -9.7596339554493622E-003
         120   9.7677307108378335E-003  -9.7677307108378335E-003
         121   9.7756521709476060E-003  -9.7756521709476060E-003
         122   9.7834000820394233E-003  -9.7834000820394233E-003
         123   9.7909762098427836E-003  -9.7909762098427836E-003
         124   1.7397444072791729E-002   1.7397444072791729E-002
         125   9.7204442715279858E-003  -9.7204442715279858E-003
         126   1.7272470661127300E-002   1.7272470661127300E-002
         127   1.7192470366078197E-002   1.7192470366078197E-002
         128   1.7113378235556299E-002   1.7113378235556299E-002
         129   1.7035180482276129E-002   1.7035180482276129E-002
         130   9.4301941224983997E-003  -9.4301941224983997E-003
         131   9.4370748300979801E-003  -9.4370748300979801E-003
         132   9.4438129610932807E-003  -9.4438129610932807E-003
         133   1.6838593742146281E-002   1.6838593742146281E-002
         134   1.6764347474523045E-002   1.6764347474523045E-002
         135   1.6690911461290574E-002   1.6690911461290574E-002
         136   9.2431390604444767E-003  -9.2431390604444767E-003
         137   9.2494941310589402E-003  -9.2494941310589402E-003
         138   9.2557217040740991E-003  -9.2557217040740991E-003
         139   1.6506392960611033E-002   1.6506392960611033E-002
         140   1.6436532548178583E-002   1.6436532548178583E-002
         141   9.1310935296187810E-003  -9.1310935296187810E-003
         142   9.1370117707238775E-003  -9.1370117707238775E-003
         143   9.1428125199367518E-003  -9.1428125199367518E-003
         144   1.6260339573174742E-002   1.6260339573174742E-002
         145   1.6193786032854152E-002   1.6193786032854152E-002
         146   9.0236752669195699E-003  -9.0236752669195699E-003
         147   1.6093624364052730E-002   1.6093624364052730E-002
         148   8.9684546945643564E-003  -8.9684546945643564E-003
         149   8.9738429548438959E-003  -8.9738429548438959E-003
         150   8.9791263816011591E-003  -8.9791263816011591E-003
         151   8.9843059123851862E-003  -8.9843059123851862E-003
         152   8.9893825599233722E-003  -8.9893825599233722E-003
         153   8.9943571990512752E-003  -8.9943571990512752E-003
         154   1.5828632350561384E-002   1.5828632350561384E-002
         155   1.5767927714870348E-002   1.5767927714870348E-002
         156   1.5707807717456401E-002   1.5707807717456401E-002
         157   8.8276047294032246E-003  -8.8276047294032246E-003
         158   8.8323335143036374E-003  -8.8323335143036374E-003
         159   1.5585327697443471E-002   1.5585327697443471E-002
         160   8.7818676557345713E-003  -8.7818676557345713E-003
         161   1.5496486807840460E-002   1.5496486807840460E-002
         162   8.7323005185553949E-003  -8.7323005185553949E-003
         163   1.5409224694397466E-002   1.5409224694397466E-002
         164   8.6836064968028176E-003  -8.6836064968028176E-003
         165   8.6879384882876456E-003  -8.6879384882876456E-003
         166   1.5293822878759718E-002   1.5293822878759718E-002
         167   8.6402713292112014E-003  -8.6402713292112014E-003
         168   8.6444273712053630E-003  -8.6444273712053630E-003
         169   8.6485035521581474E-003  -8.6485035521581474E-003
         170   8.6525005693843249E-003  -8.6525005693843249E-003
         171   8.6564190994394760E-003  -8.6564190994394760E-003
         172   8.6602598215108732E-003  -8.6602598215108732E-003
         173   8.6640234233623676E-003  -8.6640234233623676E-003
         174   1.5036790210724946E-002   1.5036790210724946E-002
         175   8.6182013860271953E-003  -8.6182013860271953E-003
         176   1.4957445810605719E-002   1.4957445810605719E-002
         177   8.5731390287896222E-003  -8.5731390287896222E-003
         178   8.5766705335562025E-003  -8.5766705335562025E-003
         179   8.5801306716999075E-003  -8.5801306716999075E-003
         180   1.4824163947762634E-002   1.4824163947762634E-002
         181   8.5361277627040849E-003  -8.5361277627040849E-003
         182   1.4748309493806969E-002   1.4748309493806969E-002
         183   8.4928341122320061E-003  -8.4928341122320061E-003
         184   1.4673675247685296E-002   1.4673675247685296E-002
         185   8.4502313774190135E-003  -8.4502313774190135E-003
         186   1.4600229722889753E-002   1.4600229722889753E-002
         187   1.4553777909702968E-002   1.4553777909702968E-002
         188   1.4507703843302284E-002   1.4507703843302284E-002
         189   8.3196078668900126E-003  -8.3196078668900126E-003
         190   8.3227234243266439E-003  -8.3227234243266439E-003
         191   1.4411771744420017E-002   1.4411771744420017E-002
         192   1.4367097079247326E-002   1.4367097079247326E-002
         193   1.4322778024244967E-002   1.4322778024244967E-002
         194   8.1976096826327782E-003  -8.1976096826327782E-003
         195   8.2006018878966434E-003  -8.2006018878966434E-003
         196   1.4230767448123195E-002   1.4230767448123195E-002
         197   8.1621256187895067E-003  -8.1621256187895067E-003
         198   8.1650058292244594E-003  -8.1650058292244594E-003
         199   8.1678322486981245E-003  -8.1678322486981245E-003
         200   8.1706052730392206E-003  -8.1706052730392206E-003
         201   8.1733253201158769E-003  -8.1733253201158769E-003
         202   1.4070204850469533E-002   1.4070204850469533E-002
         203   1.4029001734270911E-002   1.4029001734270911E-002
         204   1.3988109909929136E-002   1.3988109909929136E-002
         205   1.3947526151094807E-002   1.3947526151094807E-002
         206   1.3907247186208425E-002   1.3907247186208425E-002
         207   1.3867269758235833E-002   1.3867269758235833E-002
         208   1.3827590696472920E-002   1.3827590696472920E-002
         209   7.9041443563864656E-003  -7.9041443563864656E-003
         210   1.3766802838963997E-002   1.3766802838963997E-002
         211   1.3727968020374326E-002   1.3727968020374326E-002
         212   7.8329499774503902E-003  -7.8329499774503902E-003
         213   1.3668572335704801E-002   1.3668572335704801E-002
         214   7.7993209101138656E-003  -7.7993209101138656E-003
         215   1.3610000211783052E-002   1.3610000211783052E-002
         216   1.3572499230623534E-002   1.3572499230623534E-002
         217   1.3535268718486619E-002   1.3535268718486619E-002
         218   7.6958302039446813E-003  -7.6958302039446813E-003
         219   7.6983070431842354E-003  -7.6983070431842354E-003
         220   1.3458755363747037E-002   1.3458755363747037E-002
         221   1.3422514845028256E-002   1.3422514845028256E-002
         222   7.6323389346045750E-003  -7.6323389346045750E-003
         223   1.3367269157774597E-002   1.3367269157774597E-002
         224   7.6011575837308734E-003  -7.6011575837308734E-003
         225   7.6035117505718688E-003  -7.6035117505718688E-003
         226   1.3293795531550407E-002   1.3293795531550407E-002
         227   1.3258961489833365E-002   1.3258961489833365E-002
         228   7.5401486448430722E-003  -7.5401486448430722E-003
         229   7.5424260665817823E-003  -7.5424260665817823E-003
         230   1.3187406438426788E-002   1.3187406438426788E-002
         231   7.5125386828259234E-003  -7.5125386828259234E-003
         232   7.5147442340034913E-003  -7.5147442340034913E-003
         233   7.5169152429931767E-003  -7.5169152429931767E-003
         234   1.3098920858514442E-002   1.3098920858514442E-002
         235   7.4875825226522067E-003  -7.4875825226522067E-003
         236   7.4896850221987327E-003  -7.4896850221987327E-003
         237   7.4917542446947868E-003  -7.4917542446947868E-003
         238   7.4937903867810414E-003  -7.4937903867810414E-003
         239   1.2994402747968186E-002   1.2994402747968186E-002
         240   1.2962268678985473E-002   1.2962268678985473E-002
         241   1.2930344778554446E-002   1.2930344778554446E-002
         242   7.4044674089422703E-003  -7.4044674089422703E-003
         243   1.2881428653394618E-002   1.2881428653394618E-002
         244   7.3766476922178751E-003  -7.3766476922178751E-003
         245   1.2833113119299872E-002   1.2833113119299872E-002
         246   7.3491674596614896E-003  -7.3491674596614896E-003
         247   7.3510797300810737E-003  -7.3510797300810737E-003
         248   7.3529623993680727E-003  -7.3529623993680727E-003
         249   7.3548156907873898E-003  -7.3548156907873898E-003
         250   7.3566397906361033E-003  -7.3566397906361033E-003
         251   7.3584348785046836E-003  -7.3584348785046836E-003
         252   1.2702026046389448E-002   1.2702026046389448E-002
         253   7.3316634921636904E-003  -7.3316634921636904E-003
         254   7.3334029855245519E-003  -7.3334029855245519E-003
         255   7.3351144734629808E-003  -7.3351144734629808E-003
         256   1.2623188301299286E-002   1.2623188301299286E-002
         257   1.2594127867238193E-002   1.2594127867238193E-002
         258   1.2565245326918648E-002   1.2565245326918648E-002
         259   1.2536539086362224E-002   1.2536539086362224E-002
         260   7.2262203530738343E-003  -7.2262203530738343E-003
         261   1.2492337001145140E-002   1.2492337001145140E-002
         262   7.2009049704148389E-003  -7.2009049704148389E-003
         263   7.2025444996507929E-003  -7.2025444996507929E-003
         264   1.2433187010618268E-002   1.2433187010618268E-002
         265   1.2405449722743817E-002   1.2405449722743817E-002
         266   1.2377877807987313E-002   1.2377877807987313E-002
         267   7.1250834573305180E-003  -7.1250834573305180E-003
         268   1.2335480789989889E-002   1.2335480789989889E-002
         269   7.1008311086352763E-003  -7.1008311086352763E-003
         270   1.2293559169372782E-002   1.2293559169372782E-002
         271   7.0768491412765240E-003  -7.0768491412765240E-003
         272   7.0783982398859033E-003  -7.0783982398859033E-003
         273   7.0799242412317911E-003  -7.0799242412317911E-003
         274   1.2222887421043490E-002   1.2222887421043490E-002
         275   7.0563307583871408E-003  -7.0563307583871408E-003
         276   7.0578128306161758E-003  -7.0578128306161758E-003
         277   1.2167814949117301E-002   1.2167814949117301E-002
         278   7.0345373925013721E-003  -7.0345373925013721E-003
         279   7.0359768868207594E-003  -7.0359768868207594E-003
         280   1.2113532449367562E-002   1.2113532449367562E-002
         281   1.2088117373378221E-002   1.2088117373378221E-002
         282   6.9888164659097666E-003  -6.9888164659097666E-003
         283   6.9902166671992096E-003  -6.9902166671992096E-003
         284   1.2035001678557426E-002   1.2035001678557426E-002
         285   1.2010121905026292E-002   1.2010121905026292E-002
         286   1.1985380638708219E-002   1.1985380638708219E-002
         287   6.9205675308689329E-003  -6.9205675308689329E-003
         288   6.9219318207842384E-003  -6.9219318207842384E-003
         289   6.9232762011017758E-003  -6.9232762011017758E-003
         290   6.9246007892305268E-003  -6.9246007892305268E-003
         291   1.1906862219707636E-002   1.1906862219707636E-002
         292   1.1882868682483210E-002   1.1882868682483210E-002
         293   6.8800250669651302E-003  -6.8800250669651302E-003
         294   6.8813147402079214E-003  -6.8813147402079214E-003
         295   6.8825854518928132E-003  -6.8825854518928132E-003
         296   1.1819526978250965E-002   1.1819526978250965E-002
         297   6.8613631209711130E-003  -6.8613631209711130E-003
         298   1.1783134936098056E-002   1.1783134936098056E-002
         299   1.1759977737773455E-002   1.1759977737773455E-002
         300   6.8182747239189734E-003  -6.8182747239189734E-003
         301   1.1724187120981817E-002   1.1724187120981817E-002
         302   6.7976402419694520E-003  -6.7976402419694520E-003
         303   6.7988461820701453E-003  -6.7988461820701453E-003
         304   6.8000346129974965E-003  -6.8000346129974965E-003
         305   1.1663572756587737E-002   1.1663572756587737E-002
         306   1.1641205191353055E-002   1.1641205191353055E-002
         307   6.7583539962146064E-003  -6.7583539962146064E-003
         308   1.1606602810955656E-002   1.1606602810955656E-002
         309   6.7383757173523299E-003  -6.7383757173523299E-003
         310   6.7395195036028220E-003  -6.7395195036028220E-003
         311   1.1560135092828907E-002   1.1560135092828907E-002
         312   6.7197834514187670E-003  -6.7197834514187670E-003
         313   6.7208966499381299E-003  -6.7208966499381299E-003
         314   1.1514266090004988E-002   1.1514266090004988E-002
         315   6.7013978999439288E-003  -6.7013978999439288E-003
         316   6.7024813556128930E-003  -6.7024813556128930E-003
         317   6.7035490798381106E-003  -6.7035490798381106E-003
         318   1.1457080210661941E-002   1.1457080210661941E-002
         319   1.1436061609832520E-002   1.1436061609832520E-002
         320   1.1415147924207213E-002   1.1415147924207213E-002
         321   6.6441884562818600E-003  -6.6441884562818600E-003
         322   1.1382735785088222E-002   1.1382735785088222E-002
         323   1.1362121179831014E-002   1.1362121179831014E-002
         324   1.1341608367320871E-002   1.1341608367320871E-002
         325   6.5861959147838741E-003  -6.5861959147838741E-003
         326   1.1309883000434154E-002   1.1309883000434154E-002
         327   6.5678685539064747E-003  -6.5678685539064747E-003
         328   6.5688918229582505E-003  -6.5688918229582505E-003
         329   1.1267265518843411E-002   1.1267265518843411E-002
         330   1.1247315038881421E-002   1.1247315038881421E-002
         331   6.5317735823159301E-003  -6.5317735823159301E-003
         332   6.5327728250285256E-003  -6.5327728250285256E-003
         333   1.1205482879456203E-002   1.1205482879456203E-002
         334   1.1185893393581923E-002   1.1185893393581923E-002
         335   1.1166397668724728E-002   1.1166397668724728E-002
         336   6.4778044400847579E-003  -6.4778044400847579E-003
         337   6.4787824309489612E-003  -6.4787824309489612E-003
         338   1.1125582191048259E-002   1.1125582191048259E-002
         339   6.4614366580717187E-003  -6.4614366580717187E-003
         340   6.4623904904621190E-003  -6.4623904904621190E-003
         341   1.1085251594778996E-002   1.1085251594778996E-002
         342   1.1066352439285582E-002   1.1066352439285582E-002
         343   1.1047541751184040E-002   1.1047541751184040E-002
         344   1.1028818908579095E-002   1.1028818908579095E-002
         345   6.3916316733208583E-003  -6.3916316733208583E-003
         346   1.0999925172337676E-002   1.0999925172337676E-002
         347   6.3749690583014057E-003  -6.3749690583014057E-003
         348   6.3758945067440972E-003  -6.3758945067440972E-003
         349   1.0961134669610408E-002   1.0961134669610408E-002
         350   6.3594125695703822E-003  -6.3594125695703822E-003
         351   6.3603159508794768E-003  -6.3603159508794768E-003
         352   6.3612075964583044E-003  -6.3612075964583044E-003
         353   1.0912762396590047E-002   1.0912762396590047E-002
         354   1.0894825939833238E-002   1.0894825939833238E-002
         355   1.0876970693075787E-002   1.0876970693075787E-002
         356   1.0859196157204463E-002   1.0859196157204463E-002
         357   6.2941065049333094E-003  -6.2941065049333094E-003
         358   6.2949820786282300E-003  -6.2949820786282300E-003
         359   6.2958466011342638E-003  -6.2958466011342638E-003
         360   1.0812354079391608E-002   1.0812354079391608E-002
         361   6.2800915388276281E-003  -6.2800915388276281E-003
         362   6.2809358620355667E-003  -6.2809358620355667E-003
         363   6.2817693989990712E-003  -6.2817693989990712E-003
         364   1.0766140600073356E-002   1.0766140600073356E-002
         365   1.0749013490917484E-002   1.0749013490917484E-002
         366   6.2499261074682941E-003  -6.2499261074682941E-003
         367   6.2507419163223832E-003  -6.2507419163223832E-003
         368   1.0713095845535828E-002   1.0713095845535828E-002
         369   1.0696249921658995E-002   1.0696249921658995E-002
         370   1.0679477282429722E-002   1.0679477282429722E-002
         371   1.0662777491068240E-002   1.0662777491068240E-002
         372   6.1876807412719771E-003  -6.1876807412719771E-003
         373   6.1884827681868747E-003  -6.1884827681868747E-003
         374   6.1892748811850353E-003  -6.1892748811850353E-003
         375   6.1900571199991180E-003  -6.1900571199991180E-003
         376   6.1908295368713947E-003  -6.1908295368713947E-003
         377   1.0600501832466993E-002   1.0600501832466993E-002
         378   1.0584257274885921E-002   1.0584257274885921E-002
         379   1.0568081763333716E-002   1.0568081763333716E-002
         380   6.1452391851790043E-003  -6.1452391851790043E-003
         381   6.1459974209242705E-003  -6.1459974209242705E-003
         382   1.0534172714430187E-002   1.0534172714430187E-002
         383   6.1315453943409353E-003  -6.1315453943409353E-003
         384   1.0509430696991607E-002   1.0509430696991607E-002
         385   1.0493636655526706E-002   1.0493636655526706E-002
         386   6.1022135932256080E-003  -6.1022135932256080E-003
         387   6.1029489809389095E-003  -6.1029489809389095E-003
         388   6.1036753411752298E-003  -6.1036753411752298E-003
         389   6.1043927529934516E-003  -6.1043927529934516E-003
         390   1.0443208212894873E-002   1.0443208212894873E-002
         391   6.0903354689459503E-003  -6.0903354689459503E-003
         392   6.0910368515418303E-003  -6.0910368515418303E-003
         393   1.0410612775572491E-002   1.0410612775572491E-002
         394   1.0395353241093530E-002   1.0395353241093530E-002
         395   6.0625818429242547E-003  -6.0625818429242547E-003
         396   1.0371703273582052E-002   1.0371703273582052E-002
         397   6.0488487978568248E-003  -6.0488487978568248E-003
         398   6.0495295214396229E-003  -6.0495295214396229E-003
         399   6.0502018229387283E-003  -6.0502018229387283E-003
         400   6.0508657771161092E-003  -6.0508657771161092E-003
         401   1.0323149613798469E-002   1.0323149613798469E-002
         402   6.0373156383099627E-003  -6.0373156383099627E-003
         403   6.0379648380189856E-003  -6.0379648380189856E-003
         404   6.0386058576539755E-003  -6.0386058576539755E-003
         405   6.0392387620121840E-003  -6.0392387620121840E-003
         406   1.0275275795298064E-002   1.0275275795298064E-002
         407   6.0258674230465881E-003  -6.0258674230465881E-003
         408   6.0264861049276267E-003  -6.0264861049276267E-003
         409   6.0270968586900722E-003  -6.0270968586900722E-003
         410   6.0276996850192601E-003  -6.0276996850192601E-003
         411   6.0282946705259620E-003  -6.0282946705259620E-003
         412   1.0219928180640003E-002   1.0219928180640003E-002
         413   1.0205698630415237E-002   1.0205698630415237E-002
         414   6.0014349295748060E-003  -6.0014349295748060E-003
         415   6.0020183720068928E-003  -6.0020183720068928E-003
         416   6.0025942009141967E-003  -6.0025942009141967E-003
         417   6.0031624226819427E-003  -6.0031624226819427E-003
         418   6.0037230882833545E-003  -6.0037230882833545E-003
         419   6.0042762358631105E-003  -6.0042762358631105E-003
         420   1.0143533779886983E-002   1.0143533779886983E-002
         421   5.9913941197703756E-003  -5.9913941197703756E-003
         422   5.9919344948608615E-003  -5.9919344948608615E-003
         423   5.9924675234593250E-003  -5.9924675234593250E-003
         424   1.0106008337056912E-002   1.0106008337056912E-002
         425   1.0092373627726454E-002   1.0092373627726454E-002
         426   1.0078790303135200E-002   1.0078790303135200E-002
         427   1.0065258016850777E-002   1.0065258016850777E-002
         428   1.0051776511134869E-002   1.0051776511134869E-002
         429   5.9273193560871748E-003  -5.9273193560871748E-003
         430   5.9278483873413676E-003  -5.9278483873413676E-003
         431   5.9283704477744951E-003  -5.9283704477744951E-003
         432   1.0015433987958625E-002   1.0015433987958625E-002
         433   1.0002187516296838E-002   1.0002187516296838E-002
         434   5.9032470644090392E-003  -5.9032470644090392E-003
         435   5.9037593872891987E-003  -5.9037593872891987E-003
         436   5.9042649573827540E-003  -5.9042649573827540E-003
         437   9.9664381825057130E-003   9.9664381825057130E-003
         438   9.9534201142943875E-003   9.9534201142943875E-003
         439   5.8795469117077503E-003  -5.8795469117077503E-003
         440   5.8800431246715384E-003  -5.8800431246715384E-003
         441   9.9256381733500206E-003   9.9256381733500206E-003
         442   9.9127999809037956E-003   9.9127999809037956E-003
         443   5.8556710237580257E-003  -5.8556710237580257E-003
         444   9.8927013183270941E-003   9.8927013183270941E-003
         445   5.8438442184643256E-003  -5.8438442184643256E-003
         446   5.8443268870241464E-003  -5.8443268870241464E-003
         447   5.8448032135003138E-003  -5.8448032135003138E-003
         448   5.8452732755494737E-003  -5.8452732755494737E-003
         449   9.8510338182450224E-003   9.8510338182450224E-003
         450   5.8335893287765027E-003  -5.8335893287765027E-003
         451   9.8313632068867396E-003   9.8313632068867396E-003
         452   9.8189530767259850E-003   9.8189530767259850E-003
         453   5.8099781085616115E-003  -5.8099781085616115E-003
         454   5.8104354537723514E-003  -5.8104354537723514E-003
         455   9.7924221784711843E-003   9.7924221784711843E-003
         456   5.7989879345321411E-003  -5.7989879345321411E-003
         457   5.7994352067108216E-003  -5.7994352067108216E-003
         458   9.7661294749006606E-003   9.7661294749006606E-003
         459   9.7540060669281097E-003   9.7540060669281097E-003
         460   5.7763466173009533E-003  -5.7763466173009533E-003
         461   5.7767859105334633E-003  -5.7767859105334633E-003
         462   5.7772194062196795E-003  -5.7772194062196795E-003
         463   5.7776471328820338E-003  -5.7776471328820338E-003
         464   9.7142441169776970E-003   9.7142441169776970E-003
         465   5.7664852017467183E-003  -5.7664852017467183E-003
         466   5.7669034465792071E-003  -5.7669034465792071E-003
         467   5.7673160422398069E-003  -5.7673160422398069E-003
         468   5.7677230266850689E-003  -5.7677230266850689E-003
         469   5.7681244023154105E-003  -5.7681244023154105E-003
         470   5.7685201908477240E-003  -5.7685201908477240E-003
         471   5.7689104430287894E-003  -5.7689104430287894E-003
         472   9.6545296347547230E-003   9.6545296347547230E-003
         473   5.7579339014537110E-003  -5.7579339014537110E-003
         474   9.6361782880120383E-003   9.6361782880120383E-003
         475   5.7470288016012640E-003  -5.7470288016012640E-003
         476   5.7474066958814393E-003  -5.7474066958814393E-003
         477   9.6112397799608170E-003   9.6112397799608170E-003
         478   9.5998324439780253E-003   9.5998324439780253E-003
         479   9.5884632569531707E-003   9.5884632569531707E-003
         480   9.5771320047053615E-003   9.5771320047053615E-003
         481   5.7033209564856741E-003  -5.7033209564856741E-003
         482   9.5592789217296709E-003   9.5592789217296709E-003
         483   5.6927270226598469E-003  -5.6927270226598469E-003
         484   9.5415398917345108E-003   9.5415398917345108E-003
         485   9.5303890358804551E-003   9.5303890358804551E-003
         486   9.5192749546522092E-003   9.5192749546522092E-003
         487   5.6605467466749179E-003  -5.6605467466749179E-003
         488   5.6609191424071134E-003  -5.6609191424071134E-003
         489   5.6612865488542153E-003  -5.6612865488542153E-003
         490   9.4889944407802983E-003   9.4889944407802983E-003
         491   9.4780519327681452E-003   9.4780519327681452E-003
         492   9.4671450903792958E-003   9.4671450903792958E-003
         493   5.6297155779818017E-003  -5.6297155779818017E-003
         494   5.6300785326556264E-003  -5.6300785326556264E-003
         495   5.6304366705921720E-003  -5.6304366705921720E-003
         496   9.4374333306019142E-003   9.4374333306019142E-003
         497   9.4266927884363097E-003   9.4266927884363097E-003
         498   9.4159868554637947E-003   9.4159868554637947E-003
         499   9.4053153476590396E-003   9.4053153476590396E-003
         500   5.5891004239228262E-003  -5.5891004239228262E-003
         501   5.5894559858937522E-003  -5.5894559858937522E-003
         502   9.3824054746886060E-003   9.3824054746886060E-003
         503   5.5795359193802924E-003  -5.5795359193802924E-003
         504   9.3657693028076569E-003   9.3657693028076569E-003
         505   5.5696764350961162E-003  -5.5696764350961162E-003
         506   9.3492346651491733E-003   9.3492346651491733E-003
         507   5.5598769181531629E-003  -5.5598769181531629E-003
         508   5.5602192692864897E-003  -5.5602192692864897E-003
         509   9.3267883726625943E-003   9.3267883726625943E-003
         510   5.5504943619850942E-003  -5.5504943619850942E-003
         511   9.3104907424387592E-003   9.3104907424387592E-003
         512   9.3002303007974352E-003   9.3002303007974352E-003
         513   5.5308680289770408E-003  -5.5308680289770408E-003
         514   9.2840915636366473E-003   9.2840915636366473E-003
         515   5.5213023698009681E-003  -5.5213023698009681E-003
         516   5.5216336902217042E-003  -5.5216336902217042E-003
         517   9.2621819894059612E-003   9.2621819894059612E-003
         518   5.5121397499424017E-003  -5.5121397499424017E-003
         519   9.2462709992078354E-003   9.2462709992078354E-003
         520   5.5027021070810107E-003  -5.5027021070810107E-003
         521   5.5030239129858823E-003  -5.5030239129858823E-003
         522   5.5033415569877920E-003  -5.5033415569877920E-003
         523   9.2188811790103169E-003   9.2188811790103169E-003
         524   5.4939883202256030E-003  -5.4939883202256030E-003
         525   9.2032273248366155E-003   9.2032273248366155E-003
         526   9.1933798006753713E-003   9.1933798006753713E-003
         527   5.4751192958619674E-003  -5.4751192958619674E-003
         528   9.1778745030598533E-003   9.1778745030598533E-003
         529   9.1681138075825098E-003   9.1681138075825098E-003
         530   5.4564390636381820E-003  -5.4564390636381820E-003
         531   5.4567482301492876E-003  -5.4567482301492876E-003
         532   5.4570534465662891E-003  -5.4570534465662891E-003
         533   9.1415193550719812E-003   9.1415193550719812E-003
         534   9.1318970711489634E-003   9.1318970711489634E-003
         535   9.1223036512243852E-003   9.1223036512243852E-003
         536   9.1127389632153777E-003   9.1127389632153777E-003
         537   9.1032028780081709E-003   9.1032028780081709E-003
         538   9.0936952825601183E-003   9.0936952825601183E-003
         539   9.0842160209679487E-003   9.0842160209679487E-003
         540   5.3924312682725600E-003  -5.3924312682725600E-003
         541   5.3927389620606874E-003  -5.3927389620606874E-003
         542   5.3930429364129973E-003  -5.3930429364129973E-003
         543   9.0584961217383408E-003   9.0584961217383408E-003
         544   5.3842638440205239E-003  -5.3842638440205239E-003
         545   5.3845618056157629E-003  -5.3845618056157629E-003
         546   9.0383836719085519E-003   9.0383836719085519E-003
         547   9.0291131629862149E-003   9.0291131629862149E-003
         548   9.0198698574255626E-003   9.0198698574255626E-003
         549   5.3579271585355841E-003  -5.3579271585355841E-003
         550   9.0053529317453834E-003   9.0053529317453834E-003
         551   8.9961878173487435E-003   8.9961878173487435E-003
         552   8.9870493884755594E-003   8.9870493884755594E-003
         553   5.3316508682258682E-003  -5.3316508682258682E-003
         554   5.3319461395721522E-003  -5.3319461395721522E-003
         555   8.9674959300304908E-003   8.9674959300304908E-003
         556   8.9584578730418536E-003   8.9584578730418536E-003
         557   5.3147553820410334E-003  -5.3147553820410334E-003
         558   8.9442802213895462E-003   8.9442802213895462E-003
         559   8.9353174974373794E-003   8.9353174974373794E-003
         560   5.2977269316637071E-003  -5.2977269316637071E-003
         561   5.2980169552843655E-003  -5.2980169552843655E-003
         562   8.9161575820835334E-003   8.9161575820835334E-003
         563   5.2897233206525753E-003  -5.2897233206525753E-003
         564   5.2900078852786544E-003  -5.2900078852786544E-003
         565   5.2902891225403937E-003  -5.2902891225403937E-003
         566   8.8920681364470684E-003   8.8920681364470684E-003
         567   5.2820639307121411E-003  -5.2820639307121411E-003
         568   8.8782544461502768E-003   8.8782544461502768E-003
         569   5.2738831935800323E-003  -5.2738831935800323E-003
         570   8.8645153457847983E-003   8.8645153457847983E-003
         571   8.8558365686427915E-003   8.8558365686427915E-003
         572   5.2573670510357457E-003  -5.2573670510357457E-003
         573   8.8422172862884282E-003   8.8422172862884282E-003
         574   5.2493061144967381E-003  -5.2493061144967381E-003
         575   5.2495773079910130E-003  -5.2495773079910130E-003
         576   8.8237383636409084E-003   8.8237383636409084E-003
         577   5.2415705474265920E-003  -5.2415705474265920E-003
         578   5.2418366757465990E-003  -5.2418366757465990E-003
         579   8.8053906478539872E-003   8.8053906478539872E-003
         580   5.2338834577504633E-003  -5.2338834577504633E-003
         581   5.2341445890149952E-003  -5.2341445890149952E-003
         582   5.2344026467278666E-003  -5.2344026467278666E-003
         583   8.7823090732206781E-003   8.7823090732206781E-003
         584   5.2265132700716511E-003  -5.2265132700716511E-003
         585   8.7690829106081506E-003   8.7690829106081506E-003
         586   8.7607381386788745E-003   8.7607381386788745E-003
         587   8.7524161934277225E-003   8.7524161934277225E-003
         588   5.2025503133806047E-003  -5.2025503133806047E-003
         589   5.2028040907819715E-003  -5.2028040907819715E-003
         590   8.7345786432828539E-003   8.7345786432828539E-003
         591   5.1950678062483244E-003  -5.1950678062483244E-003
         592   8.7216011355897276E-003   8.7216011355897276E-003
         593   8.7134076018060974E-003   8.7134076018060974E-003
         594   8.7052362387345043E-003   8.7052362387345043E-003
         595   5.1715657283493517E-003  -5.1715657283493517E-003
         596   8.6924091218080722E-003   8.6924091218080722E-003
         597   8.6843015249577164E-003   8.6843015249577164E-003
         598   5.1561473366007297E-003  -5.1561473366007297E-003
         599   8.6715813000598184E-003   8.6715813000598184E-003
         600   8.6635366511299914E-003   8.6635366511299914E-003
         601   5.1408643006399081E-003  -5.1408643006399081E-003
         602   8.6509218591151339E-003   8.6509218591151339E-003
         603   8.6429393250740238E-003   8.6429393250740238E-003
         604   8.6349780475574907E-003   8.6349780475574907E-003
         605   8.6270379674865481E-003   8.6270379674865481E-003
         606   8.6191189692884414E-003   8.6191189692884414E-003
         607   8.6112210001688914E-003   8.6112210001688914E-003
         608   5.0952392485624012E-003  -5.0952392485624012E-003
         609   5.0954911198095587E-003  -5.0954911198095587E-003
         610   5.0957403112494790E-003  -5.0957403112494790E-003
         611   8.5899290071756763E-003   8.5899290071756763E-003
         612   8.5821281139220190E-003   8.5821281139220190E-003
         613   5.0809802610035579E-003  -5.0809802610035579E-003
         614   8.5699211432799290E-003   8.5699211432799290E-003
         615   8.5621792851154604E-003   8.5621792851154604E-003
         616   8.5544576813854408E-003   8.5544576813854408E-003
         617   8.5467562411666656E-003   8.5467562411666656E-003
         618   5.0515681262232387E-003  -5.0515681262232387E-003
         619   5.0518152748388386E-003  -5.0518152748388386E-003
         620   8.5303752845878600E-003   8.5303752845878600E-003
         621   5.0447319001508412E-003  -5.0447319001508412E-003
         622   8.5184234051934680E-003   8.5184234051934680E-003
         623   8.5108346815269218E-003   8.5108346815269218E-003
         624   5.0304164001740833E-003  -5.0304164001740833E-003
         625   5.0306587645328454E-003  -5.0306587645328454E-003
         626   5.0308986555970721E-003  -5.0308986555970721E-003
         627   5.0311360634462910E-003  -5.0311360634462910E-003
         628   5.0313709947640839E-003  -5.0313709947640839E-003
         629   8.4818718874188469E-003   8.4818718874188469E-003
         630   8.4744081370077863E-003   8.4744081370077863E-003
         631   8.4669634371152668E-003   8.4669634371152668E-003
         632   5.0101187528591943E-003  -5.0101187528591943E-003
         633   8.4553215987552312E-003   8.4553215987552312E-003
         634   5.0032487661127965E-003  -5.0032487661127965E-003
         635   5.0034801276777315E-003  -5.0034801276777315E-003
         636   8.4395446680347007E-003   8.4395446680347007E-003
         637   8.4322065490987173E-003   8.4322065490987173E-003
         638   8.4248869501797261E-003   8.4248869501797261E-003
         639   8.4175858169991801E-003   8.4175858169991801E-003
         640   4.9756192660782954E-003  -4.9756192660782954E-003
         641   8.4061797675451314E-003   8.4061797675451314E-003
         642   8.3989315218950273E-003   8.3989315218950273E-003
         643   8.3917014520638565E-003   8.3917014520638565E-003
         644   8.3844894797737018E-003   8.3844894797737018E-003
         645   4.9481690716404216E-003  -4.9481690716404216E-003
         646   4.9484003453244317E-003  -4.9484003453244317E-003
         647   4.9486293557525667E-003  -4.9486293557525667E-003
         648   8.3651368562057023E-003   8.3651368562057023E-003
         649   8.3580082302752764E-003   8.3580082302752764E-003
         650   4.9352133610430253E-003  -4.9352133610430253E-003
         651   8.3468828083356622E-003   8.3468828083356622E-003
         652   8.3398050265092866E-003   8.3398050265092866E-003
         653   8.3327447160731413E-003   8.3327447160731413E-003
         654   4.9151707085782533E-003  -4.9151707085782533E-003
         655   8.3217361224748963E-003   8.3217361224748963E-003
         656   8.3147258439183382E-003   8.3147258439183382E-003
         657   4.9020129076067925E-003  -4.9020129076067925E-003
         658   4.9022387261518424E-003  -4.9022387261518424E-003
         659   4.9024623859597726E-003  -4.9024623859597726E-003
         660   8.2959471000627182E-003   8.2959471000627182E-003
         661   4.8960536759411182E-003  -4.8960536759411182E-003
         662   8.2851098800773085E-003   8.2851098800773085E-003
         663   8.2782108157785136E-003   8.2782108157785136E-003
         664   8.2713285042398180E-003   8.2713285042398180E-003
         665   4.8765383507901969E-003  -4.8765383507901969E-003
         666   4.8767587440084774E-003  -4.8767587440084774E-003
         667   8.2567470929013585E-003   8.2567470929013585E-003
         668   8.2499273119577866E-003   8.2499273119577866E-003
         669   4.8639620784253369E-003  -4.8639620784253369E-003
         670   8.2392997063349977E-003   8.2392997063349977E-003
         671   4.8577124483416495E-003  -4.8577124483416495E-003
         672   4.8579289377633159E-003  -4.8579289377633159E-003
         673   8.2249173727418409E-003   8.2249173727418409E-003
         674   8.2181896236071129E-003   8.2181896236071129E-003
         675   8.2114779351391363E-003   8.2114779351391363E-003
         676   4.8389183122623499E-003  -4.8389183122623499E-003
         677   8.2010238437692905E-003   8.2010238437692905E-003
         678   8.1943581504240297E-003   8.1943581504240297E-003
         679   8.1877082977287168E-003   8.1877082977287168E-003
         680   4.8201136779384536E-003  -4.8201136779384536E-003
         681   8.1773596151835000E-003   8.1773596151835000E-003
         682   8.1707550617440249E-003   8.1707550617440249E-003
         683   8.1641661038226905E-003   8.1641661038226905E-003
         684   8.1575927086997430E-003   8.1575927086997430E-003
         685   4.7952775728195328E-003  -4.7952775728195328E-003
         686   4.7954931679013799E-003  -4.7954931679013799E-003
         687   4.7957068539819193E-003  -4.7957068539819193E-003
         688   4.7959186570131710E-003  -4.7959186570131710E-003
         689   8.1364211649820658E-003   8.1364211649820658E-003
         690   8.1299324047807292E-003   8.1299324047807292E-003
         691   4.7837884217901286E-003  -4.7837884217901286E-003
         692   8.1198395750609349E-003   8.1198395750609349E-003
         693   4.7778644766161516E-003  -4.7778644766161516E-003
         694   8.1097911131509451E-003   8.1097911131509451E-003
         695   4.7719665096087067E-003  -4.7719665096087067E-003
         696   4.7721735166310229E-003  -4.7721735166310229E-003
         697   8.0962027808730314E-003   8.0962027808730314E-003
         698   4.7663080812374260E-003  -4.7663080812374260E-003
         699   4.7665121011046876E-003  -4.7665121011046876E-003
         700   8.0826935131969695E-003   8.0826935131969695E-003

   k   test 
         700   5.1103565850314780E-006
