   20.000000000000000        40.000000000000000        16.887017761224513     
  -3.0283248183216251       -2.4439491557366537       -10.456816186945197     
  -13.431157618036506        6.5708507342651288       -15.842616295314476     
   21.639202433791354        60.188627077895426        102.47239958707594     
   7.6035273945769593        47.170646106761879        42.012374973024833     
  -108.62149507314433        7.9136402972260456       -14.595064271777233     
  -53.706959626089940       -123.69330917548220       -105.86054952681017     
  -55.017429893276784       -122.21747017651083       -102.78029110950850     
  -108.24373830312848       -160.84301044241224        119.44116759498716     
  -75.796547093370577       -134.02216589037090       -101.31431271374463     
   64.474182074394577       -310.75569678529837        167.76139414795517     
  -14.496731745967935       -392.24720214345967       -34.685365812480924     
   88.924031071430534       -305.95537538204570        243.69550645318560     
   167.60077670296081       -345.83048041323252        193.96516904776763     
   126.01654427439712       -456.38317090476176        18.219773307599269     
   66.159367269836281       -398.56433958867871       -362.62734656436766     
   153.81166749883903       -355.32662944580255        73.689194646898756     
  -9.4523660657636697       -407.54763838795373        92.532535238003533     
  -71.291668144056644       -362.36713994433620       -29.885679399868458     
  -71.743647897698139       -361.95831210039279       -29.358749734494552     
   1.9409142515657152       -256.15536667937874        198.54137694398443     
   7.8868145141437198       -262.64118071812521        192.12189815404372     
   25.842483149616342       -271.92515438620211        208.37395477976636     
   13.037072097832965       -243.61840776905129        172.45127735209763     
   36.150134552732098       -183.57937255289113       -155.45859187984721     
   78.098970418048808       -208.50118616627577       -178.82743982397429     
   74.821142347461276       -212.82328063968313       -171.04681685080266     
   89.908069695560528       -194.56717004820752       -122.00733379597948     
   41.676141001744476       -286.33760521188208        227.58189772067726     
  -13.174836285954576       -332.29812138019105       -289.28265832787417     
  -48.800231144643668       -357.95033699118881       -181.73291066056285     
  -54.456131335121484       -352.18707689488087       -183.52479691396019     
  -32.598505027209512       -407.87662499058382        173.41822835404710     
   114.91105124733519       -338.21769000390645        7.5784779296379270     
   32.556127915714811       -416.79846924888159       -47.979478106221379     
  -12.554117135926958       -383.29508212544465       -121.90737664164723     
   76.332050467772191       -306.60470375471368        229.06258481318307     
   6.1162824318540601       -362.82755424828639       -285.27067113535753     
   25.593928109933216       -335.57683898583167       -202.71991355951064     
  -21.901190414308836       -418.60215969289726        238.79679075598762     
  -105.94292837688369       -372.25685471128537        266.16395541544330     
  -3.0045451365289182       -310.68363831215765       -145.02002133580888     
  -146.19086890052773       -371.46367209210865        390.96182668240243     
  -118.77508319473566       -327.72268148479816       -92.385572012899559     
   6.1949057759512129       -255.92740110977280        199.00913891190160     
   9.1764674856877733       -258.81596167245607        197.94602759663897     
   10.561718881619125       -260.43440254577843        197.36715951877639     
   3.6108869194297455E-002  -270.70542778003983        152.75303522200642     
  -46.748673861512998       -316.22014815086618       -231.89469887666340     
  -12.263101335751060       -345.87640667045497       -305.26033136083402     
  -14.392335844697129       -342.42073839279703       -305.92317192238659     
  -16.374149615100265       -345.58710189418957       -304.82294705544973     
  -10.660112447519420       -336.79231700126041       -297.32121136657753     
  0.13624875931496661       -344.81135126481973       -297.59274070198171     
  -21.242903211959518       -357.07605568080510       -271.07729654121698     
   10.234220699420042       -313.19110592091926       -107.61062757252648     
  -43.686512844161456       -435.19296079530511        370.09451098743205     
  -12.991607887778294       -413.08710724895201        159.41198600124920     
   44.855242385499665       -301.37726902838995        161.87709234050584     
   137.85011387215627       -336.18629687314740        86.678580431270717     
   143.85734570129816       -343.49495888103587        74.484475674946481     
   94.753418532623073       -433.51052029869152       -167.57769021654650     
  -58.009812805699170       -366.48116882421300       -83.617251395640380     
  -69.562171427833974       -355.70683905021173       -79.191376918199467     
   8.6454631447668362       -277.34600628795357        141.61609051366261     
  -26.698404929426630       -355.04177694843685       -268.84362697708752     
   6.8113904983464053       -309.60798050523977       -95.857472220619528     
  -88.445521982227689       -384.87127218187857        209.52858032834001     
  -109.05473690588124       -374.77312780749207        298.58285772980071     
  -43.456411147862042       -289.65219662977546       -83.762121291794614     
  -101.33276170618547       -350.05467828520727        88.364511914271546     
  -86.105083855508099       -390.21103749097631        219.54560453511721     
  -42.333040336321297       -257.02470715424369        117.07011311146702     
  -39.321105338407051       -259.66410955542824        117.69814103279015     
  -143.64172917092145       -298.99065809108515       -309.74756958798656     
  -108.69132873910084       -275.21902853184838       -312.04363949207362     
  -139.63228415548471       -328.31126839733668       -117.20016466856990     
  -174.57925894488244       -218.74373089198770        108.71716861970940     
  -215.69866920968667       -239.42529233719566       -406.53852852389980     
  -188.65240248385680       -274.41218411213219       -190.72164739389413     
  -80.066783521287462       -208.11195246969788        193.75976683930890     
  -84.212635315460773       -210.87683324360404        200.42745472643739     
  -76.863776737368113       -199.72288777265433        195.77971332337015     
  -47.735727693412095       -146.09590466778604       -61.769174119249939     
  -66.128172956149385       -129.36172103994127       -131.04365282743132     
  -104.55098095206050       -157.16282679853489        92.568793293983902     
  -90.353966165176161       -147.34782427642281       -50.154758639231417     
  -88.648369511867543       -146.14893610011205       -63.776059082780321     
  -54.175964267091615       -108.94336980291888        18.137034989953168     
  -100.75441350795236       -147.50964046348773        19.795107240686157     
   292.67257924096964        926.53445425000484       -1104.3844846019524     
   233.96203551153329        880.62069012711174       -947.59874377116455     
   96.132316623255434        942.55531634667670       -611.20787602998939     
   166.03367700251866        1066.8255603316707        139.97106312012170     
   183.53205979868829        1048.7687307399549        65.881729537372863     
   181.46897610027577        1051.9214765307522        91.228572890379368     
   51.554720913957084        862.13572148953040        720.38789600727353     
   134.71310869771673        949.59747363526787       -810.69035209760398     
   131.72527638287988        954.30211689175701       -827.27107482764507     
   129.57315380245015        958.45438696997894       -842.88909581611256     
   112.05811064431121        976.76564215422820       -910.29745311271176     
   118.40453670244931        991.21812154289501       -923.12786705630674     
   98.710582276223150        956.45710392051524       -764.82999008960121     
   23.272992213964272        1004.7347735034554       -991.89286673598951     
   86.192498412141816        1074.0344577096421       -534.56840713210568     
   88.513258644251351        1070.1705608523225       -567.74805429444882     
   108.82004518944353        1046.0019502772454       -685.89364580772678     
   193.18209780535045        1005.6300754737208       -476.38635989791862     
   229.86838228306914        961.42807808794510       -953.62080605306187     
   205.50405296852742        900.14013645013438       -967.17429921718178     
   295.70399240701965        986.58261012350840       -455.56400657997028     
   392.04038041014729        900.99060888982615       -243.22518209817912     
   269.42556054765402        809.50232266305136        153.67059474380650     
   325.40007369408016        963.39759893197584       -585.92808679468340     
   186.51136662378667        845.15625184539010       -162.70417205347064     
   175.18366938436620        862.86720184639341       -312.17875487279815     
   179.46408274491816        856.35343196585200       -263.61410083756368     
   167.62133410941652        871.59351973914534       -350.83654643853254     
   148.50898633442270        890.05790705770198       -380.62138587969179     
   125.77414482247752        909.76278044235823       -406.08382709322757     
   277.22138421827060        1020.1370479923546        130.11131202651086     
   368.84089249286444        911.30868535054060       -377.46846042523714     
   276.54869295859100        793.18895309848085        385.64327345012305     
   215.10807655566128        854.10754915936627       -491.01444006906172     
   377.49866766702701        980.88886237816132        189.57955144155861     
   328.12082501575588        1044.7065463766512        644.63310710252335     
   404.58456533626014        943.99113099195176        307.66694872119166     
   159.40791693235661        856.03102461425840       -73.807579188668342     
   332.18599900679300        979.77445536947721       -332.34748353719124     
   314.56471858109137        1018.0084296043316        175.94710991109235     
   456.48498473646089        915.90007702097500        180.93129465984885     
   366.06692004594174        785.33195894667620       -503.06141444765370     
   423.95406215774960        733.34622024715361       -78.639552975508963     
   503.25871572688754        839.68078558222589       -983.69746823481523     
   407.75528230640140        908.73246586787434       -58.957745018522473     
   276.85153272499986        794.52316517385691        365.16317109939484     
   356.88753336639041        934.77811231460396       -418.78960090602749     
   368.50218001039525        930.90948912917372       -281.15664635126723     
   303.06524105874126        1048.8539403940072        719.99730566071844     
   423.51066589768101        941.62194021451091        502.00967700781848     
   252.22730267245637        819.44613609719363        9.3193063758592416     
   437.34221662227657        942.66935860457397        636.72524874654493     
   317.65033088911014        792.96126419034920        84.644002755894576     
   317.29214223346787        793.26335286310223        85.663371273210089     
   305.25531791139116        802.01060008233253        100.43704685815723     
   422.57338369878738        919.45162559619223        181.29013548469553     
   335.62000491192617        756.23208519187529        81.762218745654209     
   334.15748208012764        756.74934809448678        99.471166966707003     
   382.77717573593350        717.35953193782996        124.90925860194972     
   325.99945727122144        851.46469729382920       -520.60858001423617     
   349.79604662326710        898.33450532605355       -604.09710079984325     
   294.60201110041623        944.32822524696974       -1001.4344836867863     
   310.10272320348969        929.97680033769007       -970.13067374230468     
   231.81461608134410        865.28654422960290       -740.74677865347257     
   307.21963259856182        997.51648983159885       -217.75542020358830     
   152.04191960481015        867.04648336390915       -139.54966943871594     
   326.27518838819162        986.07131148132726       -294.33000713572739     
   354.52719233114050        951.88936981045993       -347.38580104538551     
   286.98076738813688        1134.4168504471559        1424.7417125853563     
   280.50682435913410        1146.7785953391897        1362.3407503934538     
   242.50885213935283        1187.0429239072616        937.23104236827123     
   330.99943475099246        1281.4734862802213       -1137.7725516715429     
   369.69111462533186        1379.2376805626388       -1248.9708368726083     
   268.52988188657048        1247.8409991991903       -291.00454827673673     
   204.24575954966886        1329.6585815558540       -1007.8940430166540     
   143.24853032422112        1363.5317393104744       -887.88693726910083     
   111.88269124830360        1397.1119177712294       -1134.8276140324053     
   94.222790030078983        1428.5230495241037       -1382.1338727537877     
   19.455791868319494        1467.3875942529123       -1490.5092255049146     
   49.828916441731096        1548.7000037756716       -929.38428647837793     
  -66.540526163842316        1390.3893463621068        382.97188529330600     
  -68.604603473547229        1393.7880256599626        343.21591132257760     
  -178.84194975742861        1463.9615501429178       -53.464886853678259     
  -292.45611213764880        1559.7617511148728       -909.82472976881718     
  -81.252873001343488        1705.1229717310632        810.41660892559412     
   134.65592902708659        1613.3721669778956        969.22518080116697     
   250.56261210089650        1545.0257152921747        1118.6976744637680     
   86.446786915554782        1397.9680199107497       -1047.3947955790084     
   49.673982349094842        1445.3154799607273       -1430.7738312600522     
   87.732188489699226        1525.5709173498731       -998.79000696857236     
  -113.52289856670153        1410.8341620459971        492.15146717696848     
   87.385770804245524        1575.1134584528672       -129.83828366407809     
   111.32946985091013        1538.7305269002536       -580.31298418359927     
   147.69989182711490        1499.1822815015933       -817.57681756473619     
   136.18855303576137        1518.0090151864729       -664.71042597806820     
   171.93274358378346        1484.4385537954247       -767.86448423968852     
   27.246395076595576        1345.6948183522384        292.75026609767497     
   161.58646388271606        1520.3816642206532       -344.19074300302600     
   189.76076485606811        1492.1321241072569       -468.45394523083593     
   215.87853459411909        1465.6593196183603       -619.69482744477284     
   233.50369371058360        1441.7332481688341       -859.97860900278295     
   319.03300209562337        1377.0476224533654       -1541.6086129451496     
   245.30272524778854        1308.0201021951764       -1147.4609438132095     
   178.67042531445358        1350.3152706579519       -995.58498411931828     
   167.84525724922338        1361.6078560083108       -1028.8435075861851     
   180.51880996375067        1334.4868081473048       -834.05817726931218     
   124.64540119485321        1370.5993138901940       -864.65977774949044     
   227.80840623083589        1495.4537559103553        7.1024500253144538     
   95.527091436872610        1281.4987510976766        801.76809906897643     
   59.190930746288352        1315.1955511433932        580.07092665890150     
   147.12968075773324        1516.0101390811587       -578.17025239636155     
   313.77355320029733        1449.1167165332040       -326.88253395613907     
   485.65309103129778        1332.7470681939878       -247.46013663097079     
   297.87257890747321        1220.7239997454365        157.18451276983296     
   480.71793390254646        1365.0481446300446        108.11069858219508     
   285.31467861557792        1238.6990455671707       -181.59890359859810     
   114.40530534745093        1350.0716475040845       -480.98827579574191     
   381.15437962347835        1469.7111689808598        409.82790374084863     
   518.81959366046681        1364.6399106305828        571.80790119586152     
   540.19645148280074        1337.7747251210615        161.29482328099010     
   419.28512233183909        1179.7954705107989       -185.73736582468882     
   440.79887898641113        1163.3801421682476       -376.72828009507020     
   572.75381543250785        1338.3377111683612        194.99228348106982     
   341.52437535413179        1183.7182568515909        661.08597949067473     
   308.37961873115779        1224.1894310479399        46.328964617898848     
   430.74680368747551        1376.9546124326528       -533.75503056930961     
   305.49296016874632        1186.8383482322170        798.22036484336923     
   429.81894148605124        1311.2118288377499       -906.11581377140146     
   393.91172979915791        1336.3690499105826       -1240.5067846781751     
   328.25009160346059        1261.9929681905016       -792.74885256607013     
   464.14260494452617        1381.6466431702245        36.578193628416997     
   336.40548025333555        1142.2215062494824        1167.4365774476573     
   306.78708048674883        1156.7992946794659        1216.6116575156855     
   386.75967675838194        1242.5762142012729       -555.16060125963565     
   350.94972449523237        1293.2916171216243       -1278.1642394248875     
   366.70204571853628        1329.1587515020426       -1470.5863943578483     
   333.34442840006221        1263.4680552488271       -826.16458652155552     
   459.71923238401985        1377.7137515036743       -74.655901150370681     
   333.66587158423482        1144.5811992610656        1172.8356320226101     
   337.94875310312369        1140.1660817073002        1167.5552801166843     
   435.43702991037719        1207.6624283823826       -633.18643849464024     
   543.09869590099970        1339.0075985429144        197.21103497160206     
   623.40785541137689        1221.0348964773291       -1285.3783964315392     
   518.86849163832608        1444.3193596173865        1375.1414098652665     
   433.03242659991793        1311.1299848705448       -880.03288867024969     
   376.62210936872486        1233.6386282249609       -384.76830533635234     
   324.81540900441428        1294.1404393673083       -1325.9530930589240     
   269.03362617256994        1373.9653080447788       -1556.3037570529391     
   357.83284595986720        1337.5753142896738       -1543.9212301152788     
   325.02726182026919        1298.1322460340195       -1378.5432033353200     
   298.20211393521470        1375.8417299799369       -1576.8794433902076     
   401.11486010963745        1329.4812683505224       -1170.3648012079989     
   342.29838605567397        1432.5591672559872       -564.59016988892040     
   384.12545906832963        1358.9367223382294       -1271.4377134128470     
   353.01627123465403        1393.5479420725376       -1199.4436945486113     
   239.65185956549914        1274.4551191966007       -584.77295135288421     
   328.18246058580849        1523.6991039261561        1347.1194248017084     
   388.31149969216290        1448.8343806443538        25.443148724470745     
   419.48986472510114        1395.9895899133878       -496.65528262196676     
   244.20462674144429        1271.3836898074619       -570.81021762262890     
   653.22308831423197        1389.2249311893981        1120.1018975245272     
   592.81841119483261        1326.2341400202076       -168.57097804607753     
   440.78344333848241        1181.5504192979440       -530.17329157882864     
   574.95900126142374        1315.4608692855982       -419.89378197941414     
   454.37690370909957        1177.6760101412269       -707.47441316980667     
   486.26133369191115        1150.5269094001105       -790.23335501592749     
   632.18091583177454        1286.7913537618854       -911.17671911687603     
   703.72504781385874        1243.6824530075673        157.00082553113390     
   701.26114376654891        1244.5397502164262        118.22553438498676     
   643.59562289460234        1281.8916367508552       -836.45090333559540     
   677.84306394011321        1264.7800420452897       -306.60101933622866     
   567.84703141588432        1371.5176308053688        1020.2880899652945     
   440.93621326541631        1227.2309768759555       -799.22466352181902     
   537.68929973799561        1286.8698355480069       -994.13298607566924     
   727.95431684853554        1154.9479283974820       -1306.2875214612284     
   880.51578787408585        908.14428369615996       -300.83876898323183     
   1252.8650035519718        499.05632592525285       -1413.8440208813943     
   1193.9168673519191        441.32762377001399       -1670.0094567066722     
   1231.0613007158315        410.12905007663767       -985.20799405057778     
   860.89061708000804        591.04001945493292       -1215.0388891802268     
   655.93647633311787        877.07196201819340        1085.5366850646963     
   774.87906054556277        578.66778923642903        15.193303532760780     
   800.62140048373021        596.49024893322564       -475.88521774805270     
   903.57054528328558        747.22169076631053        1311.9607695321556     
   830.68019378429813        680.48845776431779        59.325983361041153     
   1000.3918525178310        741.32022982878550       -144.05847217918745     
   961.84226901550687        688.37375581015203       -359.17399212028317     
   638.31938882109648        866.68687306043580        975.49645675917304     
   591.58723216983333        787.74477655648593       -738.71996066051258     
   734.44744244718834        418.14661953142667        728.05079880758774     
   504.65476233372470        534.64140177187664        24.783871246879869     
   384.95991953028164        440.59983336939376       -145.50403803423919     
   391.24396604158073        443.92665764337153       -222.87765893447406     
   565.13751463441019        285.12900551913134       -131.77570753195903     
   250.26670790957962        453.93738374362476        86.764472511311070     
   325.98189037373498        683.44047674203694        419.17137287684295     
   292.53218859976568        697.92183140708289        551.63628185318726     
   301.87797554273709        711.35563500717444        545.52389039727086     
   366.22781846060008        652.98205150771423        895.12748109488916     
   274.29924506990307        735.33526239268872        837.71523283424744     
   317.81931189126567        628.80240911548287        368.53085082664654     
   253.75775872208456        692.89833810945458        694.88873090737036     
   228.04852225403889        654.50272970583012        143.48656451314221     
   298.53058692810748        561.79938883597526       -129.24919347006943     
   301.61095583170635        560.07202396957314       -115.79273018740764     
   231.75033966252209        489.36974453635850        16.224741872763190     
   146.66968746062673        542.90988875831761       -461.40140810070034     
   246.50622732988450        619.54671923297735       -359.21787830182336     
   135.14365765042228        533.01241161232031       -285.45921077423236     
   237.54631687826168        626.55659111095929       -297.43179190338378     
   295.53042388501694        562.05773210013683       -152.43976642041895     
   226.77083616984851        493.93074448101618       -29.149296653541057     
   262.33860864633323        580.46652565803038       -486.02967201408700     
   210.48989460408910        624.80703163346641       -364.07833738190556     
   267.79222429932366        546.84389472395674       -381.10577624536847     
   231.74624510346268        427.62472083860399        322.53969010486924     
   300.68584584843825        357.78301035511981        615.82619584830513     
   464.44742293329796        261.06938982574707        321.07850220362974     
   775.33408722932052        85.450404391960006       -74.642082011882124     
   1033.3300548179991       -56.577043834397813       -800.02595895589820     
   1204.3031719599107       -148.78794546051660        1166.6885775620872     
   1212.2744924185274       -138.27563671045195        1153.1763454144698     
   1205.1311712079053       -124.17204292917611        1082.4340933159958     
   1125.3941458593329       -73.214589480035158       -680.01541221965283     
   997.99103922014569        88.139414384915995        882.75902989183317     
   912.21086958557430        197.97634971192184       -825.13422043312369     
   1046.6448752401407        34.523949935618248        400.28376525941792     
   1244.4917617729209       -117.76667159660462        1162.0807214767592     
   1276.5818176164057       -141.72884402998065        698.79461516409629     
   1402.0928181990155       -328.05777190050117        538.92186071644744     
   1410.6856520695494       -319.45650213976842        512.51471939052726     
   1413.6363259225930       -315.80267843554714        483.48426578345629     
   1456.7128170811961       -277.12134575234484        258.06386547312127     
   1030.6141653279660       -126.78786233970914       -901.10441195651765     
   934.03318485660714       -78.648795766415645        340.49538190464011     
   1075.1043707096155       -237.42717334947889        873.06040898679510     
   1029.0702746294078       -279.92592045792242        642.46982028734465     
   1064.5178356858464       -252.55785784913331        795.37631320693743     
   995.59306188090341       -190.76962277545633       -721.20292541078265     
   898.09037025265582       -90.717524290577032        638.84605421070728     
   1007.7451042070254       -206.25459100655999       -433.72807768576234     
   839.25279507574987       -104.64799185414495        844.89371762781911     
   855.63315797202620       -118.47279640390403        706.56019395686599     
   955.08626364449867       -201.00443784546400       -1024.6593116771242     
   918.60339848160527       -181.64092777315057       -890.64790242304309     
   1027.9704521120491       -268.96643187009306        517.25321613656354     
   1060.0462934690111       -248.22771432111361        734.28490927793166     
   1030.1545317570135       -266.73966767341579        517.56151211091435     
   890.64092422450767       -174.44437627208310       -528.98271261665832     
   1026.1917244760095       -332.89546521393851        1191.1595813050658     
   1081.2806543519582       -268.35986854277905        896.59345870020707     
   1081.5761277402919       -268.69236636006889        896.27704778624388     
   1051.4563327293499       -317.49342066222772        952.03813481529278     
   1066.5507798242522       -336.49408659012619        845.65542578840382     
   1138.1357274628247       -384.98409826143103       -587.51980512528644     
   1239.6279935687808       -433.70524484969332       -443.53865235402350     
   912.50976603841173       -276.73099455268425       -488.60330916290752     
   959.15051371953655       -224.26139290408068       -894.78870101475150     
   788.23204300171244       -164.03370041334580        670.80684791281772     
   810.54116907188654       -211.82811117231515        182.14512854515365     
   842.51537519183432       -186.59774785392455       -57.759917948816849     
   956.73055633766796       -398.16401535737418        618.87594222659095     
   1010.4935810749867       -422.93813025148091        102.79001420403591     
   1176.5013730599210       -568.32881064098626        912.65668557618858     
   996.56204388321487       -388.21706481022579        886.94855495074546     
   1090.2277852250431       -484.32114189083001       -1429.0501518680351     
   1174.4290928452858       -359.21027601289745       -1128.0763822734275     
   1299.0909648718095       -422.72632238227720       -170.88974304703882     
   1349.5164821028861       -369.34362099382508        39.575889319702981     
   1303.7696894844378       -398.34219841805742       -555.43712361710050     
   1279.7240607124957       -428.06663549367835       -253.39542208287162     
   993.94970210909571       -252.17881602235053       -130.79367910360139     
   817.26337236993675       -116.01147587364338        786.79191268862951     
   805.53721218654061       -97.983069803029153        669.58207833536630     
   706.71490855213051       -32.856138599344234       -658.96484135819117     
   689.07989508514208       -41.085447415046559       -580.81911480698773     
   711.56681646139100       0.25497138813258857       -470.28169024295966     
   672.12432781231519       -19.755255276113107       -179.62638090947996     
   824.72728750557974       -141.49698763853465        653.40004728034955     
   804.06788317165308       -162.13244135422252        607.19856873326921     
   786.15061873046409       -173.72229554950016        660.49075844884896     
   774.64022233661262       -176.93237608102487        711.30708050731403     
   793.66009486483438       -206.26300772173354        458.71416617590086     
   824.41905958647953       -181.76963900438733        245.48190272143805     
   757.81657768201217       -209.49526717804378        804.57584844328903     
   806.06538103837090       -249.77793152359769       -70.887466358456209     
   821.23706768697002       -232.47520771223623       -132.77880909145676     
   874.90041086782503       -157.61539270028874       -56.959873189899824     
   842.73525794034276       -186.38886340380176       -58.331110627701179     
   1003.9350621192018       -312.71467698191577        970.84440179091780     
   845.46183231512703       -220.31140511059994       -421.76574016935666     
   905.43370343397237       -117.40107063663341        205.46960890690951     
   1061.8749894007699       -265.65924055808432        797.72811251325243     
   1027.0589410317264       -361.77613879459761        1214.5053209059461     
   1080.8093714854301       -437.58961826193905       -787.67648932955649     
   920.42785431945094       -562.18830476748212        292.01970866890247     
   1052.4652754305650       -466.87361965372224       -980.99405505545519     
   1130.0317561018137       -498.67125940582093       -1415.7113909126053     
   1072.8547627668590       -409.25705542955603        17.673629363575373     
   1233.6366715362033       -591.10483950064327        1621.2090519048011     
   1481.6548607571926       -444.83392071635353        743.26568435292324     
   1846.3363254356232       -591.77149604236081        2116.8379632160450     
   1953.0829064613831       -660.54458485461396       -630.45762284766147     
   2314.4181083385606       -869.66073942914420        751.79665616989905     
   1973.0037102553667       -1046.9497153829172        1272.2833553089849     
   901.37283600776391       -1931.9151391920318       -202.23439307990583     
   450.70081751860505       -1774.8252920232958        1313.8015778690012     
   360.36853646971838       -1696.4665601909326        704.10685449426501     
   456.01654817336481       -1450.2129816021929        729.37184151152724     
   605.14442336917364       -1546.7859813756968       -638.04646166699467     
   494.47813669935670       -1790.6470753060930        1543.2054602334504     
   548.73410129534739       -1683.3617851833583       -1369.8429077529474     
   630.52602984357304       -1553.3609464855972       -424.77991328841358     
   693.69177439568250       -1595.3828431735192       -7.4296112806951271     
   499.25915725082370       -1756.6575067957449        774.27152838029360     
   650.79034193671532       -1597.4947066093162       -799.02590657134488     
   370.22109298613503       -1702.2887990983827        677.43890328089833     
   342.32584472250727       -1676.3509301933605        622.68183220122523     
   491.55211352916768       -1518.3679488073622       -797.05159233690881     
   661.25126251106667       -1634.1987336287850       -1042.4446464914481     
   538.92180899101277       -1742.9474727966369        198.99795997989918     
   501.26856707776665       -1658.7052658121943       -1622.2681404086841     
   686.27086201419866       -1552.3527716075557        467.89158985668450     
   648.80037981033399       -1503.4562705953106        537.40134884881786     
   683.73280688113550       -1527.7795603361021        686.41403722964321     
   736.31811042269089       -1546.7893607834608        1311.1694611844050     
   633.86804992871771       -1653.0769051435514       -1437.5483906437476     
   588.80833821338967       -1695.5518842081419       -1188.1395021848812     
   538.40200373458094       -1600.9354621522671       -2020.0148774171316     
   555.80984383885641       -1616.8956529184982       -2016.5608284401014     
   529.91462127671434       -1691.4997181780614       -1120.1611062806221     
   661.77461296401282       -1540.3801373744293        239.43444877203154     
   519.10770409125087       -1695.0969980414031       -976.35499166996760     
   468.63611744528544       -1615.9973000255857       -1871.3469912133448     
   532.47599527417321       -1545.9795180385111       -1259.1530544309981     
   569.31147233483921       -1609.0807427282907       -1911.7768327256474     
   510.54113510386816       -1684.4424703438369       -1173.9602051734901     
   403.16458593584412       -1594.4973498862096       -1386.2040022339727     
   510.88934557158814       -1533.9131504047978       -1092.5398996341351     
   406.70731594255193       -1685.6378612065337       -81.991915816463916     
   666.64272203218866       -1544.5732215726362        255.04265218334285     
   646.09108523312909       -1519.9822727472526        314.68459976246322     
   666.86839605538705       -1538.6495521270540        336.58587435828684     
   561.53753871192293       -1774.6174994693461        944.24106548111706     
   345.33343613625220       -1654.7930698899877        221.46030838372724     
   355.61861103937343       -1668.9859309564347        317.57882769097887     
   302.47391912406050       -1631.6836218752906        410.98210824472619     
   470.37793096781684       -1478.3901645428020        130.45994769114850     
   104.26162635996479       -1623.6963584432149        1553.7127573865323     
   131.72260790357893       -1582.3387002905604        908.84281713820781     
   3.3026988761378391       -1506.9465398181908        683.44517009722597     
  -21.640544217376977       -1475.6887383407316        337.97682061276879     
  -65.923819285915584       -1427.3300807176743       -210.52724142414172     
   154.53185516008654       -1310.8134237701963        146.17193252137963     
   193.60060008074515       -1364.5890316609534       -670.12129555791205     
   69.825737470063061       -1501.1129492823998       -106.97439247795921     
   59.950550093454346       -1486.3341459430783       -277.15025822015718     
  -5.6603176747471693       -1434.8757227679489       -552.14329386991074     
  -42.316209201384339       -1394.1386233397686       -919.01189570645761     
  -46.551495226818503       -1385.8583742271503       -998.75754214836138     
   32.404835944895538       -1289.9352239944265       -530.19687866656386     
  -186.71571401950905       -1395.3438934069015        445.83985110784545     
  -46.081818006789348       -1262.7560272676230       -708.99099300623936     
  -118.02695192242243       -1398.1269858098415       -260.76312376302587     
  -24.299219361955494       -1217.4686352235237        211.76223562520698     
  -134.82984643129302       -1350.5984441465391       -762.68135552863282     
   31.061655281241229       -1269.6025090863318       -202.06791472202261     
  -105.91585780785630       -1408.3519067778900       -206.06668646466642     
  -186.20474107834389       -1353.4803929261334       -206.39406847119403     
  -63.999023049995742       -1213.6971780263918       -12.955564923380734     
  -7.4619985189009626       -1266.6655821400639       -498.76202402071220     
  -133.21783779259923       -1392.6066275354044       -195.11158641125945     
  -7.1361847061090486       -1251.4875276394896       -239.11617739325581     
   76.794412514671194       -1309.9396793688336       -464.97137975553676     
  -59.336128407998388       -1440.4682058657436       -19.367079529219289     
  -204.95094724201101       -1365.3557344368894        183.40313681827516     
  -206.28971012231563       -1363.3806342767789        165.42761075648681     
  -208.04182554957205       -1360.7693477909941        140.90871426065738     
  -192.46934909787043       -1395.3745901398427        511.98532931000256     
  -178.74095669168304       -1418.7574287576783        691.36269501492950     
  -209.70073956437594       -1393.4412057148072        676.66795188897629     
  -385.27015055813740       -1336.9060665465997        554.56285893645543     
  -388.83773063187294       -1324.7753946607286        404.89068939174507     
  -441.32190153732728       -1280.6310950848374        576.67226815046365     
  -325.23684350739848       -1168.4340869670159       -1054.4612924473638     
  -438.78124272158982       -1217.8793522074616       -58.106708789088430     
  -331.03787278342759       -1100.3128511780767       -39.209031339373155     
  -406.93044518530382       -1219.6505311536223       -434.43223554946587     
  -360.33797503885881       -1294.7600205165359       -249.08277797977348     
  -264.18047093682230       -1157.7678088063574       -906.23130183038131     
  -207.57543400620972       -1218.1275937705816       -1144.2026379363488     
  -224.96066724120058       -1195.0863548725795       -1125.0225203661619     
  -349.06650637049376       -1256.1487446019523       -884.28528172148583     
  -261.61255116459495       -1138.4878658760340       -561.84749911656274     
  -169.64718750184363       -1216.7442010841353       -853.18363085208966     
  -183.82741475582711       -1191.5077807645237       -726.34252606430550     
  -343.05509059529567       -1274.2090456477169       -702.95711194038063     
  -399.88094938364623       -1229.4293179723059       -468.09866080123214     
  -350.93527014683946       -1302.4421705616342       -181.12490629052635     
  -229.34354715724049       -1182.3181642627508       -1034.5570110639574     
  -225.22601109504399       -1187.7292286633794       -1059.6395339365538     
  -365.18395753316383       -1257.4626143167079       -705.68280341225727     
  -241.35892243410467       -1161.4416741160437       -847.81941918075734     
  -200.74821929210250       -1203.5691512431727       -999.16800872701231     
  -326.47695826423990       -1265.3957476292030       -941.05984952383778     
  -266.75225816700129       -1125.8594375327393       -336.02896137428002     
  -68.086040911443462       -1218.1798032173376       -118.85013494107602     
  -53.347288148968289       -1243.1701974746190       -442.19453850074513     
  -155.98307856001401       -1366.7817391246401       -338.64157439315466     
  -209.38515065981321       -1330.9783755318615       -335.22291942366195     
  -274.99433266755381       -1281.8861136935241       -866.28174765979259     
  -483.26733626841792       -1202.4031820024086       -21.558919028920002     
  -332.85266443900599       -1092.0228915807547        75.922594772692548     
  -456.56612698405479       -1191.4816562099506       -285.11079274010234     
  -371.41154492823330       -1095.4821182976989       -280.76537543406232     
  -456.42881436975830       -1200.1306952456737       -150.69998005346127     
  -356.35014683763387       -1096.6095128177128       -155.01670039561770     
  -440.86885820531478       -1205.9669648809240       -175.53642618546411     
  -433.91221689710392       -1217.8370577927271       -113.00960348499552     
  -323.67004504083764       -1110.7083526994495       -178.87818812210196     
  -286.17871694043703       -1170.6739574397277       -1142.3167749514128     
  -371.95637474825037       -1237.7221732141534       -791.56125075145087     
  -346.18156138659589       -1261.0893292674364       -853.58219046073543     
  -338.27863673601422       -1274.6023622535811       -731.45329019923406     
  -273.47277481356105       -1113.4714012917893       -106.86789882518676     
  -173.56870391680121       -1202.2973583433611       -745.97107659083804     
  -173.95299082136205       -1201.8519125226846       -744.79837005789000     
  -160.97494955196061       -1213.4698096067727       -752.57924986147464     
  -169.41129298877854       -1200.0395987122461       -682.77176696412732     
  -163.58940092798764       -1206.2011164456878       -697.67127210122214     
  -138.01506966055160       -1226.1718516737178       -718.82564521998654     
  -42.149119097635278       -1267.7653963564937       -760.25717738789285     
   21.613467205680251       -1317.7171052929923       -1003.1822576380342     
   56.867696641092927       -1347.4925174473469       -1120.9541853027933     
   93.638743901846738       -1377.3947687227951       -1273.9523147294492     
   24.339132862419760       -1420.1521621084250       -984.72927973219748     
   94.520097497626736       -1312.5789010604353       -361.20143341453326     
  -11.433370395656468       -1461.5234071662385       -21.175161128626918     
   134.19833454467386       -1326.5679176456485       -319.39588629878693     
   147.96334282629707       -1353.8643397360336       -751.98019681910148     
   322.05516693193994       -1430.8960106263912       -410.50760803556545     
   319.09183055329476       -1427.3017266363036       -395.03948784226299     
   315.98800813417347       -1423.5493547696262       -379.08787485048725     
   202.57435164539828       -1600.7910277154958        800.61585806278754     
   367.63994483266049       -1472.8749754870901       -535.48059082879809     
   269.06673416393346       -1618.2631863771928        557.73640922899449     
   227.87211366425032       -1577.1810074549735        100.82932180968912     
   541.75292718265553       -1455.9930562873483        932.02568292568060     
   586.93358834715855       -1543.6299351403868       -777.11129072049039     
   721.14176564475872       -1618.4564644378077        121.40222408762190     
   438.91658513761007       -1735.7505651566184        629.28663213161190     
   358.07325348417891       -1663.9021002496579        194.53811259023371     
   482.31732543383561       -1463.4344388503316        576.14007660927598     
   549.97131480860810       -1551.2948426952746       -1262.0581029773114     
   617.08493899622999       -1618.2531613276535       -1510.6362855112393     
   521.25185958334168       -1708.1526217344749       -658.54596442569232     
   637.50038589259975       -1536.2086318654926       -34.627750472595380     
   641.75222444441783       -1541.2223491706038       -59.203082846885877     
   786.78857603928395       -1595.4220967698927        1571.3023725555556     
   789.69422510701042       -1598.6616321251233        1557.8712011998221     
   764.57769288247687       -1547.1093758861052        1695.3992689814490     
   710.18018870435924       -1483.1393424838268        920.64177354057097     
   746.51057056828245       -1454.1394113676927        456.63968586845107     
   592.16909666897368       -1350.7434485476210        671.99760600157742     
   725.82596024541715       -1197.5370387702858        687.53943187145046     
   1002.7115516113595       -1318.1482222663503        1175.3046140308231     
   949.89556316803942       -1253.8306193774547        534.00898338002571     
   884.95877129480732       -1217.1769462825712        263.32378767565774     
   820.07074081525002       -1250.8664741952273       -573.28667007236356     
   598.89061417669473       -1393.3557124385770        1014.0450722437860     
   698.31362058824277       -1308.0550428398401       -1378.1389503223329     
   745.96681035737470       -1271.1358824020558       -1251.9631433310331     
   855.19523791911411       -1384.2256165828046       -1524.6810028295563     
   712.49478800222948       -1298.2837281981413       -1480.4299547380392     
   823.93068986223375       -1353.8873081106742       -1980.0974589631915     
   776.96898785547376       -1310.8514182322115       -1944.0676855457996     
   818.62265230702315       -1366.4222408965622       -1884.7158846395546     
   705.16340257089803       -1306.5481587927518       -1450.6656831289715     
   746.24740999290702       -1252.3217341344621       -798.05063968196100     
   598.66933673214169       -1381.6763092177512        927.72500541766226     
   638.50753309956451       -1439.8423142519955        793.36181782397568     
   660.04085127872963       -1464.3352814918164        757.39653025087239     
   659.27431332102958       -1463.3347172434162        756.74012726624994     
   690.01331331969482       -1454.3479474893218        630.38198900559189     
   794.44786003543993       -1391.3913668972384       -1413.1296347334924     
   867.32697865755199       -1243.0905575584295       -124.73591170304474     
   943.91043112082662       -1304.2403897926331        118.31620086642383     
   942.33264796359049       -1303.3305121710937        96.658185986373326     
   886.17640662060239       -1228.6517144410266        168.55747537087461     
   778.72658809603422       -1283.8602759853252       -1535.1599887133541     
   718.64470553703609       -1390.4615917129065       -771.68827180594565     
   699.80021517127784       -1367.6620567139946       -914.24595001964599     
   698.07303860647789       -1365.9381065477171       -914.32111637845617     
   890.01101343664538       -1242.9229623269937        31.480199493358896     
   901.22814041335982       -1257.2204104955590       -39.035649288545756     
   988.72558027551941       -1293.4723647131325        1087.8710698279872     
   895.16468406792205       -1548.9961743969218        2170.8410851698845     
   883.21595779112897       -1536.7486465699826        2102.6644146720096     
   811.10176678931009       -1488.5825407625969        1274.4993228186879     
   662.08351831194477       -1367.8189331847025       -285.49802618294763     
   682.42211978624812       -1390.5515258277590       -260.15164322464852     
   890.05664187476327       -1265.7139971904969       -290.28979933240294     
   948.12144753295001       -1302.9944560203514        218.75939980421128     
   872.32669923911374       -1122.3127555128262        29.109664533219188     
   1025.5854808093466       -970.26574676518931        744.50583855916000     
   1104.0976790466505       -1153.6949429785652       -1222.1510023809622     
   1096.8502020527433       -1161.1046090971379       -1199.6289246202286     
   868.52383460106239       -1068.0429818035818       -379.22260880456224     
   921.95752856084005       -1120.3440334363677       -989.18949209558696     
   946.72205377735747       -1141.8770902581953       -1103.2038686973399     
   1145.4078779908266       -1008.1921940574059       -349.28565277387338     
   1211.6893767346378       -857.53598628120244       -212.04341581260201     
   1195.8403750595521       -876.91982243094992       -642.20557935159331     
   967.53582653696412       -1038.0303439374334       -763.37833918000092     
   1252.6607984409570       -1184.5360219400588        569.17945765915601     
   1010.8659990124522       -1320.4564563841720        1305.9116237865301     
   820.19079653363269       -1415.5547064866514       -877.21712790695085     
   447.83965791816962       -1286.9089082402033        656.07322822029255     
   386.34771891635160       -1198.3231297975926       -898.85385482728611     
   470.10170009417470       -1031.0861388593294        576.43205182987526     
   537.20355617777591       -1109.3871876508681       -295.89935303579858     
   322.63863896218487       -1204.6850236119833       -53.713740788234844     
   336.17279903462259       -1225.5537317274982        112.55155370289219     
   344.24188977771314       -1239.4765838704056        256.40439269280625     
   280.97688525765125       -1193.9033417024132        323.06738208896957     
   375.03713004406194       -1017.9495970229184        590.39626248828881     
   411.78133274956542       -1067.3357889991507       -325.57731873638858     
   435.46324853136878       -1134.3866393886760       -1441.8346584077831     
   355.73337346501893       -1177.9898900587018       -853.95923633667644     
   349.41934160162202       -1172.0622396994156       -849.26522931538091     
   450.83322094124742       -1055.2403818344778        77.838828013168268     
   367.10063427466389       -1181.1868902475628       -942.85279951020743     
   373.26440319345147       -1189.1616833395897       -903.59097031995157     
   464.40218214966421       -1040.1511895246301        417.45992231252274     
   417.73820221398631       -1139.3951093258888       -1467.6164895056561     
   390.27222229355181       -1158.3421919656316       -1351.8737697050844     
   381.08529962645997       -1154.1572252354267       -1299.5165307610723     
   403.45408971559618       -1180.7404132300142       -1281.5340802861056     
   497.59510920154861       -1102.2082457002830       -622.52213521320937     
   673.13454582535485       -1169.3955637829849        941.30822635540062     
   695.07561501902796       -1195.8602667353803        561.60936159987659     
   584.72681747909337       -1359.2679527564403        894.64252012025827     
   682.49511611080311       -1164.3661880934444        1133.3835322855157     
   762.29876875754769       -1217.7177454887658        216.27668130476263     
   527.75033036201842       -1358.9044310938430        1540.8920550218302     
   598.32503143521103       -1264.4497607870367       -505.56087356809235     
   647.99747536718246       -1206.9758620885148       -47.572998083863581     
   689.66398903154698       -1249.7405678487935       -703.38467596777912     
   617.82698238990884       -1331.4703780925242       -10.845579317844937     
   750.96012487862265       -1182.0288923242795        1138.9285073848264     
   669.09971738555123       -1292.6123438789850       -1025.6551886738941     
   733.00109616371719       -1325.9703580954310       -1757.6192742084754     
   783.26251685682826       -1256.1455775176989       -854.48847139407371     
   631.38433189291288       -1395.1055209510446        576.34430591057298     
   648.82564106648670       -1411.6098018106729        508.85558914267750     
   772.71753081409963       -1319.9410142077797       -2002.3382683402742     
   769.13121252929966       -1324.9983673533604       -2009.6580528550005     
   763.26987060918157       -1327.9029846959127       -1987.3218565787765     
   795.93956655054717       -1342.7534772353370       -2069.5594315606713     
   786.64282697510998       -1331.8645802691967       -2070.7820408132511     
   797.11555879244361       -1346.3898268761300       -2056.2317338631992     
   811.63004738675488       -1317.3820611525491       -1957.7965332775141     
   773.84401178621943       -1411.6321767450015       -797.19200926439999     
   677.55092792624259       -1315.6495121092614       -1101.1048294682050     
   759.66902826143371       -1219.8245175319989        150.54438092856799     
   858.40937607903675       -1345.8332609466042       -1755.8138199882974     
   798.88425733528379       -1381.3565979465316       -1636.8906581606991     
   867.19668118980917       -1270.5820133705074       -650.19259571162956     
   708.54347737562159       -1408.1811244937001       -284.42356893557627     
   868.73269428640629       -1265.6411132539529       -536.48650266643608     
   748.37074559111193       -1420.6891281409037       -380.57033210097075     
   967.32070166781182       -1279.5273472026881        759.87774322081509     
   873.41466603423794       -1361.4598396053771       -1582.0903919248867     
   847.72773503965163       -1375.9495603374089       -1674.1931930827498     
   777.09050622681161       -1290.0063519868454       -1654.0019459698747     
   712.26701369270302       -1375.8868952705382       -962.02538078195880     
   843.22474763174273       -1210.9681722746302        380.56406272181403     
   690.62433574582042       -1284.3392377689595       -1186.1847573793950     
   789.39567768629615       -1346.6751178199916       -2043.2707673090881     
   820.34798486477598       -1308.9900659807979       -1815.3023626906679     
   829.60879311255621       -1323.7846689810265       -1910.6243755571186     
   778.07841132972339       -1427.9586498813246       -367.35699410226391     
   582.87142596712772       -1309.5443843289079        181.47801213859270     
   699.54261456585004       -1164.4319489356315        1284.2979307406156     
   896.97746180899321       -1235.7602771302254        149.85325715198508     
   829.54485604246122       -1298.6622664254185       -1589.8531694364187     
   733.68297011748723       -1429.7541990745058       -49.391701814335761     
   864.75174313183436       -1285.3228253781558       -966.46401195417832     
   845.89683139757221       -1243.9869088174912       -269.55501521177450     
   942.82962862225759       -1325.0890753193703       -160.16243487817323     
   873.57980504566990       -1185.1236300313856        442.94055206244411     
   915.86886658406615       -1074.7749140998944       -1074.4911501297652     
   947.10764629136133       -1053.4770961568711       -1098.2014391600953     
   929.23238555369824       -1093.4294125372403       -1304.8449332736541     
   991.57656369713868       -1134.4024828094784       -1777.9785943606075     
   1112.3579651454932       -1032.6354996714301       -136.82531166260276     
   1062.0692740162144       -1062.1124866842717       -1072.5689431441945     
   1097.7464476066928       -1105.9626165168368       -1285.9347991863954     
   1043.0418338178717       -1012.6884857410550       -8.4194944654094570     
   719.75200062832801       -1106.9137794336154        1729.7252423763803     
   693.11972878071811       -1068.3670589792573        1134.9770680600254     
   735.45638941522600       -982.51906858344682       -875.40972249866184     
   660.62854236435726       -882.40841490171795       -936.58268536620972     
   753.50117261377181       -970.41214544178683       -826.01309775363836     
   747.78935125400665       -973.09885258940608       -870.11816540836844     
   634.83481973156836       -920.73752034146787       -1450.6338809613012     
   664.13565665086401       -983.09683410653599       -987.42523249151611     
   579.72950203054290       -900.65077890406496       -932.39032065938886     
   646.76239047813101       -967.50241458296603       -1204.8374213438833     
   767.44463918870667       -872.38562228560249        67.945960672586466     
   691.73330290042145       -927.47147488294411       -1438.5477912062006     
   708.77490379213839       -937.21663551651375       -1349.0596213144759     
   684.72908195107368       -918.76336810879934       -1415.0606601104264     
   699.40739533308636       -934.19067672156257       -1416.2522945593153     
   681.49668581520393       -916.95205978552008       -1414.9319188142549     
   611.90552845428078       -983.90453784751332       -622.80032205677196     
   564.75050989664544       -938.40846537490586       -642.04686320609505     
   677.77333958544523       -830.53284566479397        274.53282508019396     
   613.57037273791570       -901.92334481066302       -1202.7888092926958     
   618.30571171228644       -891.60682347105535       -1093.1028953063405     
   697.01233919542187       -980.02593412639521       -1075.9095592865679     
   525.23128123207539       -894.14180234211778       -372.55941770245374     
   590.88811157049213       -838.92414349596822        62.995043026593606     
   403.43793779796408       -954.99770608867289        1302.5785882329037     
   387.67692938734336       -944.48194072464082        1256.0834011151337     
   338.90723690986749       -917.24801020575080        919.56348521583516     
   400.50930675554753       -882.12041474855130        277.40488901260488     
   513.08767331355034       -772.04690822986572        548.16279505331408     
   388.95295528044863       -863.01182932673828       -103.74132839649778     
   472.80583714731404       -752.13432149256539        125.05306412411112     
   509.34818016425334       -765.82673133775199        549.41345096171983     
   368.67828227861162       -835.13295563189081       -610.31168222821896     
   244.12076276143426       -762.12733622908866       -397.91354289289592     
   313.40021370699156       -700.53791562302740       -93.654476407972979     
   180.01434084123116       -795.07782456203881        518.36487788085412     
   248.63816462208115       -696.25490728319051       -269.81977505197045     
   349.64799501143494       -733.01841468055477       -640.09790744593647     
   367.85979048356671       -787.83416153397854       -1090.6183587230905     
   369.58254378222250       -785.19506796561518       -1091.1267930527595     
   365.07983447964489       -780.79469236839032       -1091.5277799732153     
   350.94943467100370       -788.48824239340763       -1072.3160189508994     
   368.27574751251490       -752.92587869605779       -891.11434501674717     
   272.32198118139223       -816.30251665778042       -183.33238510956778     
   385.30453143349337       -714.29581138396634       -194.16876408520596     
   561.76374950792319       -788.05556440841747        942.12289469886741     
   485.48905963023310       -917.75308701191716        308.47543844361064     
   675.88939880687894       -835.54403563787025        181.37507278751997     
   519.80588505825335       -923.09186995948858       -94.843527718252886     
   562.49577622648167       -1005.4905923456046        203.40219552548217     
   559.96157815797653       -1002.6300693534629        196.50154284266762     
   553.66959029620068       -996.56014503537597        197.63627738571461     
   548.33419892548943       -992.04695214665514        212.45451234329727     
   654.36639549093002       -907.31975622637003       -1380.6597453462655     
   564.19855570135257       -963.48095204830906       -347.34154019049032     
   689.38000768002098       -837.17527533144812        133.48499832271125     
   505.19178815059587       -913.60956501649378        10.291452720294728     
   523.73241544349696       -936.01237194003465       -20.919271251308629     
   549.99283782633404       -964.61846414301499       -117.42182162275998     
   668.22061928504240       -836.67667349188503        165.57650317629646     
   806.76624094770591       -937.49058144870833        211.39383752658173     
   682.33878139003525       -1104.3181788563663        1576.4422931352956     
   616.66635009575828       -1062.3775126817779        745.01817286301218     
   517.67693317210774       -1002.9490644036345        584.04796606447724     
   549.34263445479689       -1027.3850965935808        428.54416517398317     
   572.46796886340371       -996.35585512872558       -2.9420585068080527     
   587.83541968860800       -1026.8277428004374        296.10194546734124     
   640.18202999882510       -950.67831382224495       -1388.0983837314179     
   631.08527374453843       -939.62773838945975       -1413.3019549235462     
   678.76259907531426       -869.02858929504396       -567.67648391487262     
   808.95036144869903       -959.50617787068882        13.689197268843373     
   702.43065593938411       -1114.6195233312351        1727.8838734896074     
   691.99877738491500       -1127.8492367135409        1653.3818070346326     
   670.46178601031056       -1089.8127049153441        1388.2944309027816     
   544.94521985883785       -1032.6750928542958        446.58577739094801     
   553.96953629702159       -1046.0387419351182        436.37400882006386     
   552.63420619716283       -1044.7944408316609        435.99745915176663     
   550.75800590538358       -1041.9482685982782        437.45707031157440     
   540.75368292662017       -1047.0992159103762        411.79529715798481     
   555.53585224239930       -1061.1943117636558        398.45104921362656     
   550.63514933770580       -1056.0027933460640        398.78513119051411     
   594.04709840807516       -1070.1276576037710        644.78008374577121     
   531.54256293839444       -1046.8139519289643        398.32083329294835     
   487.09891766756988       -1083.7727266252348       -359.99136602411733     
   411.15616749267372       -1227.1573405494946       -566.07599388227004     
   498.00532749458773       -1079.0928698372961       -196.44677120363497     
   398.86935962225562       -1196.4519153741526       -1040.5540069153046     
   522.58403501702185       -1099.9505662736963       -331.75479326055290     
   418.38734633437485       -1230.9692098065193       -532.26424021688149     
   492.14183766386776       -1072.4559943285287       -109.91613952803033     
   344.06591588655010       -1172.7278581926341       -778.08691649989009     
   533.60706332329346       -1101.5459575934894       -228.49745087003458     
   323.39092920520704       -1187.3193291722373       -322.77683101549735     
   331.18630403331247       -1197.1486209188092       -279.06609657515037     
   223.03205030028693       -1153.0539101693096        343.93164611905775     
   232.24835518960901       -1175.9591936443617        616.46737571812878     
   203.09814014509803       -1149.8978112369866        452.55603593049432     
   155.98156511514992       -1105.4411797620824       -64.889901291739307     
   269.81052932659395       -997.32230475144820       -165.40725716841365     
   269.83599628482119       -997.34927758712922       -165.44449913348177     
   155.28240314850535       -1100.6104726587741       -151.26174137465458     
   246.07686861961230       -985.74400670202056       -298.47361007664750     
   148.33026385630498       -1097.6855821946506       -163.96547900526153     
   86.171687824704804       -1040.6404713964266       -634.05825520621579     
   167.88253998037047       -943.56471475284684       -363.40157843151030     
   88.069447511787985       -1049.8328871547294       -525.50746698478326     
   192.62051180914676       -954.51573553176127       -376.26863214133743     
   206.25382325932455       -974.45896911842794       -552.26242759064189     
   93.700781999655064       -1060.5384360320281       -412.80657012351173     
   156.60808608166604       -899.07617700314051        323.62737900190291     
  -12.121228872370864       -976.02398546617076       -700.77799924438614     
   48.697750641258409       -916.79473454713059       -581.69196889908756     
   106.53165216776743       -951.84758130290425       -753.14572366922414     
   41.651662545208197       -1016.3027426857185       -577.50690022551657     
   99.967194299791146       -901.82041149674785       -32.002022635441442     
   107.59303686143902       -916.92963388896771       -235.71015707675033     
   168.44618777883062       -968.24994512819046       -731.10652374798167     
   183.46610141385389       -990.71086571029844       -900.34345390939154     
   205.02945762425261       -1009.4137464326301       -912.56045563166208     
   220.31624270028391       -1019.0065966906596       -864.65980615323679     
   166.54143583221764       -1074.7010845331797       -649.62477179114910     
   141.69840023792472       -1037.1851800694419       -992.59458489753115     
   231.79346886010899       -996.41946338751461       -576.79473921046656     
   135.60466443904897       -1082.5809290055513       -357.31572026641715     
   247.64478250455932       -981.32766269993340       -224.85200466236236     
   175.38802368872666       -1160.0304831022604        803.62038702901316     
   79.838991582888696       -1106.4791343060178        463.99741680758268     
   39.338701695638782       -1067.6101148733585        188.68181597444587     
   26.813312329854725       -1051.0878377170743        42.265656530267776     
   115.61090250067285       -929.92459299953123       -405.59842611957754     
   146.86857587597302       -971.36881571780873       -864.08401001169864     
   263.10928733075588       -1014.7454551346465       -447.86677269570231     
   163.94157739186608       -1100.9770664510850       -194.56491687001278     
   272.18327376441857       -997.46578629690896       -138.80079027003126     
   299.21798305396533       -1016.4007815804698       -78.335136889777345     
   300.49916448211508       -1018.0273398518051       -87.620378748316512     
   288.09637455399667       -995.48149280089729        80.900532095853507     
   162.59311532709000       -1096.2795100803223       -272.66644640001516     
   104.65718541705034       -1040.9118936100076       -766.68031264178535     
   196.25361782051584       -966.63043609493582       -526.89497817697031     
   186.79925647326721       -942.60440587125822       -229.86066409010320     
   330.63892061293268       -1000.6638171353776        503.25524046257971     
   394.87017950159640       -1038.8753126046431        263.01427984450606     
   330.98397645619281       -1176.4877017771510       -569.55905622582679     
   340.19193011085088       -1187.6314278232155       -535.81728683970323     
   284.29719006744699       -1156.4438218435089       -241.43884613742250     
   359.48780810601545       -984.06027207183638        998.99637823125454     
   351.70088378606005       -969.61787341384161        1068.5928237259468     
   361.32846996077581       -976.26449680647261        1089.6778903180293     
   366.60036594932774       -981.63768212695936        1076.6519396765711     
   365.48322819273903       -979.92922858141719        1085.7197217486494     
   249.63539903745300       -1035.2220883426635       -738.69112479286684     
   191.53483227607541       -1086.2857970346990       -572.78777053310353     
   143.67674134030335       -1038.5718692069106       -987.87658700761506     
   109.41252226969212       -1013.6742025448336       -1014.4288282151058     
   145.01338147715441       -977.24947144564783       -931.45271516268031     
   94.521262337732594       -1032.0094566591818       -795.66589435492494     
   88.533464045279175       -1024.4377140171810       -829.41048977772152     
   91.879703507142494       -1029.7176204089478       -801.10359444604944     
   79.726569979477389       -1017.0097240227610       -836.71995532140090     
   189.01862696354280       -970.08206478637567       -627.92074063339442     
   199.26757641368772       -984.70344819865966       -734.22677583858820     
   33.228617107755156       -1045.0103124129223       -109.72317413222962     
   195.20488152898511       -958.32969142085130       -414.56954361006774     
   106.33331951198899       -1059.3473719941687       -531.31425514529928     
   102.62162196104877       -1052.7321989871784       -599.53908124215536     
   62.136330112937294       -1019.1838634718845       -696.44608883686601     
   114.12834771902990       -908.99182126554138       -63.761088785508946     
   36.592952606264603       -1017.5326426063582       -525.04771868377804     
   125.46826793228118       -934.99308732917621       -439.67713809222607     
   147.51009996654577       -970.96112872079539       -857.25811753624271     
   90.387559776289919       -1036.9740085582744       -711.20864190666998     
   154.14147743052683       -936.77683185411229       -326.17092957390679     
   51.524013229330194       -1029.7101686560814       -489.84769488792375     
   123.44220163740141       -919.63989834482527       -193.15233706151469     
   211.90890665609064       -977.71072887297373       -545.18759070519047     
   205.38745767235787       -966.43054294069213       -450.38934401446124     
   74.713329977382898       -1049.2131867730959       -420.85361175574707     
   160.90899030549923       -939.27407219105066       -331.58965082435157     
   34.190223532802975       -1027.1772961680867       -380.06860441471207     
   101.85552798863937       -904.81794367795271       -69.321950765409966     
   263.55294831795976       -965.32533989396586        161.39327786289567     
   269.09943856221247       -970.47490749400072        164.83390037691134     
   201.19307891287315       -1176.1360824047244        877.07007998869472     
   139.95870319368777       -1137.0204858902869        612.40461030948745     
   224.22343039157590       -1038.8972033253929       -905.60856897589019     
   199.50451918689140       -1065.6175131571320       -841.94394264682478     
   243.82679481948247       -1022.6044206588671       -703.41578491334599     
   115.33949302916827       -1066.1009370385802       -493.86939089083648     
   274.96457750920035       -983.07754079958170        79.983164905424914     
   81.756404476649152       -1057.2582445897688       -361.83211114400626     
   156.02718955908151       -926.88200895090552       -146.35004151395162     
   82.190966970310413       -1032.8135771784735       -697.97524428750853     
   47.752152523286917       -1007.6347045176217       -711.27478639168260     
   111.86512262050104       -938.03152239207623       -548.39224458677870     
   39.046166648206921       -1021.8156510679298       -490.39083776464707     
  -32.607417525257901       -984.96676732206481       -501.48457048853379     
  -52.947670454546909       -959.66922099145620       -681.49942099252291     
  -55.327341312673951       -955.53567097615507       -707.90307510863397     
  -65.383602808062577       -943.17840140943929       -757.08068057401067     
 -0.83323286017026987       -900.49735665587275       -693.65697090933008     
  -67.093381822690802       -958.89482541686050       -612.48076948278219     
  -4.5736342951528144       -886.81419449547900       -571.83029352901610     
  -115.55441622838374       -948.73052970141930       -357.12399275976492     
  -198.01599812243302       -917.46985412896095       -98.223889269191943     
  -209.65057899784125       -893.00597556573962       -444.35525527329895     
  -274.96634924281909       -835.66291298732915       -827.97127814739952     
  -228.75442899703359       -812.68393885748367       -964.96750165512844     
  -245.48735510677918       -835.62226494471622       -979.94118664716200     
  -226.29295055555573       -815.02989310212001       -975.21300288876273     
  -213.26865593833904       -830.59506468278153       -986.03877557574117     
  -222.45608422650042       -842.36193655727038       -974.81990140736639     
  -207.74786590302836       -828.34711247328414       -970.31574314607985     
  -223.77104341592292       -842.75762986378970       -974.20169552805351     
  -217.53443680833325       -830.48635094075985       -995.14657392714878     
  -224.04696031534456       -838.65763649677967       -989.59865966092457     
  -231.71355265222465       -816.20224350453668       -981.06349839847485     
  -216.94474306924766       -834.92516202760430       -989.39884411807907     
  -214.05354499964949       -832.91511102098377       -986.32942345316167     
  -220.02097153277862       -840.42538276290657       -979.65316889244161     
  -234.63582429305828       -817.23861277140054       -983.50026646821493     
  -214.20086848581417       -836.09839521302513       -981.81319972131359     
  -227.02061096027074       -808.66752536486206       -941.17334870610773     
  -257.33887001227373       -837.38118481679112       -933.36126715279113     
  -252.92614121534785       -840.45045149205896       -942.62141776529415     
  -264.57513954554059       -834.15499148409526       -901.25165410697059     
  -233.33185514420819       -806.30577640760021       -924.85432256531533     
  -264.94521232529104       -833.89650419434201       -899.37013365440225     
  -235.99753843796555       -793.06763381296605       -803.75585823191807     
  -258.47877445499478       -830.95751697011701       -937.29740959672199     
  -240.73205169627988       -842.51041451886908       -967.63951001819248     
  -222.51919418918880       -812.28522908208959       -958.37363201349058     
  -244.82796857835353       -841.06051954237546       -965.24847318095931     
  -247.60364313143683       -837.53363706992332       -969.52449118055870     
  -242.14441079887061       -846.76902728144250       -943.58839963841001     
  -203.41253068902941       -816.78547194148075       -927.45417735233116     
  -199.55582708397114       -819.96321588112312       -922.78996438164972     
  -192.31271028713294       -823.83002340436019       -899.50470000340397     
  -203.06250965314814       -812.81390742735277       -907.47325319015761     
  -228.39416061778977       -882.48828166275268       -579.22055290220896     
  -308.02930067022896       -824.30610235254949       -508.76633363084045     
  -257.36354710416157       -805.54885086421029       -856.51954240532223     
  -211.17686113868444       -855.32552913665666       -884.30295311655959     
  -194.53254248808187       -832.60690482465793       -921.10518123938436     
  -212.52768975662244       -823.88134288805327       -979.12133482264642     
  -228.80010030238321       -847.45609361940012       -951.94648858257290     
  -238.71655161133677       -823.15935335244467       -995.43697099680048     
  -242.98870149723723       -826.31826352400185       -991.80062199514964     
  -230.04137938095604       -838.97718280458412       -990.70001047827657     
  -211.84151377101796       -825.21026025768538       -979.38094900941303     
  -208.24761213126951       -826.60410448582388       -970.47083547309478     
  -218.24163723938915       -812.52451624812727       -952.81554038933086     
  -196.98091229353921       -828.19978393009285       -929.39370168480912     
  -221.63641123850653       -845.13644917894953       -961.31939830717647     
  -247.31344693018337       -820.73119114189637       -970.49211740163435     
  -246.11381816588306       -819.55506251430120       -970.62552184992512     
  -201.49684927380633       -836.68007324838868       -945.00370674561918     
  -227.73627470426462       -822.30439843851104       -999.80249600046011     
  -208.33799316837491       -830.45011944342605       -972.65254166107047     
  -221.21874750673632       -817.60734997385453       -980.33482071285084     
  -241.72874920436524       -838.83824090159544       -979.77025535244229     
  -242.12777929191984       -838.19933379606016       -980.97511077296531     
  -255.01693397261252       -830.62433292450612       -953.43843087143784     
  -238.91475746654893       -845.45987032190260       -956.15582468697244     
  -200.25121850474312       -819.53712327900814       -924.42799411788974     
  -229.23017823707252       -856.75904876028994       -884.28689145231010     
  -217.37921352756302       -817.72137071012253       -974.02921103994458     
  -215.42586448542437       -820.52354959220077       -978.71473955363842     
  -216.76002612044957       -818.66658798714275       -976.01804435709755     
  -214.97679619852067       -820.97997800311373       -978.89632673528797     
  -229.55756367229142       -854.15540666470531       -905.69891842939194     
  -247.56893857695215       -823.29670752985953       -975.55644241428683     
  -217.03852229843736       -836.42315464139949       -986.61828404035066     
  -202.34435580774451       -830.34429911844256       -952.43123441523892     
  -216.47505562828240       -820.07302032292557       -979.78765650908281     
  -248.90465884792781       -836.53471877388654       -968.12154052223013     
  -258.42945466204162       -832.40581483172775       -936.56435751372294     
  -246.20459817736884       -838.11552793510259       -971.78189598039467     
  -225.14284667601791       -813.16892426201923       -965.61101694869342     
  -257.56974371518811       -836.09928580648625       -935.20209300401916     
  -260.18454937229035       -835.08122825683847       -924.25345755242529     
  -235.52714696384626       -785.19738491906401       -712.09198732457173     
  -279.04705851673828       -833.08748665627218       -798.28345339293980     
  -248.34255108419785       -862.58925626903488       -802.43300581809262     
  -317.36856145009546       -825.99336140938124       -402.03205904302064     
  -265.95257582352804       -747.18622581036118       -146.62150552588815     
  -329.12582189306141       -807.39777043451602       -331.44572240545045     
  -307.01483552830661       -851.44457740375321       -455.06011828194846     
  -240.89101503855110       -776.79371164098905       -593.41656920837841     
  -146.61354360845934       -838.11212136039671       -677.48860604897095     
  -154.07513793496003       -830.07627232683137       -688.70378910703766     
  -164.69626217516381       -817.84919622818245       -701.08948294887693     
  -243.71756761863156       -855.55631502334347       -878.59740454504242     
  -277.57879850058941       -828.13350396428189       -811.46880010898485     
  -241.04600945251053       -848.89216258285182       -932.73593010375862     
  -248.18307499189069       -835.73386985597926       -972.15007727754460     
  -240.96016723854456       -847.83242173149574       -939.46682433736123     
  -281.74357832174280       -826.73262356653493       -775.48074038267498     
  -243.45749279940941       -870.19368961900727       -727.05686212557680     
  -185.84300456182572       -812.34979391106356       -815.03649409126933     
  -192.70793967652776       -803.50139603612331       -795.64564253094625     
  -265.31626083802752       -849.96927293668421       -838.31434772946091     
  -259.71234271750188       -857.98780649144408       -807.30697977444675     
  -272.33872592395431       -843.36070693359090       -826.45476351276488     
  -265.11116933116227       -848.62077306124854       -847.36144243034755     
  -233.42530576454160       -765.52391903551745       -428.95175535363722     
  -166.20963501140284       -831.36797779082815       -769.12498725887792     
  -175.69109447139590       -824.21758791549826       -805.60460515888758     
  -191.80183371420895       -799.88571304842492       -760.67575385743794     
  -181.71009224323097       -810.57929110852581       -777.87894520076998     
  -228.58768761005194       -871.03914083912468       -734.28221874664655     
  -247.63434719553752       -826.77306359410750       -979.92844083154966     
  -238.97668075072332       -819.58421120636831       -986.31268016381500     
  -222.13705303094267       -839.17376476149138       -986.26860938266429     
  -232.02486537148445       -816.91479340777039       -983.78111530277704     
  -201.29557474225624       -833.27665290338234       -947.98381378822387     
  -213.66447015591021       -845.18047897486190       -950.16214587853926     
  -200.83539381826057       -833.01204027458084       -946.42671193853141     
  -213.13933985979264       -841.78123619092241       -963.42371554699355     
  -240.23188345666995       -820.45177386411569       -986.72102641791639     
  -250.99327352747346       -827.11359930322340       -968.94719318575267     
  -231.82628273859862       -839.01674050546558       -990.19375927419446     
  -198.07296713789779       -825.17888295466400       -929.71302100339540     
  -210.76538139583232       -806.31510878862196       -895.86956426235770     
  -259.02142162497859       -844.73927588114930       -899.01828178442543     
  -261.34369633262503       -842.66877847702608       -896.56295526160682     
  -271.49798624518786       -837.37655686312758       -850.42365529298763     
  -262.79006103534590       -841.18261666027263       -894.44590796428974     
  -229.78548797019818       -798.17607065429263       -858.62660881846136     
  -193.80244999639291       -836.30424020143130       -916.24746830868867     
  -213.52432418088904       -811.40634972297437       -935.90763115968673     
  -206.79680313854502       -820.00030344984214       -951.84693446272956     
  -212.84012630095620       -810.84784624354018       -930.89243119481273     
  -244.71696516659469       -846.42502631393586       -940.14072314561292     
  -248.79509950257645       -839.55683225780535       -959.84095387406239     
  -261.21734116679198       -832.82974435994049       -921.83055103577919     
  -233.98074338031162       -813.32138621854494       -966.89431205588676     
  -271.48041122748492       -831.95983663424090       -858.01136756511914     
  -246.86107223854444       -846.01651663735322       -937.08939395979496     
  -264.73560426321222       -832.36689322803591       -902.19647000894486     
  -234.71144192924564       -815.99345719139774       -978.52608374544945     
  -258.26363630484406       -830.60010144949058       -938.49446965693892     
  -240.57009132517649       -842.81949880796515       -966.54429361666143     
  -264.69208467485612       -828.75543814226899       -903.36828179781241     
  -239.23185150767762       -853.18191432379626       -905.41391434835418     
  -189.17795564501921       -818.33810735104498       -864.44512694244395     
  -230.78973768557415       -854.50951078063395       -902.50691049017269     
  -184.36149899124652       -821.28394891787445       -848.13632533007899     
  -224.14693559200228       -857.08784751752103       -881.42574584919646     
  -207.47932523457416       -824.73993145029146       -965.43180146447037     
  -229.12661875239016       -841.98265918274797       -979.53420484109961     
  -240.94944011547298       -825.07322582262634       -994.66082722332283     
  -238.17074008348129       -822.11734777218726       -994.11089134868303     
  -228.98465085324898       -844.80474493468535       -966.46173611559470     
  -256.25892263499054       -824.51512930970227       -944.37669343502671     
  -253.10716236483816       -823.24381122806096       -955.79101382512624     
  -242.89397727779723       -810.09297153353100       -936.02361846338408     
  -185.58616132744282       -838.40819647263493       -878.75852249609045     
  -202.01774979286378       -873.51466798836054       -706.13552143066420     
  -218.38383643021814       -826.83289438874090       -995.96974741167571     
  -230.75748416578324       -834.04116867013977       -1002.7908310739317     
  -239.32894217858961       -827.80127520331268       -999.66983387164328     
  -234.13339687699991       -820.97756632526955       -995.66373230901957     
  -241.00282033536095       -828.19512548584407       -996.90751426683744     
  -234.15295208085871       -816.85598684491754       -982.41143565329389     
  -271.55922101032144       -831.17603381577510       -857.82768686902114     
  -244.22105313953196       -862.59104572836009       -811.78303828720482     
  -205.55092545492019       -810.64722881445300       -905.48955299521856     
  -266.10686260528234       -841.68528026485171       -873.56142264518030     
  -254.36641872050356       -855.21783119586314       -851.54859213162899     
  -279.79593050059111       -834.82767101124057       -790.04307985204412     
  -241.93028215729208       -785.42304972540637       -706.59389639473000     
  -94.637415742763238       -837.27269751158451       -399.21424959773617     
   16.458597836202770       -873.58690176245489       -258.54521502549653     
  -54.089539030086812       -970.49533456522397       -560.66040506326840     
  -88.023345646145671       -942.69244367228271       -630.66137333430459     
  -25.355744086400541       -885.18962783960933       -660.04634440811117     
  -61.608564711984670       -961.58960789433354       -616.43419143592257     
