   20.000000000000000        40.000000000000000        16.887017761224513     
  -3.0161657627288108       -2.4215385661069391       -10.561186411849665     
  -13.426447605420073        6.5997164532905526       -15.972259292019933     
   21.558780281215370        60.087337378322630        102.26772955251911     
   7.2220362883169553        46.790117261290689        39.455143700920125     
  -109.23716234616978        7.4540144127181875        3.1817786657879452     
  -103.31785834002301       -6.7320573970242066       -47.619148864226474     
  -74.242050308539064       -39.476952488452262        33.317325951783864     
  -74.794452623203924       -39.877822631160029        32.338836240141035     
  -78.011231931953461       -42.536812040765639        28.015822659661207     
  -122.89539488734185        14.014805302591157        65.768109330935346     
  -484.04157133625898       -358.65842525052722       -53.114674333635264     
  -512.35549422472400       -382.28288964498654        102.17914771222823     
  -255.42280505832264       -512.50202725951544       -86.983388280273346     
  -196.62203990180504       -356.17876694250128        118.62140709433089     
  -167.67783853894929       -384.13731727724530        408.66968256551900     
  -123.93685063513880       -362.56047158800664        291.68552420347766     
   81.561051219821536       -296.83069916930140        286.09747359225599     
   113.71853475881861       -320.32532291432437        145.83574401978029     
   161.46554520377708       -363.51377809995296        88.687375120142832     
   77.612130669954610       -483.91807965929007        439.54374547304127     
   36.553660459815376       -439.13132059197346        147.99318481745803     
  -55.323187387692613       -391.62642097286101        95.091472083354205     
  -56.307565354482556       -389.45042384408879        81.199779472694331     
  -10.088318654788878       -269.39022041227952        139.64227465415274     
   39.791527648321328       -299.02384926008688        153.66357757576552     
  -27.483066899401329       -387.73111121336990       -32.627498033580551     
   46.808861521991268       -297.83330564822234        194.00520750905389     
  -4.4842097080264125       -395.42814780230765       -44.216224933009435     
   97.853847999848185       -309.67744310208485        219.15220090440584     
   47.422431770314112       -345.99079675948150       -219.97436729972887     
   85.860872816650556       -385.15887363247879       -421.18699223040176     
   91.080578232904571       -398.45780333916235       -417.93549496414897     
   129.03494764608575       -380.53448353408902       -273.28773398334567     
   47.633777953482209       -458.20521756100374        278.43961775968717     
  -9.7816358421263558       -415.56277939547249        169.58455464988072     
   88.408987305619348       -330.84458032503483        26.058739232795332     
  -14.273044874436863       -413.06367021211497        164.07237395468647     
   54.802971366394743       -316.42104300989172        81.454686885347684     
  -7.6520057337151144       -425.59741027892801        248.71188219802843     
  -80.362992710156732       -385.50051380068254        165.75910432915094     
   15.767893858175967       -327.99924270055999       -189.36641422596409     
  -111.77193027635738       -382.13761720036678        344.80709145415284     
  -59.260407982931881       -298.35719857362506       -161.62335370662146     
  -114.73969987413120       -330.23006140368273       -62.623607967388942     
  -188.50598357558351       -258.76470240745812       -394.26670424244355     
  -218.84724052813635       -223.31588023394093       -112.38284677217331     
  -245.35896315134394       -249.18635916535368       -79.037340895610271     
  -213.58692810349314       -218.27683674352835       -94.128908147089462     
   33.907348067110263       -431.11234152602435        83.948999017458618     
   31.738799648275972       -427.59286823736335        61.957074165869926     
   110.57503221234830       -301.63543817702282        226.06821513164994     
   124.12299159323311       -280.78303820156577        111.23317397283556     
   127.87037329638510       -283.56641879624135        97.687706592334521     
   230.40582831899121       -224.74429855028774       -47.489128579135183     
   238.85066796737948       -212.97062555706259       -142.94876562495602     
   316.79016295985713       -36.623563264786640        304.46329968097325     
   313.52784431453387       -38.973019576755320        305.14253642160929     
   315.62430428903286       -34.924481004978453        306.91811720713014     
   326.48029736998660       -38.988001491606944        271.42456558442615     
   375.70530740664395       -98.877310065909114       -404.11165039644089     
   363.11108061874859       -121.96459575365930       -375.61900223857242     
   264.78972331811269       -78.823214426391999        246.30264386719966     
   251.68933226538192       -66.605109190284495        158.80934925934730     
   248.03645007580448       -70.265146882538019        158.08371547207986     
   228.67154739968652       -112.83465382014487        268.54486561482224     
   194.79324791735525       -158.76808143057417        122.07256464612755     
   48.587435737297909       -274.28652938753032        264.00797284789343     
   21.577931775769727       -261.05235858119653        204.96102515358504     
   20.449158963152112       -262.51706353803542        204.65349261202698     
   15.173148146873842       -268.02335658294606        191.77606813722625     
   8.3941928474120040       -250.14681843219105        195.33387308553910     
   17.073622375302701       -223.73769344515830        52.611300333827288     
  -3.3463069982630707       -205.84341263965240        16.032002035113365     
   124.13910404524715       -157.78425596666321        24.931658889768755     
   219.87034499443016       -92.672338249745849        166.94447877908763     
   208.30925795291409       -112.51025204567654        150.68265357644984     
   162.58622097394019        30.842945169323883       -39.126202150932535     
   266.96693404841790        83.342631260206332        271.80250845829755     
   352.29132062994091       -27.032494051991293        184.84693052688385     
   328.48829869528475       -41.566148537136804        249.89514788471615     
   311.77284019050052       -52.713737052446888        265.75423176492114     
   313.13031769533507       -50.653385787543982        271.06550183320826     
   318.59108223413443       -40.599697426200706        292.72061116972037     
   355.02125661671636       -73.745329722719134       -233.37976915201057     
   327.41475949467247       -93.720214072554469       -200.92904096823946     
   305.30679973622546       -109.00439064384128       -100.77930377086281     
   325.37084268175880       -94.901089133646025       -193.56764953435243     
   331.63345845257078       -88.141938891580949       -187.13214699458879     
   313.63883636060581       -103.04122122802632       -147.89966381813642     
   356.91515352232295        15.101849138662047        342.59622038680834     
   332.49431342665889       -3.9961291904508407        280.23859957508682     
   267.28808360189583        25.304688542895168       -333.93343605444488     
   277.79126802998610        43.977190543090487       -295.04747416783067     
   343.83624839855304       -24.175562188120722        253.74408835948563     
   393.35460773469794       -99.848109590992834       -328.72587361972251     
   370.43543996839043       -133.32966673964339       -257.81575552543563     
   402.77827579246838       -99.313121134027128       -264.66861026215173     
   334.14885462239471        8.7508227162384884        237.77290264824728     
   274.44752780202862        123.93758542231879        351.39355984724898     
   153.05683223188677        250.84655067630842       -64.751750850994370     
   171.38652650470374        292.58807988529600       -399.87941204698467     
   150.16801222835284        255.13612215664750       -128.17754085210711     
   7.6491495316454063        346.34368269681823       -352.25557117422591     
   57.071488424853669        400.77755678417833       -119.52391799601946     
   58.948285770189877        397.65282581708550       -137.46639742533500     
   71.059719338066230        383.23811176292008       -178.56289333309508     
   120.25791215856449        359.69407484679715       -39.973375310468199     
   143.98995199418178        331.10018539445457       -321.79166492921263     
   129.14425208392996        293.75614945052570       -445.21708998329564     
   162.95179974770494        326.15537351962848       -383.88573758585130     
   216.24724718794883        278.80396147678846       -111.99854017802318     
   172.75113961401104        246.34961098361237       -1.7416664934422101     
   200.16381256262076        321.71749968074374       -203.71433194026719     
   130.86414364375798        262.72000176701061       -248.24395335834663     
   93.822645542460094        320.63469589842856       -297.15349688546354     
   103.83215706800965        305.40260282654589       -329.28122240568126     
   129.82555428284786        271.95245816226770       -336.08401208317463     
   90.026945378755983        310.40178621951350       -280.45745919373758     
   96.127807385214126        305.11401180017765       -294.46086142711590     
   135.63716773109553        333.90830826238619       -281.70366398724428     
   193.02178449460766        265.74516265278703       -114.35790385327704     
   203.52158794812408        279.18328612245301       -111.79669239595952     
   189.20079443947085        293.38240530614979       -257.94740098038534     
   170.23470511798664        278.57523147701011       -304.21232936398013     
   90.760560503810069        381.29044896550124       -54.744849936668714     
   78.753217911586106        397.10610867261528       -21.891159136073910     
  -96.979063391144720        334.06001411993014        231.53310488979503     
   1.0213985867478783        404.24781360896651       -303.82808494293249     
   1.6539812177621598        402.87526022854701       -311.59393071659224     
   41.374365319214490        374.29736156439628       -371.75510900329965     
   6.4144502778688022        323.81353036750374       -176.05693762853636     
  -28.222354332475895        354.91922686884317       -273.37240340869255     
   30.658762165837395        433.86917050403559        113.49909119456476     
   98.745581725068774        384.64047654524671        30.583843352102999     
   1.8005190640561608        300.05903523697549        68.028558267631951     
   57.332597949424070        397.37335287237192       -148.41769142483486     
   180.86208852726378        356.22797273457064       -38.378050915258839     
   227.68605695553873        271.83179909333438       -268.26510083049124     
   379.68776261925620        136.50538922088646       -459.99881930986669     
   432.55288611436208        174.21389080070983       -592.91577286482993     
   433.23741546804570        174.66955323796032       -590.55955280272337     
   415.81176146909797        152.87391155244217       -547.57077960205061     
   313.28377678679090        239.34382712579918        46.272534248373347     
   515.82501408532084        92.155646312227645       -395.83940643467940     
   538.72250124119614        115.07713206319134       -437.36551322082460     
   568.89717890625354        171.71779501444240        170.60412177720860     
   972.78860886142729        28.870074037951014        1042.6023063326998     
   995.00555897701452        10.870750825224544        773.90574917146751     
   1087.1371192060051       -206.73781910514245        851.84137672478516     
   1035.2100961604369       -309.01338329734648        956.57637347129855     
   978.70522658254799       -261.92733276825697       -170.92504150138637     
   797.55387120114483       -94.207291477059073        562.10967679015710     
   792.06046071505750       -98.746552219401352        538.63548605964684     
   754.37654052501250       -164.82892905518952        672.43166329923872     
   783.59527595965801       -140.26245924718677        669.09584985672814     
   777.70994733212672       -144.28293268029063        655.31238162988654     
   739.29538404095842       -97.805367252289386       -164.43984027298831     
   638.58171648081475        174.34837028373158       -427.79289453784725     
   646.63031991614048        158.97987198850174       -368.93180850673195     
   568.64856279592937        241.61278389344750        755.06240227248543     
   573.75827255766580        247.06548577564647        739.80982859811320     
   551.64565854435807        191.19244279818557        652.29073309637602     
   522.28209026133652        153.05258110490576        310.06905915865417     
   615.26190270028519        34.712574503246287        487.31888583485437     
   496.48276768025227        100.67334730524077       -42.431493913212378     
   631.63225764251524       -44.017313793550429        40.285571298998718     
   746.64941481185747       -248.59484981956882        538.59364938631552     
   956.58009033254405       -357.71866553129360        940.58036514129253     
   872.33918621500402       -583.24142587874883       -147.43305163936242     
   727.96998913299001       -779.64335054713672       -109.13683806516823     
   794.57027498008722       -889.30640031544772        361.03066824950145     
   732.29142583870771       -849.66170192314007       -14.557279063598912     
   776.78136419606778       -887.17590742862387        106.78178053298325     
   642.87874229068802       -979.33476182627112       -964.39278148620110     
   408.72855219137455       -879.83224885373215        203.62448311002598     
   223.87735309668798       -770.83142842712016       -147.30240791185199     
   340.00674808068055       -666.77247388633350        580.83795610353025     
   400.89592559425654       -745.17138671849591       -614.09236131742193     
   320.63059932905071       -914.43130513918788        833.43083393445215     
   374.02266700392806       -883.99216099838111        386.07732259438677     
   531.30054645269433       -755.38895309746727        898.38563836416267     
   477.39685186204053       -673.48120664181067        3.6625891847523917     
   435.58128688989331       -628.01205519550490       -76.101035608768058     
   483.43596354553694       -706.27812565887723        328.46178870090449     
   421.34333119400020       -647.96156330099325        250.11050844167613     
   509.04976693875813       -563.85743984230362       -535.88896795335347     
   418.17078614922747       -682.03039189557887        259.96488832245149     
   463.60667243408415       -727.58761418144070        181.64162406730753     
   436.86032668505953       -700.47768906502472        155.33088194312336     
   445.36675962440466       -712.02513217986461        123.99905748018494     
   457.75082736649006       -721.39117507118840        160.00063132322128     
   379.49338153198602       -794.65710677037191       -1062.4993029096152     
   342.38848641961465       -771.10459858528009       -1047.2416361071810     
   373.46152213497430       -803.51932931241799       -1022.9547301068461     
   354.60198663564017       -763.16045154269250       -1015.3815301114068     
   418.93084429126861       -804.73794417664033       -855.23431770957836     
   392.59731247523587       -836.60846229662093       -620.46672667690666     
   451.26567460352652       -741.71683137307321       -65.530417727590759     
   443.00382701347229       -734.05510209405270       -81.378262232670693     
   360.47239678385364       -922.52167856140454        1030.0701011766319     
   201.98044958104433       -858.90056462971893        727.84439477438730     
   232.39368886004036       -879.49160184342770        613.01396902667534     
   230.96309303081352       -880.34504362333939        614.10066910674868     
   227.68279897505829       -882.93425697568125        612.15184061604998     
   207.95082403135606       -895.69308872189038        522.71926316275437     
   275.59347041801516       -939.77222485073207        537.65062514938438     
   141.01797041491983       -1000.1306289672822       -1084.7382036857487     
   160.90821487804612       -1015.3116100833525       -1098.4136440082170     
   157.35088532376693       -1010.8409662128411       -1097.9181165489301     
   146.03356998713161       -1025.6278439489934       -1073.1832995087309     
   125.47772960463433       -1009.9434205052589       -1076.3831127665198     
   144.28025612221796       -985.01336165959822       -1000.4323076615442     
   70.700040942673084       -1034.2152829881086       -590.72952636244634     
   59.187951221675505       -1020.1585260246391       -664.52700544831089     
   147.10319841659668       -910.40370336521175        92.551443133692146     
   57.786443439529592       -1045.9729386853764       -317.57376630518530     
   187.81570474888758       -915.89399912457361        200.13860525797071     
   278.63968129219802       -979.52686698793536        170.14065835544315     
   151.28886566983059       -1123.7793548959942        310.71962771257967     
   299.35341690113347       -993.40817216141841        246.68733382549178     
   193.66421095373349       -1191.5076100983197        1106.3713833691581     
   113.42908242329850       -1152.0169307372853        944.97436964383814     
   191.15287365453145       -1068.6520320571608       -800.40913798308111     
   158.00962404586193       -1021.7133138583331       -1095.2640619283541     
   162.35769058924899       -1011.8130150518341       -1093.1853826867837     
   150.03634938602207       -1036.0772625454688       -1023.7858423155863     
   203.12666792190549       -988.08240744528939       -742.01416080789193     
   129.40707111378816       -1124.4249662245852        450.27771455335011     
   67.382133537457548       -1060.4849787519681       -182.52923258328218     
   240.39076888778513       -940.70184982789885        213.17138862629554     
   141.97283474668149       -1060.7698442033268       -737.26229320600055     
   119.04701146848242       -1027.0922246678147       -979.50310427936336     
   125.53583987820770       -1040.9516410214367       -890.78282393448285     
   188.24211624728559       -943.65209987211858       -236.98939365373923     
   89.334877606900292       -1079.5218570461445       -63.392338167763754     
   56.090118569430608       -1040.6973783857845       -379.02566302271254     
   50.107958231075209       -1032.1367849594988       -445.81729088487293     
  -80.514743115877991       -978.60749385000042       -285.53985285099827     
   18.452197140809403       -859.61678290923794       -46.978930693772568     
   1.9679799524271715       -811.86383047629738        453.20672709501440     
   99.665874846775282       -855.87508929400906        630.86002620587078     
   100.74595159526345       -857.76796103923914        616.50631091386163     
   102.60266699276478       -861.03608183361393        590.18538418257879     
   126.80945365156924       -887.96788142249477        357.64702841786726     
   19.773883956475828       -1000.4120599388034       -609.21313967629794     
   72.505517027315278       -851.95443967642939        490.66683056531815     
   82.455321789162198       -864.34262001781303        411.42461236623785     
   84.107035729752013       -867.14214069330956        386.25469895844014     
  -57.083577104192969       -967.51102287106221       -577.87116902466619     
   179.89827437584893       -899.23480018904979        408.36690754781409     
   93.086934634263415       -989.76280619048691       -1003.5075047610196     
   102.79369291943908       -980.52539242539945       -995.79733797977360     
   83.274120124153086       -1000.0063978860564       -955.53970875440302     
   121.87174377308538       -955.90227094077852       -757.70325301861340     
   183.51835642046257       -1008.3934115386963       -1022.4005037271012     
   135.46255339240957       -1053.2694809595916       -802.04793640671232     
   53.766138144921456       -1004.0433241900967       -779.72213665418337     
  -35.440547087463386       -973.00451716156158       -629.02501020964235     
  -98.977562250499545       -931.84946739835789       -640.55745505546599     
  -138.24297493418408       -912.23066356139066       -515.69173972581518     
  -148.15757450472489       -902.60976699452453       -536.04284353096091     
  -85.717887086351951       -831.62122794567847       -287.69881850523035     
  -217.00707989393794       -912.54823400287955       -106.06470404403170     
  -332.19287529526099       -832.68315929414086       -207.72292930232368     
  -283.07726034360434       -912.13908417694097        26.544738396183334     
  -348.08887326375924       -840.71294215464582        28.625600762089078     
  -249.64877987819767       -744.30923548098349       -85.850965500370904     
  -157.64010620862203       -821.58970864870537       -670.71995865847964     
  -135.64556707119104       -832.33894831646933       -584.37593252723843     
  -144.11396449050798       -820.52053783977499       -563.74843715081101     
  -168.60553282682460       -759.07588168136317       -124.84335624485821     
  -302.67541677042715       -851.89786712940247       -504.03080830278259     
  -225.83955197701960       -739.39979143045502        14.345014390286437     
  -327.05496725998262       -832.06544268013045       -272.08139362901966     
  -214.07193736306311       -791.56758900801651       -771.64597834027802     
  -268.17365531050024       -865.87436338586974       -692.08542706760045     
  -337.70275474681205       -827.55265194263711       -168.87032132751028     
  -266.43850077889482       -707.16981457437180        293.81850406687590     
  -295.43150519928781       -632.16109815436516        260.24497682771056     
  -246.44638804146476       -656.99439812504238        620.87785268915991     
  -268.02506654637631       -673.94828455093659        424.11728682907039     
  -337.12152964372922       -710.52850245113154       -596.73316903754596     
  -379.43466889178876       -671.88861488215150       -149.30108922475873     
  -124.06380086134666       -808.79791595836502       -301.32350473373231     
  -184.07783362684427       -990.70867275420676        775.38251989713046     
  -244.15057683072160       -964.70142444102248        855.50827740174157     
  -183.80102494284787       -877.95388436094959       -660.07560913703003     
  -236.01481269000527       -830.58926370799520       -1003.6608499320065     
  -234.08127098030712       -832.32140598215972       -1003.8243587831203     
  -232.95310329888858       -835.08304976754221       -1000.1449656231420     
  -240.71160054361951       -827.32038926530765       -997.10655533832312     
  -233.20849226979843       -816.11482867039479       -980.06325151386136     
  -214.42698744145980       -840.81768395991753       -969.38478608667322     
  -255.55427571498012       -817.75491614302632       -930.18580322440255     
  -250.91701022844364       -813.06178203952663       -928.72231480488995     
  -191.55943228440699       -850.41473128876976       -869.46455497645047     
  -177.25896246358027       -839.43736085103330       -839.44697410502977     
  -200.04627886826407       -857.14424973917482       -851.89295977585891     
  -171.05178169568822       -830.65796053110262       -796.27592879877534     
  -190.03261515761181       -809.54455265839215       -823.16359792422691     
  -252.08890246579313       -871.02991139332278       -696.78629079118912     
  -212.24509424619274       -774.09060849967625       -541.76719325449108     
  -137.40448921517753       -838.09355159830784       -627.54680004622116     
  -145.44182827361163       -827.15828650989806       -616.43629091942807     
  -188.93814240052191       -971.01884330296980        614.60506002711656     
  -204.08178006611459       -955.67704343645119        535.05072224263199     
  -290.61923097468076       -904.57012117950819       -67.553418625460949     
  -402.75756257834598       -841.22349912652351        432.94048219912133     
  -568.38638060907965       -750.04440591233504       -463.21490843873323     
  -850.15795211592558       -598.07659310297595       -944.61599411390546     
  -800.37263642839662       -532.42139677210810       -1197.9008358511669     
  -725.22626975885328       -680.78849358837158       -4.7761238089420033     
  -1264.2424383466723       -336.32002114315645       -493.95338181945937     
  -1086.5898099427018       -561.31424338997965       -557.29095577403837     
  -1028.2524304643794       -636.01214856088632        1457.0780799133940     
  -1139.5070119297561       -500.74259203699063        1238.1164971100752     
  -1038.7960636749144       -578.26381652332202       -85.235019361332945     
  -1297.4786606999701       -385.10126717592408       -555.76638704306663     
  -1145.8702229229361       -610.17347228934011       -536.66497848938332     
  -1187.4689304887220       -651.81301878378770       -1033.4519287987209     
  -1235.9331766265857       -711.82636494303483       -1799.5487791368621     
  -1273.7042103114775       -745.74356387120110       -1803.6005216059184     
  -1105.1607770360984       -805.20801260005294       -1000.2830909147510     
  -669.16167173948111       -1022.5239877882985       -1625.7086658474147     
  -711.32575983833601       -975.06748233592907       -293.80709937373592     
  -747.88644317071123       -1008.8203604710241       -218.18579415738714     
  -719.17283929211203       -986.65139636592573       -391.62912786301536     
  -540.55158719068106       -1146.7780287032556       -1234.2450747083999     
  -579.13323922761572       -1107.1875806361747       -834.87896725872497     
  -466.09140046492473       -1226.2934504498508        327.24352148578919     
  -549.27771775109011       -1176.1292688380022       -737.02856806977661     
  -662.98849496021512       -1080.1589121327358       -457.97247393847658     
  -866.13074632597318       -911.58033092116329       -39.164022878063406     
   741.80296630699399       -1765.0012588325044       -982.05312408811312     
   761.91338014249197       -1781.0586725369744       -1144.5400715387652     
   879.95474955018187       -1704.7387222043392       -647.78030848002561     
   618.07008924345610       -1866.9237637549611        2156.4993271745634     
   610.75697796694340       -1862.0857716174639        2179.1099456693910     
   616.24165918495987       -1868.4970484958092        2179.3418503482067     
   675.17366057966535       -1799.4593692089336        418.51873737584236     
   661.74570555583364       -1784.3488180988384        296.37737078356241     
   784.62875277751391       -1585.2497784771726        1686.9991816273073     
   768.51275001092677       -1564.9631934346226        1667.7452873753309     
   752.89418695594156       -1554.3835348638149        1512.6139621052548     
   737.63803129615872       -1547.0598497714195        1329.0746446743904     
   717.08753036532448       -1537.1982792279493        1081.7182725740483     
   625.68581269328956       -1640.0227825793531       -1510.1066517837437     
   601.18883894643568       -1631.3906189777088       -1733.9364162942743     
   561.22679800472838       -1545.7771263860732       -1059.9624542389122     
   388.38098266186648       -1682.1671497318966        94.946345316473924     
   405.23113691621461       -1713.3795000226869        480.30061575987190     
   257.00123956711252       -1645.0748515098726        1152.2897631809933     
   216.51427488300783       -1609.6161102547508        871.98568071339150     
   158.93843766096026       -1551.9851042530172        77.714661147780106     
   94.338638953038512       -1485.7036234738202       -648.44294162138181     
   199.47644033067013       -1329.4841805860322        69.783087171216266     
   357.90538610335204       -1410.2047738385431        411.70530024489756     
   217.43571906789606       -1558.9122279460782       -211.83170991309100     
   415.03191908639980       -1433.6573548282647        715.88909857581461     
   286.30508483326093       -1592.7853494002384       -113.84545069276589     
   191.08982111265908       -1534.1824530520535       -547.51269370365446     
   96.249217805558246       -1461.0913842099321       -1042.0285062482965     
   96.446318975054552       -1461.3944177575809       -1039.7649577286377     
   42.143113777663558       -1425.6069388285973       -1039.4174912541368     
   187.83653989138483       -1357.6196816511708       -576.05679285425481     
   104.31230533168696       -1511.1723525187770       -277.17492936645351     
   339.82474820954269       -1391.6906076885978        443.04455500850378     
   361.50460448717627       -1408.9860996365428        480.82165303744875     
   218.93955819703700       -1551.3858690899106       -380.26427685612833     
   404.74109546897375       -1431.1994012667403        649.55321310740055     
   21.371623722721949       -1538.1155174042290        1025.8884638705381     
   14.612797428465930       -1527.6927007388592        925.43066203492128     
   147.90425253819595       -1421.5526928933805       -1514.9576341384052     
   120.82691807851690       -1432.8245867582311       -1441.2341897994500     
   120.38868897591537       -1432.4587116562900       -1440.6988409559931     
   155.17048093770887       -1392.7914186309156       -1304.3469163330485     
   103.42388174265164       -1464.9773953820134       -1051.8367462805313     
   214.08692599171479       -1365.9833110435738       -545.88858880827706     
   291.66941522193287       -1426.7815925386819       -732.20089935216549     
   345.53542696649015       -1458.1900249534785       -532.08018985498961     
   252.42779707629796       -1617.9605499566085        722.21162920112567     
   202.57635118639001       -1570.7167288009539        156.09136708409204     
   276.74956441714971       -1365.9462415702690        43.700883950882229     
   280.87580236551139       -1371.7661848402104       -6.1920529035750747     
   126.74520073985789       -1491.5086018731581       -855.26589415857757     
   278.46468110013961       -1381.9859046372435       -203.12849453157327     
   414.99721249962840       -1437.9561150981683        629.74881432422444     
   426.22716996922622       -1455.5176839961528        364.68087212133315     
   477.24277855307008       -1513.2174304727214       -725.26270926208258     
   263.37217427133544       -1639.3495092831456        997.53000861330156     
   115.44071505230437       -1579.7449172284066        967.76919467426853     
   19.715459575131561       -1518.0724830085364        723.93301059577357     
  -75.102868634668809       -1463.1981057670992        522.85533838392212     
   119.98481168768326       -1361.8933709353862       -1024.0762033854342     
   18.032267487549788       -1446.0869852242949       -563.70229884430978     
  -164.04375443902069       -1382.6211091900489       -10.399728268447468     
  -193.73726922199691       -1356.8634715546132       -74.070609942144017     
  -114.72961313597330       -1153.4518407161856        482.72096993197380     
  -67.269165545565286       -1184.1865225345964        444.21384286384193     
  -132.96343529547369       -1328.9485541185165       -981.71009521972007     
  -82.416462118725974       -1228.9973925738886       -397.37288692317378     
  -160.47625688978246       -1353.0663437397625       -482.11960690447739     
  -206.86403765917271       -1322.2062225633995       -489.61883127475693     
  -88.935886769326899       -1224.3891837062756       -366.90801237825946     
  -191.53870697954522       -1332.1594239082156       -467.95376139402293     
   25.504444588364606       -1251.0926634396358        62.627550717776529     
   66.821761648608089       -1289.5107891106372       -197.87896571602795     
  -56.572930790890425       -1420.1463772995860       -413.39656105429503     
  -140.57376687760723       -1362.8103044438644       -556.20734439420664     
  -23.329892334296318       -1258.5825558121851       -489.18248953412535     
  -23.723036212473218       -1257.7029686564138       -477.52452740671299     
  -193.43350157065299       -1355.2646302005267       -102.44649950463949     
  -200.19082880004126       -1346.4467650896854       -172.54415219645585     
  -260.47103064284306       -1304.4739353151001       -502.36632843665433     
  -485.76955131667944       -1223.0276065759272        405.34130658301427     
  -376.24229264569237       -1109.3977726011929       -437.37221601347539     
  -450.16599945125847       -1179.0810390805752       -483.44659376698525     
  -480.05739575165467       -1122.9726749743395       -1381.1786602660013     
  -555.66823865354024       -1053.6496877754146       -584.29012057891021     
  -540.90228038314297       -1011.1090024508866        7.3178296146453476     
  -610.32351873032792       -1090.6699693799187       -299.53441328005431     
  -554.91841185600458       -1030.5852288591961       -269.45445100376162     
  -514.54298502137863       -1093.8620997109258       -1500.7575865478177     
  -522.15766192205081       -1102.2136631108799       -1507.5825263536924     
  -486.73243630225818       -1162.8990485027709       -848.23856344818932     
  -439.23136647605691       -1101.9880029931878       -1097.8411901114623     
  -501.09751754842938       -1050.1651566308333       -956.22565795283913     
  -643.82125038187951       -1130.4327119259333        322.90090007588901     
  -551.88237772487639       -996.53823017134050        77.318188212606913     
  -658.37545071378429       -1054.3310764429496       -1026.4489853488703     
  -811.06715492045407       -871.62865128240867       -824.67796650175580     
   133.88789189574106       -1720.6191684466605        1282.9490454068514     
   65.256503461094482       -1874.3709583838379       -1795.3287792447677     
   86.050966484192571       -1885.8956456606657       -1828.5631947652082     
   97.336199483796634       -1901.4685207526834       -1867.0976109127921     
   109.05030690344914       -1909.6906637330944       -1895.8861767204639     
   123.17191318372247       -1896.7978815653539       -1887.5368598102409     
   67.503524981363057       -1918.8918487240130       -1679.4150453860634     
   117.98481090494391       -1842.8644218449704       -1303.9374800534383     
   218.34411203075553       -1901.7828916731594       -1715.9234957934245     
   244.07780643527059       -1934.0312528009499       -1938.2393862800523     
   254.98250143045775       -1945.9395050912321       -1967.6726847946511     
   180.19006052890981       -1985.4692890293848       -1780.3327010647520     
   167.18529522156342       -1967.5690682442173       -1896.2296559293186     
   230.05464148918264       -1898.2240552931476       -1591.8330347840083     
   247.03551076375433       -1923.6369328385463       -1821.5307838353956     
   282.57468934440919       -1951.5102128744211       -1837.3131375836658     
   280.29590536186151       -1948.9777127548991       -1834.4539145048529     
   265.82241532596407       -1920.6811343640823       -1649.3269414216336     
   179.25466857754247       -2025.8513069573105       -1089.3552157132267     
   416.07973176146334       -1911.9258225707586        499.69264783598010     
   254.56793753024377       -2064.1971082322661       -852.58481162474448     
   340.78417223709738       -1901.9738458799586       -463.13788125708646     
   231.86411985039638       -2111.9150924289693        505.61226645082013     
   366.64761141992346       -1949.5736586164965       -930.53490827493692     
   160.48502883590368       -2050.2318055284200       -352.16172058691848     
   314.43039171951347       -1894.2950689370962       -677.63753189825184     
   382.55955045290483       -1940.8563103552083       -562.80317696674979     
   246.84476648905317       -2096.0916718256958       -28.557937355164711     
   167.89649341129984       -2022.1266185328923       -1061.6007480019682     
   303.90583120853842       -1885.9169738385262       -647.67479668060469     
   168.68935518762382       -2037.2603843986597       -739.80054399946198     
   66.933710302053967       -1966.3942570134020       -1048.4766497753401     
   197.00823175365139       -1841.6725339908476       -723.61897576072624     
   358.37493516822622       -1924.9102978177013       -628.54751917929252     
   347.52929817178432       -1908.9095409373658       -495.36554359012808     
   338.14277146587085       -1894.9202169725681       -366.96352633389836     
   313.10387524168397       -1839.2786448261561        396.23470253255550     
   316.40622243994699       -1844.9033566869741        324.46351635145282     
   371.90725433654268       -1890.2872829367611        218.00499362638388     
   559.45816515538445       -1950.6805871248355        1314.7707137082868     
   563.74494285921276       -1965.2567123127869        969.63328311280702     
   677.20622703121592       -2060.6887031844140       -851.90927276786408     
   513.47779989485605       -2218.9333556856877       -986.04620535853735     
   817.28419505858324       -2086.6345554403592        931.82508325879553     
   672.87960693110517       -2244.2047351041365       -1533.2369406332739     
   745.42535201218095       -2130.1297915875439       -1193.4969122234243     
   710.21580328849086       -2073.3701646129957       -713.01159765347984     
   577.54857862372216       -2262.3764902034795       -503.66272184499923     
   491.47183270421823       -2170.5900670183796       -1658.2643907190998     
   498.89649157732754       -2180.4302190899184       -1595.0243112888584     
   717.98789069402801       -2072.6331606027661       -581.76272677800193     
   581.00985093464487       -2256.9239280848947       -693.65588221136250     
   465.52570292025848       -2158.6546902077198       -1477.8450590979323     
   491.58973935263202       -2205.0406166708003       -1000.0929786295471     
   743.15681611255741       -2074.3791889929357       -216.66545386801209     
   778.40042516033520       -2102.1517427054314       -85.634145906323013     
   744.89897467346805       -2052.1772300606685        229.87142031348628     
   600.20571867230626       -2195.1239139955305       -2299.5387152554936     
   566.29237364473931       -2150.5566555154646       -2594.1940100345801     
   626.78016331282822       -2120.4189000568476       -2480.7117864621000     
   540.67541836258647       -2187.1893924637052       -1983.6462439994257     
   513.26765307891299       -2158.7579712923862       -2091.9720304064681     
   664.54040489836029       -2084.3702104080767       -1547.8297975583571     
   575.14490266000303       -2293.2271573873259        443.91410770385460     
   324.47449191686366       -2176.7403973039745        993.85573781171570     
   328.91425074871574       -2184.2682611200848        1085.8310136302807     
   457.52038268311401       -2029.3788003346190       -1355.3647693682310     
   544.99181501821477       -2088.0239309958788       -2213.9204066996645     
   629.79222326304136       -2151.4760838524985       -2658.2054147108402     
   628.17864276723162       -2150.8602954108419       -2662.3947041631495     
   608.79313222105475       -2165.0861568779055       -2650.0179141297403     
   643.04748804818553       -2137.5475540157090       -2542.2795231673408     
   590.07557823436002       -2197.2657599147547       -2211.9740617824673     
   676.73051147355648       -2090.6013668029423       -1538.1478639440343     
   536.20059199378409       -2235.9652469363627       -837.64331714191269     
   675.07020979387698       -2056.2839985374758       -767.89004745576801     
   689.91977248107969       -2081.6217557952341       -1177.9624381965054     
   533.84644315335140       -2233.2872517569399       -880.62862323362174     
   513.68006068840339       -2201.0320775284913       -1393.9742433290576     
   689.07061718888872       -2063.9378250439008       -787.05451031472785     
   747.20614827991392       -2116.6428440166264       -938.98568026245960     
   712.35795807983209       -2057.0567079338925       -325.83401355096731     
   615.35723590363239       -2298.2358098636150        314.48465253049937     
   492.78427672888586       -2189.2546611515540       -1345.6029261980893     
   481.88450454372310       -2176.6202000013482       -1422.3915061810724     
   459.70397085843575       -2156.7642639416149       -1422.6021000901253     
   481.28285201357204       -2191.1166971909088       -1140.0449836376122     
   464.11285921287998       -2172.9450763467121       -1222.7585773675964     
   431.74148729230177       -2147.6666011899788       -1154.9916641417117     
   339.32185472370435       -2107.5683171356745       -659.02204432991857     
   277.78792368801925       -2059.3625401900599       -1108.8341712146080     
   205.18776606617217       -1998.0450855107017       -1760.1023612286217     
   156.62172538416146       -1958.5511341519350       -1913.1914147674124     
   234.63597978030333       -1910.4168644948563       -1738.2551001328584     
   170.70833967471765       -2008.4050405338367       -1355.0693846404770     
   263.73432005942442       -1877.6334010688233       -929.04665424938048     
   125.88079314623099       -2005.3809283969726       -969.37537991239890     
   129.82972388693719       -2013.2117758689585       -852.87421588103132     
  -25.577660836913992       -1944.4475442602734       -533.96758271106569     
  -58.325431979955219       -1904.7271836631062       -1019.7363520086311     
  -86.551383995684787       -1870.6033666555622       -1340.1668042943875     
  -16.773967285039674       -1761.5559516040967       -1067.5081498497668     
  -146.60201138134008       -1862.1649916145964       -912.13777822652446     
  -54.339274950786248       -1726.0842645036250       -727.03172105456667     
  -6.1163404475978993       -1774.1755734994122       -1187.7610370132347     
  -216.78621481449446       -1855.5142515826080       -183.32794186217887     
  -203.89028163662459       -1880.5284790081639        114.17925357830507     
  -290.48047854556984       -1832.2509147319633        158.27641927535194     
  -22.328226501767517       -1720.8055886888289       -340.63220160018108     
   35.266935935503511       -1771.9925440325890       -764.13381076272731     
  -58.654527267631522       -1923.5347125085584       -658.35653111157933     
  -86.385394568655471       -1887.5213861318730       -1084.0267800587881     
  -121.26498063761809       -1852.7225138307429       -1295.4297036223620     
  -26.637631934711635       -1763.9541298840265       -1184.8414006475391     
  -104.57654087318534       -1879.2341028383948       -1059.9011480260140     
  -124.33981120469358       -1855.9294901963403       -1226.1152577540054     
  -239.19559698452287       -1813.0081499176381       -701.54124257769445     
  -266.90034850656326       -1782.1198630076999       -1034.7883315189977     
  -280.16048320966161       -1754.9031335696168       -1407.5327109627483     
  -321.90824087945225       -1705.8088691735484       -1900.2750415195096     
  -293.53045300913811       -1683.1569219259311       -1863.3485170801105     
  -296.65519123695208       -1681.0636069570960       -1871.7955043987440     
  -326.66424341700889       -1715.4619836831644       -1830.7875279565396     
  -407.44148633917638       -1680.2754692086155       -1650.4383683186784     
  -377.09281913444744       -1717.2330947877667       -1647.0210235518887     
  -432.56472786609618       -1685.9218896920743       -1369.5211764285120     
  -343.98342681823630       -1639.9309389398945       -1709.4973427970242     
  -425.16903989265029       -1692.2325464084386       -1422.4305932907496     
  -348.90828951710307       -1626.8040977432538       -1540.3132625920787     
  -432.78824778602768       -1691.7898343088059       -1335.4312206053569     
  -405.93880811654589       -1719.5884217544367       -1393.1883519752466     
  -446.17288923425548       -1695.3572934665324       -1140.7167776259903     
  -450.77706024374845       -1693.0599334022784       -1094.8452192795194     
  -425.94859716075064       -1715.8128353932998       -1219.3814578575252     
  -409.39090686534149       -1737.9027159176817       -1113.3624588150594     
  -490.26773118448602       -1695.2228495265142       -498.50728112183913     
  -393.97328671011894       -1568.1246484025453       -542.49068429194858     
  -498.84565959062616       -1660.0469843715484       -725.07659825781684     
  -482.44931808792063       -1683.9865642057762       -718.79140786302128     
  -455.11779802874520       -1715.0746677601837       -837.05966601230227     
  -427.53280828268055       -1751.0814359249439       -714.12142972560287     
  -143.75010691544219       -1668.1155034777912       -390.56243158908956     
  -309.07488630782098       -1767.7787195782494       -1117.4823299734480     
  -255.33483156997318       -1658.4237525834008       -1418.8156299627101     
  -235.93598930204902       -1673.9132077080596       -1397.8021847598386     
  -205.03828410014899       -1691.7313282724690       -1297.2341248237451     
  -208.75795515743263       -1686.7847621229887       -1280.0555649329406     
  -324.96932823466176       -1746.4950792810830       -1445.9937567997329     
  -276.74128665558862       -1660.9256452300567       -1625.4885100694598     
  -276.09095480993903       -1661.7124674464185       -1627.8565425728293     
  -269.27101392572922       -1668.5196685519400       -1634.3522285505521     
  -353.48194423038910       -1722.4913734506458       -1701.7958141636466     
  -376.67151970415887       -1692.9337376963638       -1835.2454167297496     
  -396.98065593209105       -1684.5192529080853       -1728.0815893368281     
  -360.08609038418609       -1583.7566445154625       -768.76298802479164     
  -284.69142289523694       -1661.0367048903631       -1683.8359965930424     
  -257.96683038522451       -1678.8864447628393       -1622.8316436217544     
  -256.12647467982731       -1680.3778593813925       -1618.4491153319971     
  -264.01475396967521       -1671.5610761833277       -1617.4993182617970     
  -349.65732602488839       -1723.0525475146396       -1708.3368810913025     
  -411.87005285639475       -1683.1089194417548       -1602.1642311273706     
  -377.57358202252186       -1764.8658328316872       -870.20381903022326     
  -265.82590358121979       -1654.0017109366133       -1463.9893670656127     
  -281.96250689656114       -1616.3015287712794       -1046.0254885339348     
  -388.76521356410456       -1725.4943413364865       -1468.1940512956112     
  -488.84888214453179       -1684.7020790692977       -622.31907831961416     
  -470.06200883910094       -1703.0907240973877       -731.39613929637960     
  -452.13664772538516       -1718.6770442888192       -841.52470543934555     
  -324.68075238471209       -1632.9188971927795       -1574.8354483911482     
  -364.90390305836803       -1724.3451241211451       -1630.9063702155331     
  -302.81631792804569       -1648.4100209662549       -1671.0781309472595     
  -390.79091357986749       -1710.4921523846078       -1620.0566714289616     
  -433.53763514298345       -1688.5276173837856       -1344.7923450088388     
  -345.09224518164933       -1638.8096918678641       -1697.1848502071373     
  -447.47087830523014       -1689.8704943810685       -1160.7525165342809     
  -468.88360710712340       -1682.4724839987259       -919.00529234954502     
  -432.56507840703182       -1734.7932465086346       -904.40558860898955     
  -353.68138682058446       -1577.2810777794832       -612.53834021995795     
  -288.97959166239997       -1652.7814993068582       -1632.6488016781425     
  -415.23519658173529       -1708.8572365844709       -1409.5826397967230     
  -395.77530358309883       -1738.8630016097216       -1220.0394475707228     
  -399.69727657369862       -1732.0958141043195       -1288.7329059280523     
  -445.25021090201710       -1699.2815446143236       -1123.4761197464838     
  -372.75929507310286       -1563.6764531720537       -378.51166244838748     
  -322.97616279957128       -1630.5876703603519       -1534.9032661581800     
  -317.22646529081862       -1646.8668477291283       -1722.7705130207232     
  -415.62933743103690       -1700.6821220790478       -1472.6879194011046     
  -404.13462506161761       -1711.4734258577753       -1496.4380131709063     
  -331.66827499064306       -1627.9971432906570       -1525.2580849167825     
  -384.13417440153813       -1706.9138124706799       -1700.1843237285677     
  -382.33696968603732       -1709.2390676739449       -1692.3688644537483     
  -333.10669064963099       -1628.7474397905435       -1540.4642838525872     
  -372.37779379466070       -1712.2683528460634       -1725.0757644476828     
  -294.07639174936435       -1658.2530532041899       -1719.6333428229027     
  -237.75189753456561       -1683.9108434051350       -1497.9372706215647     
  -245.48183153993645       -1674.7245491070662       -1489.8976955792436     
  -321.96147842848274       -1738.5236504431446       -1572.8825535081924     
  -464.14524332571443       -1684.1031394623610       -972.74324215165711     
  -431.27929443419225       -1723.7451262308796       -1064.1729132251610     
  -347.94039652380047       -1600.3344795661153       -1080.2890764202750     
  -396.91112909697694       -1697.9579662067647       -1668.3014673057469     
  -401.05065453632614       -1695.1905474014573       -1649.4593341949831     
  -327.93968097046024       -1651.1813179657956       -1801.7178485196252     
  -366.69559322159796       -1703.0508527772042       -1829.2159218540583     
  -324.30979858194775       -1654.0080299454562       -1818.0332131108021     
  -300.78101371211551       -1678.1569561061740       -1880.5791807673882     
  -330.41759009153009       -1711.8748388103711       -1857.5123846641375     
  -299.00175237721686       -1676.6106710988711       -1866.9128575552372     
  -329.35751264737752       -1717.6176102046370       -1809.1679005936649     
  -397.19209823498738       -1682.2063700457411       -1732.0873673246242     
  -359.57001374201599       -1629.9405614320447       -1587.3788046733878     
  -416.96352421344790       -1682.4523752283853       -1554.1664930047864     
  -389.79898409387789       -1708.1575098082660       -1648.6998631547335     
  -312.01468032549320       -1650.6041636166090       -1740.6359236066057     
  -359.07296082598901       -1716.9647942174922       -1741.5912714224905     
  -258.32642896068290       -1667.0393458054914       -1532.8286929990641     
  -211.96552926931281       -1688.1133771103237       -1319.8924715792739     
  -213.44280752424456       -1686.3831005356446       -1316.0629908136600     
  -220.13659308167200       -1677.0990963568461       -1283.5828859174053     
  -278.27278353332514       -1793.2865170658333       -768.16825261212898     
  -222.51839318954455       -1654.2177406998478       -1029.9819704917988     
  -211.34719957965990       -1665.3529218245656       -1058.1968234957690     
  -298.00808866053114       -1766.4789731133640       -1179.0419581839865     
  -340.40943975063055       -1712.3679527651816       -1840.2382195719058     
  -276.22668908046251       -1674.0650391422166       -1724.1603102924096     
  -318.50887412166907       -1742.6293092796750       -1519.8750249414438     
  -242.92129970595693       -1677.0725931118666       -1487.6078111913616     
  -314.01788800626275       -1740.3359555957304       -1560.3912952581900     
  -265.00742334484710       -1677.2015901520722       -1664.6370470349091     
  -333.26036916671677       -1721.2057432431993       -1768.4207965629396     
  -278.98402894519910       -1673.8499390838408       -1741.1935670716507     
  -347.89292806097461       -1712.7207058698684       -1820.2733248259353     
  -366.37934927566459       -1690.2285671377558       -1895.2731375828057     
  -340.34370763117812       -1655.7355930359436       -1861.1364874295405     
  -367.71679375348936       -1690.2072830382308       -1889.7132432756894     
