   20.000000000000000        40.000000000000000        16.887017761224513     
   6.8479052784406793        15.759120819367464       -66.660114693998679     
   7.4816275020284353        15.209955112152871       -66.721984960206399     
   8.6178188005532377        16.947035964412514       -66.588916775114029     
   6.6332721162919590        15.106384132572616       -66.501191050203261     
   10.829393644053757        16.523696546847368       -66.198142950875905     
   9.7285635068518772        19.161921473368778       -64.734381711224287     
   12.157378262472985        16.426613677856874       -65.518309913127950     
   7.7136550802765393        13.201869865402671       -65.855116278324147     
   12.143020625165278        16.863182919455312       -65.351940583679010     
   11.000558167382451        18.302623815476945       -65.043844298806391     
   5.7396279742429188        12.873775391633611       -64.785920803859995     
   12.354278562291935        18.392882649032284       -64.144284988354357     
   16.669340466689651        16.205914374317878       -60.566367993483027     
   10.033601847443279       -1.4353576875497644       -30.410031425265888     
  -5.1007865231956906        13.183651962828320       -53.153563054518543     
   16.818676018486439        23.996230359388058       -49.706152060303474     
  -18.394129036307223        12.733197298790643       -33.735245153536226     
  -37.830183148478980        26.933399808406055       -101.48396364637355     
  -56.292568040371322        43.633123520794229       -114.75146680974541     
  -54.143162148156399        46.719434515503629       -110.66471402815139     
  -41.007573508164270        32.391076916797232       -119.10268671614988     
  -57.917554533943786        41.134378085814653       -113.79423306867868     
  -49.315929817083969        22.120227710527555       -74.949918671327083     
  -36.755606760110403        54.747218608661015       -55.800184361794436     
  -5.7111800636473689        36.303717140642568       -36.702572494700561     
  -25.000619487650461        10.868954323852748       -17.397982566111587     
  -3.5078775374825675        36.876494819217186       -29.484548295693315     
  -19.919187317606635        5.6508507093030929        2.6167403915285590     
   10.192336018251854        30.881780467787117       -33.660219358210000     
  -14.385457738018591        13.184436559619620       -40.311998066244179     
  -23.424943731593377        22.395509450476741       -71.953165434137347     
  -31.533279110562020        43.054181471953896       -96.479008612537712     
  -65.922705279127371        26.814346832043015       -52.699059470244613     
  -34.516305243844386        56.781460979114058       -37.644663402388389     
  -10.933848167134975        39.266765861445329       -41.024768603538149     
  -37.857594153806296        16.037141696736228       -44.093923654304710     
  -7.3782435127568569        40.442428745028714       -25.854886203935184     
  -29.438177552357779        9.5788946630707628       -6.0975509379010226     
  -13.537598647392695        37.374396685850385       -54.840565283766047     
  -6.2603291863231592        33.361304134660777       -47.040236874985546     
  -31.424145475906357        18.309415256548053       -57.504045666638888     
   17.006244188329113        38.867249569132937        9.1708905201359965     
   2.3436038602874056        15.473485853955292       -64.327190384417108     
   8.5643601775465061        19.047311438969047       -65.158562944544528     
   11.684865083748425        16.024141608782660       -65.917457247027897     
   10.250784028318096        17.699631994558597       -65.828065106822322     
   6.3230093387556252        13.866859081314823       -65.844732343783875     
   10.293753320809987        17.729809627598435       -65.792081059303243     
   11.875695618124624        16.369400439170775       -65.714698735030822     
   10.347349820816875        18.849848725565700       -64.826478887248754     
   6.4471598805227632        12.618476605806162       -64.913447556857491     
   10.533293709001214        18.907667069788324       -64.688049649308837     
   14.053927271347355        16.292704433301232       -63.967279585790834     
   8.2203266607783974        12.946108307052977       -65.761457456506548     
   10.895924275711838        16.676387707407450       -66.114019693214232     
   8.6428521100209910        11.578553065414649       -64.503915945431231     
   15.029887323661182        16.178367439453588       -62.894492408514289     
   9.9351358914913952        6.3397356803693388       -55.060350935520617     
  -14.442662423605491        15.464620168927890       -48.201065769492971     
  -21.403296078140478        23.933232699401351       -74.550859561834201     
  -20.273019345164190        26.005215543597956       -77.486666454281092     
  -39.580960639666110        34.477141490303850       -121.05711347503336     
  -47.111194692328731        41.500228949114756       -124.16419559016575     
  -52.589237531920581        36.011455363727087       -120.61172703045756     
  -45.064743571305129        52.552411092538065       -83.338263893253185     
  -64.287500231616846        26.489500172530860       -58.131178462386742     
  -31.545982326929760        52.358850205253056       -56.135938398915144     
 -0.89033519704031505        37.338134872104831       -21.956352301015709     
  -20.119958780851331        12.385615936042285       -30.254304812977445     
  0.47994831235472546        33.884647894649994       -33.035400325668384     
 -0.15583348151078491        35.561245097539725       -27.696158615526080     
  -11.510461455455678        1.0122245217549874        1.0460120765668233     
  -16.407594020188341        5.3036529420978162       -3.4291799859119738     
   35.007935179557840        24.686160736592946        9.2579834360512905     
   11.769553052447222        8.8804988655856949       -60.008491935907124     
   13.826749729204758        12.410486157285861       -63.172395145504517     
   9.3095202875919796        26.573134261931841       -49.514411699795481     
  -14.809385415308512        14.442205654897064       -44.377208447105957     
  -21.113278647614607        22.596884913044505       -70.686501762773062     
  -7.1988225455789046        31.092776648592448       -54.327691083489078     
  -24.825131270981601        19.337739438074408       -60.925698777624106     
  -15.579141013443946        33.371112112429749       -68.863629544826409     
  -27.479958575297921        11.460789819282937       -18.765566477074753     
  -48.155200398416525        30.271953222287202       -112.60515661787068     
  -29.063353411718232        44.085999745398425       -85.983084146627505     
  -57.650144395752903        24.322730507516130       -70.598351728082719     
  -24.586490615415151        47.563643595604390       -57.330733700579259     
  -51.936281210964474        18.045411839168828       -49.018010431038121     
  -23.579548484924320        41.524369322418551       -76.268475415911951     
  -39.320407574981850       -1.4477120624060902        50.648429979531535     
  -30.326363738055235        5.5859548227561984        18.192704178894012     
  -72.047088794512533        24.333417509489436       -16.362163985648227     
  -49.472631448951105        64.466160376593706       -6.5337677083703891     
  -26.013171838655474        40.258011004665804       -87.482501566234191     
  -31.575148740176662        48.757665806977123       -74.673009359406024     
  -53.287544902950046        17.039025742449191       -41.864723024183213     
  -30.929698519363875        40.553868574642422       -101.14775005257790     
  -35.685951719240883        48.043068832581930       -88.954409415287813     
  -36.143728836103534        48.926296508425537       -86.041812632370508     
  -28.773639981215162        41.221172602422435       -93.538314852887780     
  -42.985332388189740        8.8574154722982428        1.5757781296890983     
  -32.098801640217332        28.072798984758442       -99.658657824167946     
  -51.787882935585557        40.673187735047904       -123.23688221069585     
  -50.662708441866080        41.912457427439016       -122.88953425001422     
  -46.131272259728988        34.367946029383866       -123.56063775252375     
  -49.886137803468422        38.836889595932512       -125.30617601817319     
  -47.422929668905553        37.658109239836186       -126.24783985323108     
  -47.394786791285640        37.624200889053512       -126.24496424596694     
  -46.202607738807380        40.623101422978692       -125.05962695629063     
  -50.925625900474472        36.096830389535519       -122.81810095292769     
  -51.773243192109206        36.849913017762510       -122.64503988963743     
  -43.213663071588314        43.236590557438689       -118.70296689386181     
  -49.644364850731179        25.556139736627177       -92.057339596764535     
  -26.085098052353658        45.613057979825740       -70.723153420459226     
  -29.088811683223639        50.309389529766769       -59.484419382582978     
  -28.606746484480826        49.575801086891879       -61.587142545069590     
  -26.643836588809958        47.049789599034021       -66.694400495256474     
  -22.950703230029713        43.481863483498358       -67.823634798044196     
  -21.071197142265216        41.852847091823435       -66.705204549961778     
  -48.043132086005421        22.195786483136128       -76.715115162846558     
  -60.498112980824729        36.990181291017109       -104.17378019952469     
  -45.734790311794960        55.884949533797709       -64.235216101313995     
  -27.646573360473091        37.950416216409081       -96.700428519811084     
  -43.530974030272660        25.549173245197636       -96.639464081762767     
  -54.725299384214026        40.017118373126848       -119.86682327460102     
  -49.127194528236132        32.643486720089264       -118.42589024968021     
  -22.977491216885788        42.025011020977274       -72.727282572286384     
  -49.404052044774573        23.098343583520702       -80.077043985457053     
  -53.593321642655916        32.188059086523161       -110.95064910849169     
  -60.451713057595803        37.122513253799632       -104.52089940504838     
  -46.497028539046433        57.273761813962565       -56.024120609858684     
  -24.953291882892600        37.926338127801884       -88.946218087984761     
  -39.316913203218760        18.667071981422279       -60.253468482054359     
  -67.345519681661131        38.932546258983663       -82.135892603755778     
  -46.746841370370007        56.904228908842832       -58.750790994063578     
  -63.117250516146598        28.216752635498057       -69.452607446164464     
  -89.269096209494805        36.927446958971331        51.205941413931924     
  -73.827399390460954        9.0951172825411497       -14.900760232692868     
  -59.854481048530559       -3.3449067711209910       -17.444541696850273     
  -93.688012779577804       -27.478242709498403       -70.835060482558617     
  -104.85408699779617       -34.911029288209292       -103.95266447143131     
  -112.72094973586067       -44.750735817350879       -110.51780633766084     
  -129.70405544684496       -30.427546674868609       -69.187753469471360     
  -93.227146309615605       -56.935580146083616        36.790421111230323     
  -88.005251396010763       -51.708212223987800        28.863060938759475     
  -92.195454212205888       -59.573610755960487        56.673078615412741     
  -159.11531457327169       -35.905493951144280        63.358069326542719     
  -121.61385209150896       -66.287744469211930       -68.667542089325465     
  -146.65324424132700       -7.1463785344036239        149.07538727442255     
  -150.60236738009479       -14.924579043366457        113.23889790781166     
  -119.81578470603642       -40.579334080195338       -121.88920702775049     
  -116.92273778539885       -43.257878482830925       -120.27443797359275     
  -117.23021222577061       -43.511947728154567       -120.39773844368221     
  -119.24089303509700       -47.037869826182316       -118.84486761661061     
  -118.36817208852914       -46.304105258149384       -118.63269800301033     
  -116.28323772669680       -44.879813813777069       -117.50255550582867     
  -125.75467308574051       -33.420377108473048       -95.988375654267458     
  -111.71056403839427       -71.371102766599151        19.831218929464022     
  -142.13524478477655       -13.276346584247584        96.779568236492892     
  -109.08925522359556       -48.293335750205920       -88.020723213612271     
  -109.39263926377731       -48.617084613461522       -87.888248263597816     
  -116.79477123978934       -67.320420083960769       -34.533611393189901     
  -124.96467872619272       -77.932180159403885       -40.966719603407071     
  -160.21074396579871       -33.072769458008672        80.975860242649560     
  -119.84372823383339       -55.489497387047976       -100.50731934068270     
  -140.76446026269301       -33.091820941716392       -31.311905689479914     
  -114.12743734363920       -80.470287337172778        45.994554509145480     
  -158.92489231294871       -57.184175346628976       -57.976899579859008     
  -149.25115323670875       -31.286443571211901        25.422278381660000     
  -141.88801173747231       -21.269520354314160        41.699021933097690     
  -114.21799631217824       -66.830560221926220       -20.667614975000891     
  -162.35167905366387       -36.190216652549928        81.389453120877590     
  -128.15057217268679       -65.028812510836559       -105.94658658065140     
  -130.90334594717172       -66.923416767739667       -113.58233065880323     
  -158.96247180092487       -54.999644538142135       -43.308172087150659     
  -104.15077121083314       -87.320345526602992        95.681817626393126     
  -112.08475220962819       -94.429671879288122        77.896110328953071     
  -113.11170558159084       -93.107400316772043        76.981233475711804     
  -120.33382030618381       -108.33707178251166        57.222387428983176     
  -125.55608416135023       -111.31431632746364        63.659994122247546     
  -121.93119547413275       -108.35031201170253        60.402963366440737     
  -113.72183368090494       -120.82460212166181       -63.132419699366032     
  -57.060574188905434       -182.43657342221030        62.883324828899717     
  -43.554529676208162       -204.52563776003285        74.261096594519458     
  -52.127123069523584       -196.47437373309086        72.019374256739582     
  -29.997973390087576       -175.25412095607220       -86.211691663345320     
  -13.840718126546648       -154.24430620041520       -105.39350529127083     
  -4.6456270149214198       -163.46395269492365       -120.16020761413114     
  -3.0466851700911652       -165.08462993007205       -120.81525177895803     
  -3.3261624160336538       -164.70524086976619       -120.59389429065286     
 -0.82783897831724218       -166.59471732947031       -120.31943948821051     
  -8.5375033069688850       -173.81263422035835       -122.47007634010609     
  -15.132944132824225       -169.62614686970539       -124.48425712106248     
  -15.405218393739371       -169.34211614504940       -124.51430934417350     
  -14.223769489164336       -171.87038371201061       -122.65147085379050     
  -18.770374844990947       -168.93178884835987       -121.59768835369329     
  -12.825269764151638       -161.73664387017203       -122.69715014323555     
  -15.953639278050424       -166.79654454809148       -125.20988141178061     
  -14.117363126620591       -168.49943855580878       -125.81322707554304     
  -11.906557792537244       -163.45090236309758       -124.72176904975407     
  -4.0721283601365759       -166.59576326174442       -123.47838305716243     
  -2.6592155240272870       -167.55236444852250       -123.06736948721947     
  -9.4565200793399669       -171.60739073880831       -124.98326920432950     
  -5.0643639346940947       -168.14055845426503       -125.13199974833219     
  -8.6820151951114557       -170.47975683049540       -125.92699883855971     
  -11.644239474869469       -168.54943189132558       -126.61367128162686     
  -8.9176149010759556       -167.32651458546115       -126.55154411935246     
  -8.7874132717878073       -167.42588935579991       -126.53955521436539     
  -9.0858213107253913       -167.05086757335559       -126.52398757148815     
  -10.584036981146911       -169.00839294769909       -126.58874290077175     
  -11.827644146853180       -168.05950148806275       -126.70623030401555     
  -10.872653346490074       -166.79328990591966       -126.73952186123789     
  -12.069437462534445       -167.59356043762634       -126.73048440192528     
  -11.771247974791022       -167.95766263452163       -126.73269283363649     
  -10.915045666138029       -166.88876576457994       -126.76113143755816     
  -11.435062999907766       -167.67807290309494       -126.80186875010253     
  -10.989069802874173       -167.23190931239793       -126.81163008899019     
  -10.594280567233040       -167.50850556177542       -126.82246009659102     
  -10.837080462069414       -167.78352923337732       -126.82534928682813     
  -10.631854195754673       -167.60282702717635       -126.82670015590395     
  -10.739896855557987       -167.80533768082717       -126.82524362824107     
  -11.007823167024238       -167.67346785956198       -126.82579107955546     
  -10.839980766690861       -167.49344364205575       -126.82714951044504     
  -10.787903665344688       -167.56719719409310       -126.82861298434710     
  -10.834668360570898       -167.67367773014618       -126.82872166025201     
  -10.791812671240500       -167.58928261152462       -126.82894020791748     
  -10.845114585364341       -167.63746875384749       -126.82906346054047     
  -10.819955726720595       -167.59093807120712       -126.82906168936096     
  -10.801952094792396       -167.60949757396412       -126.82913258665015     
  -10.829840683264365       -167.62880633494987       -126.82915581433360     
  -10.815865596085320       -167.61175699629575       -126.82916674204530     
  -10.813156380411295       -167.61573678509558       -126.82917297084879     
  -10.813616954256494       -167.61475305054765       -126.82917156568740     
  -10.820645868513493       -167.62565961639058       -126.82917559633549     
  -10.815251138007794       -167.61824882690840       -126.82917796353590     
  -10.814411117670613       -167.61922983421900       -126.82917832465525     
  -10.814570776020023       -167.61900135986539       -126.82917824092618     
  -10.810420161178804       -167.62070228526218       -126.82917627387374     
  -10.814969396926223       -167.62617195820971       -126.82917691642371     
  -10.816187189255750       -167.62264414863765       -126.82917962086103     
  -10.818631118487986       -167.62154319961425       -126.82917985072507     
  -10.818558353130404       -167.62167072341254       -126.82917983347700     
  -10.818534842002853       -167.62171210681731       -126.82917982706533     
  -10.818767065688730       -167.62145374118390       -126.82917984848930     
  -10.817781566876011       -167.62041844418178       -126.82917990437667     
  -10.818122073711093       -167.62137708762739       -126.82917992736844     
  -10.818222710851689       -167.62125178757614       -126.82917993405310     
  -10.818189159294603       -167.62130865473421       -126.82917993070855     
  -10.817554316920997       -167.62085736113812       -126.82917994400938     
  -10.818391053613698       -167.62109843116269       -126.82917993396703     
  -10.817988731403910       -167.62067888427481       -126.82917994308117     
  -10.818271082818701       -167.62094758333674       -126.82917994678201     
  -10.818090980756288       -167.62076783712519       -126.82917994871451     
  -10.818187319848395       -167.62087792036726       -126.82917995008552     
  -10.818040863956037       -167.62100262530248       -126.82917995442142     
  -10.817940760362069       -167.62090914531569       -126.82917995511457     
