 k   gradient vector, at each step of the optimization (k):

           1   3.2926679682323079        6.0687797715613634     
           2 -0.15887790933659574       0.13767909060794586     
           3 -0.28525034531562848      -0.43610870246196787     
           4  0.49893590691575407       0.46275922774627648     
           5  -1.0564253265504027      -0.35682587364737084     
           6  0.27753448643282408      -0.66513295315253240     
           7 -0.61319066725338500       0.69056942625680451     
           8   1.1234435218540375       0.81526625246487072     
           9  -1.1213662624889984      -0.92692122463519100     
          10  0.28963312777043404      -0.36492207346972061     
          11   1.3355735028978992        1.3782023026249794     
          12  -1.6815498728350606       -1.4030452528527464     
          13  -1.0984646914966780       0.55672606428863913     
          14   1.6915436616321473        4.4970098509952425     
          15   3.8632457480473348       -3.7316887534122167     
          16  -5.6028569883259109       -2.7638145924328583     
          17   9.0130357892225827        2.8828751334180387     
          18   4.9815911083232836       -3.6396072037065226     
          19   4.7384462349252017       -4.2860520681706014     
          20 -0.55239972034220519      -0.79318538045399312     
          21  -3.3804156088481974        3.6873721462592011     
          22   4.3576055432686127       -2.2530987812755949     
          23  -2.2195667891693667        4.9064192040996844     
          24  -3.2454145067519726       -8.4303651340940018     
          25  -8.0321785183867433        4.7719192157647496     
          26   4.9974490424626516        6.5895606549281629     
          27  -5.5756868212396880       -6.7469242002288237     
          28   4.2631076240081445        8.1113746101338542     
          29  -7.8323307286646582       -6.5628359035831512     
          30   6.4014028789760591        4.6093571037095273     
          31   2.3574838084827294       -2.4022334029152472     
          32   2.1174255614652888       -5.3948434739964508     
          33   8.9923167401378716        4.2464720456146443     
          34  -8.2230665081472196       -7.8462215475752233     
          35  -6.1826183669721990        4.5918317745339374     
          36   7.0678184257399632        6.0980654688847693     
          37  -8.0116302334713190       -6.4150361297170306     
          38   5.8060859935310765        8.1231581482719086     
          39  -4.1903957823599862       -7.3251518162313074     
          40  -1.9203138226715664        1.0589682213824607     
          41   6.6487606355095208        3.9769963788953198     
          42  -12.812721811655104       -5.4387712740573528     
          43   3.8841291570917158        6.1970012021955707     
          44  -1.6499908268489527      -0.94792001668198078     
          45 -0.82874111596801336       0.80289094686248708     
          46  0.38134864876888286      -0.44554384999471108     
          47   1.0457994376549227        1.0205045029647206     
          48  -1.0585853467565476       -1.0298480239527685     
          49 -0.42227524366715213       0.36314037655196857     
          50  0.40848530963790741      -0.66295643832285378     
          51   1.0437326085008083        1.6675819323315770     
          52  -1.0948726577094157       -1.6851779621483769     
          53 -0.94453538807881521       0.70155689449826963     
          54   1.5670373479586037       0.89897157321044696     
          55 -0.71962719332231129       -1.0032937988143271     
          56  0.60674310452531466        1.3728259858427549     
          57  -1.7221497513103454       -1.2402576336838664     
          58   1.3754200084057941        2.6561160356783029     
          59   6.5894085689083282       -2.4664898471151142     
          60   1.8838192961032383       -2.2919372700693237     
          61 -0.30627577840036413      -0.56145379261896944     
          62   5.2384177889720478       -2.2985095567239684     
          63   2.0455393490936706       -1.9077762588327922     
          64   1.4899060868022236        1.4928246115281651     
          65  -2.0490086236781555       -4.5042977121932717     
          66   5.2409991606379416        7.1059368158970493     
          67  -8.9377475761023852       -7.0617899030639553     
          68  -8.3785630400619251        4.1053450867426209     
          69   5.2620932848183033        6.8281358582232912     
          70  -5.6439175534487198       -5.8902578203063420     
          71  0.17440143875808098      -0.45990773441932908     
          72   3.1184616228483346        9.4886239355273716     
          73   1.3465851442480172       -1.1800321273828649     
          74  -14.154993778194136       -5.3361169574081186     
          75   6.4053612753599900        4.3566274935238676     
          76 -0.56772089900154332      -0.97416429909206992     
          77   1.2481061037212906       -3.9131259044380990     
          78   6.6720026868824238        3.3557736514879073     
          79   1.7459254218048064       -2.2585188706084134     
          80  -3.8583380523757294       -2.3558249155950368     
          81   4.8934098751328401        3.2634294601684286     
          82  -2.5699153374520556       -3.9005643167972472     
          83   3.3117407544066833        6.0971699551955485     
          84   5.7602757484234761       -5.2409296721644010     
          85  -5.3254064126929208       -3.8532370383373329     
          86   7.9832798367517981        5.5191822301145423     
          87  -9.2443616763944085       -6.4979934674885049     
          88   7.6557762677559769        8.2627681318998878     
          89  -7.9469333692400257       -6.5799439061349361     
          90   4.4165075946071246        12.056935565354825     
          91  -2.5264559874542454       -1.9757797646947262     
          92   11.733127572616288       -5.2723525554419783     
          93  -6.3559942960175313       -11.299650788593917     
          94  -6.6128313491426987        6.8238745363579429     
          95   1.5696431184881492       -2.3986839402953772     
          96   6.1345233986664907        8.9616428417669827     
          97  -6.3241682365239358       -6.6514376910373851     
          98   1.3469076856559783       -2.1208419659189528     
          99  0.12978527158543382      -0.25040557851983558     
         100  -2.0919031399524082        2.1869984487363938     
         101   4.0384175406551099        9.1965376630058131     
         102  -3.0970666733837500       -5.4665095125746932     
         103   5.6076538389243469       -3.5887209406830975     
         104 -0.32082587116154193      -0.35335832876122553     
         105  -1.2935350463283792        2.1536416951602582     
         106   1.0730714069595439       -1.2771417524056985     
         107 -0.70473577745791294       0.33725476911559582     
         108  -8.0609043686678816E-003   9.7122965408843309E-003
         109 -0.34185811488129192      -0.85993666900371579     
         110   1.3558518842714771        1.2993710587915999     
         111  0.24360138764023512      -0.21643255164136729     
         112  -2.4627414579646363       -1.8375592417090372     
         113   1.8522953500872492        5.0926660833587221     
         114  -6.7935729588099223       -5.7836323422186888     
         115  0.86711901309050010       -1.3557478771873355     
         116 -0.13931849699593271       0.21200957783605157     
         117 -0.56791755293946011       0.73083653307015561     
         118  -1.0696974435846132        1.0334317973147367     
         119 -0.54499166602346427       0.47235833023260121     
         120   7.8295626652044108        5.7061604282549929     
         121   3.6194857084659877       -4.2993322129303442     
         122  -4.2950224485140254       -5.4969640359114296     
         123  -5.2680967184716634        5.2233371797185999     
         124   4.6313180036845045        3.6157549179576445     
         125   3.2674324487174564       -4.2229461698301778     
         126  -1.6357758179105806        2.1545877861396265     
         127  -7.6493181576156122       -2.7442859800916426     
         128   7.7387168344425605        5.5424586222952090     
         129   1.2281123985805549       -2.6647108876575571     
         130   2.0127633767608799       -1.4481367468418580     
         131  -4.0997774286435762       -5.9202795947213920     
         132  -6.3362200224756222        5.6902632677026093     
         133   4.2290350572187307        5.6704440957439370     
         134   8.2612569147405654       -5.9731221255957703     
         135  -6.0778563004392145       -5.3027336498122226     
         136   4.8354425284465359        8.4736210054786465     
         137   7.7329255467787137       -2.5756939473415370     
         138  -4.5708868629442092        8.2386302214089664     
         139  -4.1405279119329492        3.6862926955450432     
         140   10.036406795108551        7.1589327039808657     
         141   3.3158352309512602        2.2072122323546308     
         142   2.3385932979446791        2.9250633332461677     
         143   5.0539405300580853       -4.2623856530587192     
         144  -10.866511013201253        7.8967720803754604     
         145  -1.5572505571501039       -1.5588826936949507     
         146   1.2509008388293512        2.3480566581036864     
         147   19.998597445100348       -7.0730742369946471     
         148  -11.218856523113075        9.0890884476102478     
         149   7.4985838878128792       -17.711152533118568     
         150   1.1838875156196604        2.3317871215889352     
         151  -9.2389954708206279        7.6989436632081256     
         152 -0.86910343420907066       0.80466449486378733     
         153   9.2464908685092981E-002   7.6404690874912390E-002
         154  0.60528821048744175        1.0614310670962914     
         155 -0.26299340714077807      -0.22111906966948713     
         156 -0.62894324025605963      -0.42965308284585024     
         157   2.8601163430323169       -3.4604387783198312     
         158  -4.2453173141225404        11.471918380639531     
         159   9.2063883609860451       -17.579244022638445     
         160  -10.009872741330684        10.606902985515303     
         161   9.1991626469327584E-002   9.8166615754196954E-002
         162   2.2467637301265651        5.6770097998370366     
         163   2.4823440623933113        3.2242763652658089     
         164   10.720103583748473       -13.644006108360909     
         165  -12.290165677014501        6.8250103503759263     
         166   6.3760244554628356       -6.8261537198592208     
         167  -8.1264345104350415        14.454243086306594     
         168   13.680696597512176       -7.1113466891494355     
         169  -2.9572566198289985       -7.9169221050745726     
         170  -2.2531848625333422       -3.0652649774302665     
         171  -8.4758132380975937        13.956149243718549     
         172   14.759057811721304       -9.3951382141317996     
         173  -10.497515844948055        8.8515736646172698     
         174  0.84577141871427708       0.58210454673590706     
         175   8.6296264961332625       -3.6671741415860732     
         176  -16.874301108065627        9.9502338849459537     
         177   2.4449929317830286        2.1908613953945495     
         178  0.31678921832687568      -0.40788743300466035     
         179   2.2300600030827584        4.7026504688695283     
         180   1.6141458004960596       0.92023438733945451     
         181  -1.1215269056980088      -0.91705177056976761     
         182  -2.5424638143214362        3.8633248250896166     
         183  -17.565530242120676        19.100298067134702     
         184  -4.1911399927060202        6.8545872820624769     
         185   2.6628362700418826       -2.5008998895645833     
         186  -6.8805715040096764       -6.5979700386371993     
         187  -5.0286825683932275       -6.5389626829346286     
         188  -2.8646319165107137        2.8722818824192031     
         189 -0.49862140486702561       0.50539946930433144     
         190   8.7238757934141611E-002 -0.11842620776968633     
         191 -0.78061296668853275       0.59037585063283693     
         192   2.4112706598359162        2.2574719835015546     
         193   2.0647954234371997       -1.3106386896868092     
         194   8.5322154790730603E-002  -8.9006259251123127E-002
         195 -0.37058814075141555       0.79304824214913883     
         196   1.4275275575458388      -0.92264993770531489     
         197  -1.8684297312923093       -2.2612927131486100     
         198  0.98413482005154196        1.5917635116374071     
         199 -0.57822011311234112       0.53621976465463728     
         200 -0.69682493403011947       -1.5912508646507642     
         201  -2.4717119806382848       0.99218333992248031     
         202 -0.44619274677013837       0.30209118367657700     
         203   2.1486211560446176        1.2817897454389435     
         204  -1.3896844949542317       -1.0969107002968295     
         205   1.1457234526389268       0.74083272463162353     
         206  0.93904206765618692      -0.61192406480255179     
         207 -0.86517867810376525      -0.38804094567591119     
         208  -4.1353243826221645E-002   3.1562347802107031E-002
         209   9.4867123249438426E-002 -0.11922345585271414     
         210  0.47675027128719616       0.62290815113905906     
         211  0.39610523674886200      -0.30223440860825995     
         212 -0.30446450320224283      -0.40368606709042471     
         213  0.38191152394531686       0.25537817074545299     
         214  -9.5246297697202775E-002  0.11629982834114189     
         215 -0.27374132074689672      -0.34174311136861285     
         216  0.16641379980015125       0.25259081111289944     
         217 -0.14285869216640029      -0.14291327195835679     
         218 -0.12657560876718482        8.8681087240944825E-002
         219   7.7918193045193207E-002   8.8259294965170099E-002
         220  -6.5921692629126630E-002  -5.8044204128904653E-002
         221   3.4737221196508225E-002   6.5109998063027183E-002
         222   8.6222169994913903E-002  -4.2437422752929985E-002
         223  -5.4064030479917410E-002  -5.7987938465183193E-002
         224  -1.6790207902318357E-002   2.3778924714144493E-002
         225   1.5091391769406732E-002   3.4362235819574156E-002
         226  -1.3842705125117928E-002  -2.7260248506818411E-002
         227   1.7232804867452736E-002   1.5578847431929372E-002
         228  -8.1414951693499406E-003  -1.5057492603597903E-002
         229  -5.8313998067146544E-003   6.0114470914267174E-003
         230   9.0414497957957661E-003   6.2598791346876771E-003
         231  -4.5348644292108270E-003  -5.5324477345680247E-003
         232  -8.7993582078728133E-004   1.2926097976303770E-003
         233   1.4972824062679899E-004  -3.1980288207836396E-004
         234   2.2871209116795826E-003   3.5488603078522411E-003
         235  -1.7569785641506660E-003  -2.4135771471598521E-003
         236  -2.7383045009310669E-004   3.1978948784721717E-004
         237   5.2092860901582575E-005  -7.4545946174540246E-005
         238  -1.3554797953840632E-003   5.5547674188296235E-004
         239   1.4870052560744800E-003   1.7878678691493322E-003
         240   3.9841910011422177E-004  -1.1541760290284442E-003
         241   8.0029077007524169E-004  -3.6051753468482157E-004
         242  -2.3849294053053874E-005   4.1796710205917667E-005
         243  -7.7128593283295044E-006   1.3575885668273797E-005
         244   7.6249846754581350E-005  -8.4833465111336644E-005
         245  -3.2387579538702165E-004  -3.4024154640697107E-004
         246   1.1200504024507609E-004   3.1533257674454040E-004
         247   3.3132849464862723E-005  -4.1252640048632086E-005
         248  -1.1056084970379720E-005   1.8739164030771270E-005
         249  -2.0938338088094722E-004  -1.4884541871304030E-004
         250   2.7621811369024521E-004   7.9580479776565814E-005
         251  -1.3293024848649257E-004  -1.3862141015885148E-004
         252   9.3373937696519148E-005   8.8859088898455381E-005
         253  -5.9612827344462157E-005  -5.9495042601707446E-005
         254   3.1915991790535747E-005   3.6469264696640812E-005
         255  -4.8562030872130163E-005   4.1349820870293390E-005
         256  -3.3221810264634690E-005  -3.1023605262682887E-005

   k   test 
         257   6.9314864958869293E-010
