 k   gradient vector, at each step of the optimization (k):

           1   3.2926679682323079        6.0687797715613634     
           2   1.4887448788015165       -1.2901040926110492     
           3  -5.0233263802526542       -7.6799779061123967     
           4   2.0121781434062904        1.8662797983145718     
           5   16.676855090560068        5.6328954236745918     
           6  -7.8864702311111232        18.900538459886633     
           7  0.18836612783942774      -0.21213611976670449     
           8   7.6574067411286757        5.5568661672787751     
           9  -4.6720949396955378       -3.8619531441066108     
          10  -20.215302186024555        25.470187220393324     
          11   11.390910275610350        11.754485048391132     
          12  -14.930575315677700       -12.457717227086231     
          13  -11.368212613806703        5.7616601748552503     
          14   6.0138271382617168        15.987905305885425     
          15   8.6639191636447066       -8.3688824920825073     
          16  -12.698044614984187       -6.2637759763243377     
          17   23.672214363047836        7.5717038893571642     
          18   8.9740242316492687       -6.5565243171354961     
          19   6.5647077956643707E-002  -5.9379547703124022E-002
          20  -10.711397902898995       -15.380391966059998     
          21 -0.86508734733783477       0.94364106599947895     
          22  -2.6146651981272924        1.3519119417416194     
          23   1.8662922956688006       -4.1254953014319806     
          24  -3.3714346025990909       -8.7577179021347096     
          25  -6.1241771075235221        3.6383751124604875     
          26  0.47894324882900441       0.63152731755956926     
          27  -2.2063185617472212       -2.6697812439825457     
          28   7.0594531599047814        13.431954849135062     
          29   8.0350631508271189        6.7327086611416176     
          30   5.2231510419954628        3.7609519060641596     
          31  0.82993120023435007      -0.84568489681701409     
          32  -3.2100388776538731        8.1786380619689041     
          33  -21.681727344389575       -10.238835188892304     
          34   12.115161365124456        11.559950300925927     
          35   6.6417148246591493       -4.9328027963334451     
          36  -13.097973637583445       -11.300842203419851     
          37   10.355449728118121        8.2917686175542293     
          38  -2.8749788350093710       -4.0223151664883536     
          39   7.0163385656120951        12.265129084833525     
          40   12.425659626607887       -6.8522022384792773     
          41  -15.232252647111887       -9.1112640296367431     
          42   21.205581809143659        9.0013902501443166     
          43  -4.0635977600354387       -6.4833374961800274     
          44  -18.538586174404880       -10.650420977953067     
          45 -0.44266485886173046       0.42885721587386727     
          46 -0.20583523066054973       0.24048497727503665     
          47   1.5653006434309840        1.5274404418277940     
          48   6.9632820634311825        6.7742504609782470     
          49  -5.1369483714814850        4.4175769096665052     
          50  0.31743086736773207      -0.51517847099663916     
          51  0.29569631418809289       0.47243693162502470     
          52 -0.85326327224747656       -1.3133038369140495     
          53  -1.6135180671443279        1.1984460706179167     
          54   3.1977378034895958        1.8344651374534444     
          55  -4.7119740121432407       -6.5693658472411247     
          56   8.0782747164957307        18.278024700846270     
          57  -4.6023921619919950       -3.3145503216396595     
          58  -8.6806264416754626       -16.763425681288169     
          59  -13.966381230050727        5.2277738046779252     
          60 -0.90292640211010966        1.0985399063522225     
          61   7.3866373304985418        13.540919120571029     
          62   22.998605340841607       -10.091313121021741     
          63   1.7406240031568261       -1.6233963674413889     
          64  -11.793280424256078       -11.816381867241676     
          65   5.3339660878901300        11.725558872207955     
          66  -5.0612545179150770       -6.8622325077992015     
          67   14.399010928921539        11.376780237544814     
          68   3.1177902973886491       -1.5276611296802638     
          69  -9.9317787072850177       -12.887558364426264     
          70   8.7696806597321544        9.1524512182167435     
          71  -2.3092141985935055        6.0895453496645899     
          72  -6.6431612865254168       -20.213318877825269     
          73 -0.45747834754844219       0.40089492297989965     
          74   15.857752632835782        5.9780190692004487     
          75  -5.3170369132487867       -3.6164001068056963     
          76   4.7108235566278740        8.0834017846792872     
          77   5.3249783586798900       -16.695143701160553     
          78   6.2704661117243177        3.1538154206146691     
          79  -4.1276656176111644        5.3395239982814022     
          80  -16.584915886597337       -10.126421671277953     
          81  0.63372094951222524       0.42263036797177400     
          82  -1.1242090066291759       -1.7063011656358316     
          83  -4.4594469064354598       -8.2101854314919809     
          84   2.8180653160377624       -2.5639887356020847     
          85   5.8917216197301912        4.2629985780253863     
          86  -2.1786689420825724       -1.5062068668930746     
          87 -0.26194564850561369      -0.18412532659479400     
          88  -5.2984231758201945       -5.7185111783993365     
          89   7.1647301913938763        5.9322911834696210     
          90  -60.564521094059849       -165.33935756598885     
          91   9.0450113444109537        7.0735253154870366     
          92   21.250753042626648       -9.5491557060071806     
          93  -10.785867596957747       -19.175054542449359     
          94  -2.7021218947984069        2.7883579390604885     
          95  0.31883133841282940      -0.48722897715141267     
          96   20.092670381292482        29.352457231418335     
          97  -12.871322646717150       -13.537400869799507     
          98  0.46281685644688253      -0.72875180841305454     
          99  0.33362251630230810      -0.64368582183017742     
         100   2.7172808792727485       -2.8408050804330087     
         101 -0.98534221221390372       -2.2438830740876394     
         102   3.0600245302622842        5.4011278953560975     
         103   11.730417630051729       -7.5070959444243917     
         104  -9.7913874810585284       -10.784255970486612     
         105 -0.36142820864694319       0.60175165888125104     
         106  -3.1649393444405720        3.7668287072054705     
         107  -13.158407128149367        6.2970203867619707     
         108  -5.7265292578679547        6.8996911213394112     
         109   3.8060401773341068        9.5740114676742891     
         110  -14.101194003434811       -13.513779488025675     
         111  -15.071980270728369        13.391003967102600     
         112   19.197860068480438        14.324364043892940     
         113  -8.7706072968662241       -24.113743150683415     
         114   21.778870127015939        18.541197453431824     
         115   1.7776190603575601       -2.7793223665319156     
         116 -0.67221936465617849        1.0229578037877902     
         117   1.8612540278865755       -2.3951935168457319     
         118   3.0060389195457735       -2.9041260424200597     
         119   3.5784874776004272       -3.1015673726005835     
         120  -23.855885115430596       -17.386093380620952     
         121  -14.442697825184583        17.155463787630698     
         122   14.559657312876825        18.634108106179646     
         123   9.6998965846602889       -9.6174829692155512     
         124  -25.656498264899209       -20.030498813745599     
         125   7.8071622525491566       -10.090254794582332     
         126  -12.098758410917041        15.936069487145904     
         127   38.822915055264303        13.928193245090593     
         128  -27.379219115182352       -19.608960025681444     
         129   2.7944274746122679       -6.0632408930771815     
         130  -22.522799452735338        16.204633841134612     
         131   14.360029608654818        20.736586741939728     
         132  -9.2003429441682965        8.2623982942140888     
         133  -12.613684461520583       -16.912887127364161     
         134   15.201388702735992       -10.991033463452744     
         135   20.851483597350676        18.192247110578894     
         136  -12.758230837642905       -22.357501341935695     
         137  -1.8528100130328768       0.61713662019292936     
         138   10.446415193895385       -18.828764417585369     
         139  -19.242152204360981        17.131198394551603     
         140   27.384017340248086        19.532920626436287     
         141  -29.617039343226935       -19.714819033919522     
         142   19.163852022571962        23.969743231645353     
         143   5.7391477707983612E-002  -4.8402748258602316E-002
         144   1.9300323910067692       -1.4025684859663683     
         145  -18.824969502577893       -18.844699738370526     
         146   13.962789077848734        26.209447497550816     
         147  0.23501972623644210       -8.3121427659707176E-002
         148  -7.8186080822466817        6.3343372161266531     
         149   9.1371414301252454       -21.581315619958520     
         150  -3.8323214604558622       -7.5481476993214089     
         151   8.8951605225929331       -7.4124226984335877     
         152  -2.4999270719552893        2.3145720927703763     
         153   12.635288243988015        10.440666693190149     
         154  -12.178755067637669       -21.356617828285323     
         155   25.081004412614668        21.087556613634014     
         156  -28.181182265344074       -19.251549366547511     
         157  -4.5728773792426898        5.5326987834544052     
         158   10.940935731036957       -29.565168496767811     
         159   1.0493790801623688       -2.0037489403119602     
         160   6.1636079830138968       -6.5312310761590222     
         161  -14.364229395437803       -15.328436313029465     
         162  -6.2851143623501624       -15.880911441519672     
         163   16.444461805161708        21.359444220951154     
         164   10.457282880833343       -13.309501199153319     
         165   9.9296619853415216       -5.5141686130754257     
         166   5.1096378660110151       -5.4703638246432575     
         167   2.8789224850842103       -5.1206522826962830     
         168   12.197189536969145       -6.3402066417017817     
         169  -4.9584628446293513       -13.274385401192204     
         170   19.010955615002949        25.862776465056914     
         171  0.33744111261434484      -0.55562556610429281     
         172   18.034639496251017       -11.480267431079163     
         173   18.600195448724783       -15.683805828204587     
         174  -34.601232938058551       -23.814395438581766     
         175  -35.397040493837402        15.042031268194428     
         176  -19.015613041233451        11.212896819499221     
         177   26.943698286842597        24.143181625786429     
         178   6.0414061993169614       -7.7787169632621884     
         179  -6.2569657887203221       -13.194408697232831     
         180   33.110532281536159        18.876516842046598     
         181  -33.076644832162643       -27.046159618403134     
         182  -3.9447287266619400        5.9940945204856728     
         183  -5.9962124448567380        6.5201245502964733     
         184   1.8991397818952065       -3.1060330646299410     
         185  -5.9011769341301177        5.5423057395244779     
         186   23.903552604526364        22.921776746269440     
         187  -22.209656391290800       -28.879952625415889     
         188  -4.6611218219823343        4.6735692930964987     
         189  -4.3238844288976379        4.3826616233631404     
         190  -2.9199228340914227        3.9637816540511777     
         191  -14.179250749521461        10.723735807382656     
         192   12.231615988664073        11.451443783269776     
         193   11.061705325280993       -7.0214699280443416     
         194   1.7983362315519276       -1.8759861519998544     
         195  -2.1068482029952644        4.5085961479302537     
         196   9.2947630269637465       -6.0074584777592914     
         197  -17.173352384208155       -20.784285304582202     
         198   22.035717918517115        35.641104268206995     
         199   6.0571036400794558       -5.6171319791864764     
         200  -14.669090353916904       -33.497944131117322     
         201  -27.816906836115525        11.166135758197198     
         202  -28.710444700426592        19.438173942125655     
         203   31.387894290615769        18.724883593111841     
         204  -30.583781308453947       -24.140498864734166     
         205   32.706516715462136        21.148260372707604     
         206   28.626173512903424       -18.654163704807047     
         207  -44.708996784736229       -20.052414410621402     
         208  -23.089284394344368        17.622608461345550     
         209  -3.5877655164982256        4.5088940089542398     
         210   20.306766345072553        26.532235095472146     
         211  -3.6156242695538157        2.7587771164739814     
         212  -22.191446860138448       -29.423390286206121     
         213   38.913089458806020        26.020564924003018     
         214   5.5816127275698948       -6.8153893408727813     
         215  -20.620623352775159       -25.743121147038405     
         216   21.121244829091530        32.058833879770070     
         217  -20.978848618220525       -20.986863679647346     
         218   6.0630676650842057       -4.2478913417201696     
         219   11.094637146367589        12.567088816662407     
         220  -22.976678836568134       -20.231019311005717     
         221   21.612194650371311        40.508995922934993     
         222   5.0145621109737277       -2.4681017914159442     
         223  -13.548836100381596       -14.532195751769279     
         224   6.0709070752652359       -8.5978472172084466     
         225  -2.6722872096792702       -6.0846451195296698     
         226   5.6626798349965730        11.151437390402478     
         227  -21.467208500570980       -19.406844596230084     
         228   21.426798502109296        39.628330331620667     
         229 -0.72849466742367253       0.75098729203257331     
         230  -16.593188829627664       -11.488351854900369     
         231  -18.336877649870438       -22.370639474823520     
         232  -13.687240155729679        20.106308107774030     
         233   17.828584391333074       -38.079874897729546     
         234   14.648484551927574        22.729635819011502     
         235   9.6331210086423518        13.233104373998989     
         236   8.8527799868702992       -10.338609081140367     
         237   9.5383023160512046       -13.649505109581039     
         238  -15.194012747774613        6.2265189979247610     
         239   5.6168838838593977        6.7533360623117646     
         240   4.5959343968875199       -13.313913189287705     
         241  -17.643493442346536        7.9480971128338274     
         242   10.090154318625597       -17.683343374877801     
         243  -7.1802472570073244        12.638401879446745     
         244   5.3438393654139809       -5.9454074947264894     
         245   19.486056214408848        20.470705110398971     
         246  -15.227296742758051       -42.870059313770312     
         247  -10.348932253055183        12.885121081291626     
         248  -5.3696526836012399        9.1011241950340143     
         249   30.207826361970390        21.473989694601592     
         250  -70.533919438942391       -20.321343428502701     
         251   10.423326578767314        10.869581945013682     
         252   26.251833116993403        24.982495439702252     
         253  -23.182999611256420       -23.137193972317068     
         254   20.847732341048342        23.821959663991027     
         255  -5.5161252249636004        4.6968956168851959     
         256  -25.260864521241892       -23.589415605547732     
         257  -12.393316083429664        7.4675898393910307     
         258  0.42708653175704964      -0.14860160322245619     
         259   10.001993907929647       -6.4786259781932580     
         260  -5.9439682185568170        2.9698795586959092     
         261   19.103065415212782       -18.537169873801890     
         262   22.054747068768886        25.074345151879076     
         263  -16.824624000075520       -10.370742779717744     
         264  -33.106730370996551        22.954839919535225     
         265  -26.563098354901296        42.971986599758075     
         266  -64.872484261033648        71.273285895221804     
         267   10.276757200701097        10.064166465715143     
         268  -6.4797074140134727        5.4424744425909513     
         269   64.615845285012668       -31.579257149412758     
         270   35.798824538028050       -49.960480362965527     
         271  -20.788550629631001        52.154493657939298     
         272  -4.5020399639041857       -3.1169437589115341     
         273  -18.015995448927043       -26.377848746217037     
         274   12.763784786730275        11.685615539554560     
         275  -29.736833964038983       -10.658927731415284     
         276   6.7589008464673217        9.2831085461773206     
         277   56.758960799746291       -31.283312098382719     
         278   8.2038559101593727        13.858328640751811     
         279  -25.094928690641826        64.923881721366229     
         280   40.390857039762992       -20.476388077413997     
         281   21.052042140647956        16.540119980213117     
         282  -1.1059355390605845      -0.58549108288519014     
         283  -30.622824337384436        27.964422174027739     
         284   55.483677420429991       -29.745881178050560     
         285  -13.350164036186118       -40.466176513427477     
         286   5.9015540106374482       -2.5549554157601744     
         287  -1.6499099432938229       -2.3716104669726707     
         288  -11.367417304741572        10.311709448281231     
         289   16.249294249116861       -14.556753212543006     
         290  -7.6973800254014098        18.842431015350826     
         291   11.337569282676105       -11.343653092323725     
         292   4.5528202818117594        6.7994358716095951     
         293  -12.489311807024832        16.426887251821647     
         294 -0.54617385612628200       0.30627550126144942     
         295   12.394488265301625        12.543813965837909     
         296   15.104095968411194       -9.5048105011239130     
         297  -17.734580094092170       -13.613472682347290     
         298   19.794194016149596        15.381082521952175     
         299  -18.212800518810781       -16.637277720629424     
         300  -10.319083202839096        11.478474481694189     
         301   12.244238438150678        12.131589327395504     
         302  -6.3375483197899776       -15.419146502994655     
         303   9.2441809357321798       -7.9055318456863164     
         304  -10.222762906896151        13.908660753283183     
         305   6.4345492471300298        21.281753545914107     
         306  -12.313884860007219        12.475018306256475     
         307  -29.268676960168484        17.285371619593644     
         308  -55.597806695453791        31.407041618556576     
         309  -46.167111565207527        25.415114464276346     
         310  -30.613400157833713        16.510719799604221     
         311  -1.4281627256034857       -1.8834128667665013     
         312   1.2805927109029394       -2.5283700482320626     
         313   14.303227025489408       -9.1407476280643731     
         314   22.867406463598201       -28.961205799780135     
         315   15.405876820563686       -19.726404170155686     
         316  -24.158558837173100        29.373330042842763     
         317  -35.575679567624427        27.384016234630355     
         318  -5.7737276669543558        4.3113374003991636     
         319  -22.595876398004968        33.544991307466461     
         320  -1.5479079426372127       -1.5494275788409178     
         321 -0.53185221861935439      -0.65859337233412696     
         322  -7.7691030220482107       -6.9764098830482224     
         323   76.895558171096724       -27.129813885247284     
         324   17.439859336529018       -8.6925867342898844     
         325  -25.488818222663660        28.688163209466971     
         326   8.3224416648809179        7.6832907292083998     
         327  -6.4123467385729036       -4.9507921498777137     
         328   12.475708829753051       -11.183961692279736     
         329   17.658974136627446       -18.120704053957823     
         330  -19.871698066973892        20.937698013833383     
         331   30.552457548360639       -18.424172137250572     
         332  -2.9719931476583334        2.5083219858907877     
         333  -18.055129058792762        14.983136299119352     
         334   6.6271819466271884       -3.5174184867774274     
         335  -19.878514325115855        15.872250614016925     
         336  -5.8335465682355050       -3.7716945049423063     
         337   5.4395512448416143        3.3687114152776418     
         338   25.402989353518823       -16.805359321682655     
         339  -24.696009747173761        28.868214940066370     
         340  -10.042578414234168       -11.764682878010760     
         341  -5.3895835691540959E-002   6.0649278195596179E-002
         342   5.4972380254178468        8.9068007034195080     
         343  -2.7565456058254107        3.4698986880409524     
         344  -13.080516025258968        8.8604433704960606     
         345  -18.556286076743458        8.9079056835217560     
         346   59.843577760261105       -28.717142498993393     
         347  -8.5375401183148725       -9.6045057452678755     
         348   31.304765332237881       -11.031070966211384     
         349  -4.0884431722250527        8.7589595272973000     
         350  -5.8631213832203155       -4.6265005649721127     
         351  -20.955904435150661        38.817628611409340     
         352  -9.8700530410731240        4.5481412038326487     
         353  -30.494199424316651        26.707013864969777     
         354   33.072542731768927       -33.104232619604851     
         355  -17.225615391070992        17.674037973636935     
         356  -15.494053312566800       -23.021904061595063     
         357  -22.952597968283420        11.694500115809582     
         358  -9.2896707095203777       -9.8344597083826226     
         359   8.4326120224412051        5.3453748038864752     
         360   4.4349515096387604        5.4823451834834112     
         361   52.738409018965733       -32.459328436832443     
         362   32.625524451261491       -25.143602745290874     
         363   2.1665111142338009       -3.3309064103705266     
         364   18.268815042312546       -12.039709829424030     
         365   3.2619798077831588        1.5221898888301304     
         366  -4.1618392569034262       -7.6512108969093644     
         367   7.3041418696993086        3.7055860166651837     
         368  -28.275949622318723        22.557643037414671     
         369   3.8301973559867264        3.8257569765270936     
         370   3.3237162251480683        2.1499591392640331     
         371   2.1364422309538798       0.59582236594177496     
         372  -3.5322942960777541        5.4471670454733090     
         373  -5.7156965051570880       -4.5514100765148253     
         374   12.383282840020318        5.1549774989480479     
         375  -8.9759334514965854        7.4939581764158740     
         376  -2.8240631590418328       -3.2207351758911722     
         377  -9.9946018017126441       -13.942367315296391     
         378   5.9940503565278540        5.3620025596575358     
         379  -30.057028242645575        23.554486097759888     
         380   29.565414289351970       -17.239132552196082     
         381  -11.194944805258768       -19.210264626289948     
         382  -29.219434134677734        27.691026727222798     
         383   6.5064745544137494        17.962467939960248     
         384  -10.050642121009380        14.176149728345800     
         385   30.006238253903540        23.311525788470590     
         386  -24.717208009273747       -17.842766682883379     
         387  -14.528520145037531        5.9558284158978179     
         388   10.715520988889695       -16.757085735510206     
         389  -30.149048678794049        34.099220092947292     
         390  -46.533336427825873       -27.443446364862520     
         391  -68.460229358484085        27.584018060989656     
         392  -20.050370641467747        12.917752564941587     
         393  -67.908204732785151        39.300634325152025     
         394   64.200310169138390        33.337806811028656     
         395   201.62463923710885        166.50400674402465     
         396   84.840231766601818       -29.572590476451396     
         397   17.014800828893645       -14.759487968767292     
         398  -18.026119874326465       -46.409710437851807     
         399  -28.120777840466054        18.210598578248923     
         400   20.879774505215845        46.010079538077242     
         401  -10.242352033952326       -20.253141155709166     
         402  -15.449135345311289       -24.554996901210263     
         403  -11.937589651293067        7.9416487937636502     
         404   36.765901809832592        30.495955535746983     
         405  -28.669424292768774       -30.113312052754981     
         406   53.112611248048637        19.837840092177125     
         407   5.2835792332221532       -4.9128362008272646     
         408  -28.280264200909684       -29.939771922006379     
         409  -32.177908675337797        21.963530389737031     
         410   23.208599495532940        20.632037995470160     
         411   7.1475927798433290       -15.991424902731804     
         412  -35.137742180975401       -20.199676565905989     
         413   7.1207396694412219       -9.2920943093402837     
         414  -6.6420701702816212        4.6248431837553987     
         415  -10.004093391983167        3.6165203246959043     
         416   19.501319947343902        20.231783163325421     
         417   8.5818005373040620        8.0895279681624146     
         418   9.6053484973931447       -18.029950338983486     
         419  -3.3190262253124163        3.0430134581199138     
         420   4.9399552259247796        14.231997472499289     
         421  -25.168293077458401       -28.844396626598897     
         422   27.245896887924467        29.547143523767417     
         423   9.6441007431520038       -15.114354572770775     
         424  -12.205161690819050       -13.386277973076949     
         425  -7.0461889316893345        12.070514255941315     
         426   11.248184961622599        14.423647901077038     
         427   20.562209373283778       -17.224155677240951     
         428  -20.640096484737281       -11.607950920245015     
         429   19.972142026371849        29.086277967826334     
         430  -49.857752957323768       -27.057360363810670     
         431   3.9441088917852616       -4.7193019645067524     
         432  -3.9895767500016639        3.5844168880440095     
         433   20.236150591932592        45.334131305104620     
         434   41.559546457226716       -23.033091826141945     
         435  -1.9781213265348929        2.7296765902897353     
         436   10.226694971678972       -7.1781267886555042     
         437  -32.327374732293038       -29.514333724244516     
         438   70.528099446747433        27.991568702774714     
         439  -5.2928880037234771       -7.9713630174004138     
         440   24.765228266468345       -14.539054557354342     
         441   4.8127800883115484       -6.0311694029163325     
         442   8.5490084135929418       -9.3357722582559077     
         443  -42.582386729918582       -22.505918067579774     
         444  -7.5504124638536450        10.392655840218209     
         445   23.933486156488009        26.398682442491371     
         446   1.9105171518647563       -2.8592021788559125     
         447   12.700278904003195       -9.9607938214330929     
         448   7.0992576535452621       -7.8896775621617383     
         449  0.82069798447245412       -1.6045158973552416     
         450  -15.308013859198962       -18.597532223060174     
         451   42.505590788672897        20.447455833571990     
         452  -27.295044874123320       -25.733424577162669     
         453   13.970948210861886        26.287540909519507     
         454  -18.210548129169322       -35.100471316385118     
         455   21.486604404689498        25.879773006320612     
         456  -32.265569644106137       -15.753549498293307     
         457   26.655959350153591        27.000769844016421     
         458   15.632559772206195       -10.683698479018773     
         459  -23.806505236091926       -27.230721206159277     
         460  -11.019612042289145        10.324053461830722     
         461   24.523957405040147        24.560074909122182     
         462  -24.600454089239204       -27.534489381438775     
         463  -16.384763562387239        11.410912319362868     
         464   26.589114352464303        25.494924899009536     
         465   28.456541250947488       -14.678733653559581     
         466  0.26176298737881165      -0.38618348767276339     
         467  0.34276394196372806      -0.51084239973033163     
         468  -3.0480194830497380        6.7733255672011641     
         469  -2.6884823079431985        4.5791485320021126     
         470   6.0661430802345944       -4.9603652538739453     
         471   34.418397278551360       -11.083074603233111     
         472  0.69974913642786707       -2.3793235193008959     
         473   10.299677739821979       -8.6630321454613597     
         474  -22.792820794553933       -22.029418282715607     
         475   22.305590836800498        9.7134324801870680     
         476  -21.177009710209759       -23.107750716574035     
         477   14.924480572102162        23.468079022061787     
         478  -9.1672982860954892        14.778162457194393     
         479  -18.929288495669457       -26.967891079723600     
         480  -11.148885955187039        11.888418334054913     
         481   3.4259577998462634       -4.5405379987571362     
         482   24.469134166767162        12.039270813638803     
         483  -17.251646419193541       -23.210429675503580     
         484  -18.150972475808732        15.445256016480281     
         485   2.8001617374063610       -4.9834221484870573     
         486   31.458833143911082        16.339403806746251     
         487   11.232954448353849       -8.8517560827554469     
         488  -9.6802393151123525        14.440128263910665     
         489  -24.060203705392112       -23.769776349876775     
         490 -0.81518477702253422        1.0712759427607716     
         491   27.722946217201429        13.812826989893926     
         492  -24.539926728099768       -19.029648043325693     
         493  -8.0524512076768247        8.3532031662331310     
         494   24.942774133108081        12.265507804204894     
         495  -11.854591249759476       -27.696177929736358     
         496  -39.452892744942382        18.333793917478044     
         497  -2.9284485428662350        4.9653511954357654     
         498   20.403164943176854        24.572974622840025     
         499   10.621319567271492       -7.1210526361494013     
         500   13.055889332031082       -9.7691072805146213     
         501   41.466377752676252       -15.824755073442835     
         502  -29.962249448997820       -21.987494674836118     
         503   24.655969590646091        19.822032507801829     
         504  -16.979850699702496       -19.142338340899968     
         505   16.961081216265463        20.877558458896672     
         506  -19.975986960924310       -20.663122734888770     
         507   16.878729871370247        21.839127252738525     
         508  -1.3899733908177871        2.3717067709768731     
         509  -22.038114237518638       -21.415712346825480     
         510  -7.4985467640371564        11.993570624507701     
         511   17.164845070738721        13.416923071227139     
         512  -5.1603656405851677        4.6783294809399427     
         513  -1.5830398392293992        2.7068041910678917     
         514  -12.987847144909820       -32.292515355915882     
         515  -20.032020409452056        17.810719508967541     
         516   7.7093127128571179E-002  -8.9362429150555714E-002
         517  -2.6048789962482601        2.3318785529112840     
         518   1.6941458569475223       -2.6969902677973168     
         519  -1.1697112261000919        1.2379474554604741     
         520  -5.1408694513937947        4.0144526784314918     
         521  -19.280321479514676        8.3651902291436944     
         522  -12.830194219342983        10.051194037122096     
         523  -7.0973426082580167        5.9943531526821348     
         524  -7.4064074426454054        6.0228977115565749     
         525   13.965268016698705        8.6164763318227227     
         526  -14.149937073293112       -21.688999039981624     
         527   21.373068070873835        30.045274884143975     
         528  -29.391649884838849       -27.236957087410573     
         529  -2.7794615372695870        5.5117551514000649     
         530  -35.170500491569221        15.562146199764628     
         531  0.59895877005766629      -0.72648786464301884     
         532  0.62766580122153637      -0.75881773379481798     
         533   22.946285904674937        35.860214964864795     
         534  -33.413261904800144       -25.893297763677374     
         535   19.963482945016271        29.444664009831403     
         536   8.3470465028270571       -8.3242630649762788     
         537  -63.631452328423947       -24.567813658511291     
         538  -9.1637706548958864        17.774955877606708     
         539  -27.234223352302017        15.184189611969106     
         540   57.298860834034897        23.813673683061644     
         541   16.421335252417915       -14.594249216084924     
         542  -25.249559284710134       -40.740133687991801     
         543  -13.755780050506083        17.864259027574011     
         544  -13.652620416039145        13.621027310765820     
         545   19.504467828468687        18.296825522500409     
         546  -23.671145852438062       -35.012153632047081     
         547 -0.86620678419633357        1.0214207079600603     
         548  -29.562046692217219        11.047268161517101     
         549 -0.59253421970587739       0.66062195026983561     
         550   5.1243929349413886       -10.517933578166112     
         551   11.103861060439145       -13.057848400631007     
         552  -7.4195426121062908       -5.9224872854410933     
         553   31.535648627697419       -21.126264189646626     
         554  -27.322609348448974       -31.318996810293918     
         555  -56.629519208344568        24.667781731930472     
         556   10.807353814030698       -13.160846012312607     
         557   13.294011671249025       -7.5038255488317143     
         558   13.290487687515814        6.9003520774518980     
         559   45.324534817601368        29.199090072174801     
         560  -20.383788408248254       -17.488415035301045     
         561  -9.7746355976439858       -7.5728685025835265     
         562  -22.415823569433126        23.208239700025835     
         563   29.299122258688179       -17.645507749915254     
         564  -22.890984978416498        11.421998577469273     
         565   9.6514616313353230       -8.8446376980239023     
         566  -8.5647012317904352        11.426305454555694     
         567   23.340410309871249       -12.317071076003241     
         568  -8.4557237396223695       -11.160636341729179     
         569   30.388485933142281        26.636000853327165     
         570  -8.2072179568968302        11.982999345531953     
         571  -4.4382949708115458        5.0483168648819783     
         572  0.15806932859839881      -0.20632835905309074     
         573  -6.3417957485128982       -1.8540700160009940     
         574  -21.556344104706291       -12.994873416671961     
         575  -15.050200071331357       -30.625464378382969     
         576  -15.822757666333192        12.634047508405612     
         577  0.32613879348105074      -0.18807805644475548     
         578   11.613441054997629       -15.444014676821245     
         579   22.231878131794911        11.422913774432343     
         580   12.437165480252423        22.066855225694031     
         581   3.9027391683840373       -4.7218384012592107     
         582  0.35787301511238562      -0.35720450154482847     
         583  -39.788727068804633       -25.501029710555731     
         584  -2.3264168301885553        2.9652712425514078     
         585  -18.155484178912531        7.5221833037478332     
         586   19.422865107290118        53.045713416179346     
         587   2.4816858337038337       -2.5437452998685690     
         588   14.984837267420820       -10.008588424861411     
         589   30.979663284334858       -25.105756764635274     
         590  -4.2302312252605212        4.7281580963805583     
         591  -43.206411963098333       -25.977287574834236     
         592  -12.088351351601004        7.7613156502597711     
         593   15.786960026896809       -37.633409275877291     
         594  -31.936689678514313       -31.684175517827452     
         595  -16.368415539337363        38.241768452237970     
         596   1.5116845143176296        1.5455140509072240     
         597   47.646942797490610       -19.420017415359670     
         598  -11.155747224010902        10.919277113884352     
         599  -5.1727061342928202        4.4977310947214528     
         600  -41.520144567896807       -27.936649425162024     
         601  -13.857609207306114       -31.498003086604580     
         602   3.3151391104098011        4.0545212024816966     
         603   47.776915377199451        33.715332446082058     
         604  -59.695602104886028        30.673373158967419     
         605   50.647430532209839        28.470507958346360     
         606   39.958382523479798        19.929032226046953     
         607   78.067349442923941       -26.971950518032553     
         608   12.898459446607236       -18.581623694682438     
         609  -17.576316493802224       -35.095767877125894     
         610  -14.088330449017958        16.439650320633476     
         611   45.069853381064156        20.017529193668530     
         612  -2.8442058103566294        4.3855622040158906     
         613  -1.6965100332677661        2.9272515459528887     
         614   13.307526589663336       -9.5861390752831017     
         615  -19.794371379154551       -37.028329828906074     
         616  -7.7361715643747218        10.397832199582735     
         617  -4.9883348191095935        14.123523397797799     
         618   16.802008153840998        9.1888037286157616     
         619   1.3312145811198575       -1.2497521014752948     
         620  -21.391425530998063       -24.641460214156577     
         621   17.670047573101364        26.578431216832101     
         622  -1.3013385205934316        1.6836947622718770     
         623  -19.250541449317183       -31.474682841967102     
         624   9.8611304349030213        20.972433971132709     
         625   5.8068457438103191        4.0057841192243959     
         626   1.9431904300495133      -0.88519165719547832     
         627  -4.7335585634828892        5.6253859361650624     
         628  -19.930764746237376       -16.626186593196302     
         629  -37.180858967134590        14.230888773823091     
         630  -4.6494545430443637        5.6080418090024331     
         631   23.394360198212119        34.643044157772323     
         632  -20.736756181628675       -41.338863719112247     
         633  -16.934195845742398        11.321107388492358     
         634   49.793568055476577        29.973292025710567     
         635  -14.989546415804547       -20.061475900337644     
         636  -10.554886398016201       -12.212615760255275     
         637  -8.8577544966816255        9.0912157373835232     
         638   15.278580018434109        17.382620797794981     
         639  -28.328207079575453       -31.798313147165032     
         640   17.426284379558052        23.540790150946723     
         641  -13.609399520188928        7.1044248395290142     
         642  -10.709302475816891       -14.877707100248520     
         643   32.375714680344046        29.621946572930440     
         644  -3.7196359631462212        3.5197998051862927     
         645  -26.433914288917769       -19.558704604476127     
         646  0.76553407167218868        1.0795405867431318     
         647   1.2517272197054774       0.62029969246835859     
         648  -6.9799856478487010        3.1728555103391325     
         649   1.9871779152995521       -2.3275015286279537     
         650  -2.2395593207992328        3.1061763055579510     
         651  -3.1052793866997748       -6.2060207199416348     
         652   8.0877269010361346        20.173304322299440     
         653   20.619888073403960       -20.553415909433145     
         654  -17.592437415116493       -20.528911567891360     
         655  -21.163014968919299        27.007449153653784     
         656   12.763764313232963        7.6171456799354376     
         657  -14.654590056236561       -23.763702618260972     
         658   34.050081250411758        29.531461080461110     
         659  -34.395194174648992       -30.605626638266454     
         660   25.855249520482513        33.306249657906413     
         661  -47.054295503674076       -30.336923893991848     
         662   20.190295018865555        17.615919808351663     
         663   5.5253014515586791        3.1167629566275989     
         664   15.200989771194681       -18.494805826854481     
         665   13.956128217498101        18.489591143595906     
         666  -28.207061327864672       -35.521938214234297     
         667   32.883377603423817        15.810497638887064     
         668  -21.293426188390729        13.438558540137606     
         669  -6.6757698231279061       -8.1278830169407676     
         670  -1.9982545504148372        3.1923112946296035     
         671   11.123942288855522        22.488196505489736     
         672   42.158390934275701       -25.573648863441164     
         673  -25.208410179338042       -31.353531556945672     
         674  -42.677469671872501        15.418314475768792     
         675   14.582691018263864        13.602919001851852     
         676   20.739889380239227        28.361972597865723     
         677  -28.369540001102223       -31.261844749582156     
         678   4.0829119593541572       -8.9510314582762636     
         679  -20.999481272728890        17.569939952173701     
         680   15.008892993691704       -30.335476433646825     
         681  -9.1695931133117732       -23.927057940254578     
         682  -6.7765393471313722       -4.6200748765238613     
         683   3.8793417010304614        8.6705693003161528     
         684  -13.536087682835230        8.8960202597255762     
         685  -26.235466089637885       -22.105259610724566     
         686   10.928243838160322        6.4056489532110286     
         687  -7.7564263080688116        9.5332748201867741     
         688   11.898336048482552       -20.287264194654689     
         689   70.346942631836100        20.503154288715915     
         690   5.7976522406817450       -8.3913412078361027     
         691  -9.2204299573380570       -18.696689123790200     
         692   16.303780205787788       -21.812495724687558     
         693  -20.244318301628901        19.182998564802283     
         694   1.2456047023767558       0.58590331283072827     
         695   24.643327830589683       -11.423689327382501     
         696  -6.3953697136950174        13.610903596998961     
         697   18.431027313019630       -18.003017696077180     
         698  -14.643774090524483        14.604178234528954     
         699  -26.375336100739126       -20.787956741539492     
         700   16.554074469676461        12.044369454130367     
         701  -3.7277229768616449        2.1316811394533919     
         702   5.2621348832262447       -4.0382725438731164     
         703  -3.2135678992237504        3.3775477085907721     
         704   3.9229516236360014       -3.7757443517783487     
         705   15.249054707046135        14.670858187407195     
         706   10.337257824814335       -9.9735859628800849     
         707  -24.787460406206563       -23.658606493236420     
         708   14.086699427607366        15.663707657669008     
         709  -1.0394255341615244       -2.2645170202489053     
         710  -17.283895604481092        19.416747062824033     
         711   37.739269665117384       -18.868229406602623     
         712  -14.430649669408270       -12.136234513097614     
         713   41.217290177901027        25.522716864333052     
         714   3.4670896567731635       -2.3132467401083798     
         715   10.732933475333077       -5.9934756542926273     
         716  -13.562849414924848       -7.7339980407785847     
         717  -24.796915313840326       -24.245185846030285     
         718   27.354131150259615        20.044886887271545     
         719  -18.485639067785435       -24.443305285706465     
         720  -8.0593412660927655        3.0198338307539188     
         721   31.037796048117357        15.291917367106596     
         722   27.494515274910281       -16.115077801848923     
         723  -15.299133512662367       -13.600927200767250     
         724   29.468523809067086        20.886406465848722     
         725  -15.167341853136532       -21.841991406354712     
         726  -22.334903846112660        8.1290048661692005     
         727  -4.0286446439996624        12.125831596660111     
         728 -0.38125443696806227      -0.58404539599341487     
         729  0.99689912315925000      -0.97424245707660473     
         730   3.1298037815139246        1.7040778950104778     
         731  -3.8393175820673582       -7.8802229563806288     
         732   21.271347679053903        14.049542319800192     
         733  -25.057014052907590       -22.622816017460448     
         734  -39.151384622142459        16.365234368637289     
         735   16.930427629232888        28.788508005086189     
         736  -42.280466083761823       -18.255413952670960     
         737   34.674764719045442        19.449206926832264     
         738  -9.4878071436897482        18.313075191621412     
         739  0.56346317423242276      -0.63601949080000286     
         740   1.3995773634556783       -1.3501819870144944     
         741   1.1872966370231448       -1.0043309603172756     
         742  -23.605570819942479       -18.862514297127269     
         743   20.082236500913645        12.508255929190751     
         744  -27.892274560349648       -28.142768420019419     
         745   41.057188136423505        17.037881248270992     
         746  -4.1346147931644506        4.9958922883879158     
         747  -5.8586221154639926        6.3819340745606228     
         748  -26.387384202898293       -28.555464239149664     
         749  -30.935169423189265        22.510240925921590     
         750   27.794488895531302        37.265791812346485     
         751   14.676016463270109       -9.3726072741335464     
         752   22.130762187842738       -13.286237023201220     
         753  -7.0823779364032680        5.4653839398758528     
         754  -5.1744031751230741       -6.9429398390732278     
         755  -3.4399822647602734        6.8210892201154838     
         756  -11.722626753494438       -17.053087642407476     
         757   2.0380029393928689       -2.4757292142884721     
         758  -10.685919060123119       -15.823387484564167     
         759  -29.191188771573799        20.287224540610023     
         760   23.894231780802059        34.794634579662869     
         761   2.3410301545182493        2.9688955639100665     
         762   4.8351590445724835       -8.5393859127920138     
         763   28.190832319066558       -12.833021887971601     
         764  -2.0276927952061854        3.0027066475852875     
         765  0.30016313288905883      -0.27970111473599590     
         766  0.42191858263713256      -0.64004518063008387     
         767   2.2507008599254288        1.1588231976695551     
         768  -3.3269688839342004        3.1723317679682106     
         769   1.1034414935547419       -1.1689214685995744     
         770  -9.7786852089109395        3.1816724232036453     
         771   14.085194016018219       -5.2536678369729684     
         772   10.019382833689853        8.3319923577266284     
         773   17.127638650595589        32.338042139560102     
         774  -19.595508730583305       -33.407330922557456     
         775   22.376996675464706        26.490314546541857     
         776  -27.936453283697972       -21.791314751918073     
         777   23.538747246628070        29.598010970465655     
         778  -16.668524450899046       -35.824006922937883     
         779   33.478983444998363        22.670803125939020     
         780  -42.871663376598001       -16.100390454855972     
         781   47.567657196897294        19.408778270025905     
         782  -1.7646618032222772        2.2250855257615463     
         783   24.493267850020814       -9.9859554652624265     
         784  -2.0880384039995405        5.1894020569802102     
         785   6.6069620413563364       -5.9068711516494234     
         786   10.683462762338607       -10.080333016550178     
         787  -25.820774689315812       -24.525507463338677     
         788  -5.7792515163166882E-003   6.1209823379074118E-003
         789   26.006454616158898        23.442805325586239     
         790  -20.620994374896728       -26.088162269232686     
         791   22.209029517302174        25.434272222029961     
         792   14.128840064185296       -12.966533314760801     
         793  -18.580723619988635       -22.074641945470940     
         794   18.156591947377287        24.174828760757979     
         795  -23.793911612848206       -21.692441833541910     
         796  -3.1039578345059708        4.5405664179929852     
         797   25.635904339599389        19.606089313123618     
         798  -14.334063137368824       -36.790802737389981     
         799   38.462321571803919        17.540469207480985     
         800  -13.869495776656045       -13.506965293490964     
         801  -13.194122392119178        7.9968934842807657     
         802   14.807615992038910        14.710657076457787     
         803  -13.314806124636281       -26.139006172360801     
         804  -1.7418652638346934        3.4511897453694464     
         805  -13.905473840170547        11.727137126805198     
         806  -3.4335710386622527        5.1345945313952024     
         807  -4.9314055587782430        4.2772325912232017     
         808  -3.4974069307243600        2.1947126757501159     
         809   12.307912256703995        12.747286498482504     
         810   5.6883407163889199       -8.5900632417988376     
         811  -20.637507806329989       -9.3379450076444641     
         812   22.042250293437334        19.744424543303101     
         813  -25.685026379583128       -23.212157046800989     
         814   16.571425676389765        40.983854728472934     
         815   21.922117945236156       -12.286456058888541     
         816   9.2958488645411830       -8.9214307148123577     
         817   2.8760520765906326       -3.7938085705460094     
         818  -20.397698184980030       -27.832414056586881     
         819  -7.1830846638508552        9.5239769460294621     
         820  -26.723099871569076        9.9720506931007886     
         821   22.807253112855694        19.832122641889690     
         822  -24.904125421847095       -23.815756680890619     
         823  -6.2226059499130519        4.3582867139843806     
         824 -0.29500882385591498       0.37453637089690833     
         825   2.8570472286955573       -5.1935532415457404     
         826   28.921884057526963        23.228628379390553     
         827   13.356509835485927       -12.764412603741116     
         828  -21.125007878335229       -17.131632030253009     
         829   2.1813417817007772       -5.5433658234953436     
         830  -33.200396203567230        13.401000821602041     
         831  -14.831463621586355        8.8233114963725026     
         832   14.757660348467946        31.788348694095255     
         833  -2.1278759213762908        2.5752156469466301     
         834   12.921910962788242       -7.2100427929237405     
         835  -17.389695298175617       -39.867971339318260     
         836   1.8016344271521929       -3.3414890865472024     
         837  -2.2283859917123756        1.5384170228695961     
         838  -1.2207086212082607        1.2441621872493465     
         839  0.25877598403648672      -0.39574953475596664     
         840   26.845845442945759        12.813218668596548     
         841   13.469187178581468        11.837864735990694     
         842   11.099108860496715       -11.065674972978609     
         843   7.9495983530777439       -5.7764763143861879     
         844  -8.2629728175381700       -8.4541937936043290     
         845   11.723865465321481        12.714829768854422     
         846   1.3908671855069985       -1.7587914394403943     
         847 -0.77758285167028551        1.2269189684279480     
         848   2.8251985481471595       -2.9541624255614591     
         849  -25.416763029914655       -10.913411525722250     
         850  -2.3844148313190141        3.4016602025643632     
         851   38.644098283505336        14.035888911902520     
         852  -37.713353738370060       -20.182073795912864     
         853   20.700320925220264        23.529443609747172     
         854  0.86488272683578005       -1.5414372508145258     
         855   9.4373961317084873       -7.8203445588366867     
         856  -12.124441373526428       -25.696578380204986     
         857   18.088190236791689        25.321429290647650     
         858  -20.741788539194530       -19.263144050722772     
         859  -5.1461514253387062        8.3975318923755946     
         860   13.341728511454285        15.418185502911804     
         861  -14.896391192572498       -23.411523487409045     
         862   23.986394083460038        21.722770654831240     
         863  -16.817127234092791       -25.738492327034752     
         864  -20.694845950493516        13.584397562262168     
         865   1.5261443477233703       -2.6397802152193766     
         866   30.592162475074012        19.380271633789242     
         867  -20.187145600220216       -25.747896179212908     
         868   29.689254312632798        20.595064472461949     
         869  -15.859632556291871       -28.679016313092788     
         870  -37.913928982401558        14.187444168074791     
         871  -1.3010154849235684        1.2079111101382125     
         872   15.934669646665046        48.259734408826702     
         873   14.374614412506494       -9.1822870864029422     
         874  -19.788592920413809       -23.043113758992703     
         875   5.8071963554500430        6.2773835217290896     
         876  -10.416628929172946       -10.108944481207022     
         877   30.208781965069367        10.226510801037579     
         878  -37.544117472225487       -19.527257582939630     
         879   45.460467828070634        17.454176214115339     
         880  -17.482114523444373       -30.688409716478141     
         881   17.386527378677851        24.944154057184758     
         882   8.1125781949105420       -5.9312603119678293     
         883  -15.108585890027122       -16.402385566734175     
         884   17.166805256729550        19.751805026295479     
         885   16.898570029421425       -8.6903320980851788     
         886   4.7988290975820602       -5.9683919295785541     
         887  0.56164593237717453      -0.97559355506782819     
         888   2.3743731282690321       -2.9176616788894356     
         889  -15.246765648011612       -10.081241788315609     
         890   15.656614913993199        13.798741697062919     
         891  -14.778455365869466       -17.038462708860774     
         892   26.243748672574128        14.641424502209260     
         893   19.507243570673470       -7.3950753619941638     
         894   2.7533475653519415       -5.7894273289623417     
         895   15.463019074906503       -13.575540288934992     
         896  -10.944504222489707       -5.4421776471301486     
         897   3.9644204270241614        5.4346243989568759     
         898  -4.5493367456960820       -4.8806741388905914     
         899  -3.0881129501430022        3.6905651585844232     
         900   2.1792063040163776        2.7910358114556635     
         901  -3.4900348754266672       -3.3255030453297865     
         902   3.8035011632268101        3.4206960269509286     
         903  -1.4809771772277176       -2.9140019827908503     
         904   1.5470855186766459        1.9411335005670272     
         905   1.8219325106360964       -5.3364270244120755     
         906  -3.5110757525859619        4.4511092701578647     
         907 -0.68760217808489577      -0.47804246438436343     
         908   1.4197473466508599        1.7868151906062251     
         909   3.4784271468182175       -5.5185975191405925     
         910  -4.8654896113648327        4.4904464882569570     
         911   3.0534894502731222       -6.5336625802018276     
         912   7.2241300410466556        6.8417915909772544     
         913  -1.0518470719516206       0.73161060060345406     
         914   2.7777804398533172       -1.5011939373941863     
         915  -7.4529786772651372       -6.6433350437010015     
         916   7.5441024287751874        6.5841560361766218     
         917  -6.9105766524150907       -9.7469330178393498     
         918   5.3688881799609618        9.0487260428402241     
         919  -4.2398041237951558        2.7600601719508147     
         920  -4.3528035813571995       -7.2237042081493872     
         921   5.3337166716226090        6.8797704338860290     
         922  0.66387440158605882      -0.84354521615749911     
         923  -1.3062069884888869        2.2097120072626923     
         924  -9.2706876633661111       -7.1767282095715021     
         925 -0.92346933363472461       0.76089567125523416     
         926  -1.7349798879604099       0.92623568991168426     
         927   2.5759175381925594       -2.6397335784375211     
         928   6.0723617025762886        16.701951339396089     
         929   19.096831853070903       -13.952324242796866     
         930  -12.154397076395790       -4.4997471981503949     
         931  -11.084036636202084        11.945575095226253     
         932  -3.9958512192967395       -5.4541278957404682     
         933   4.3217608310706455       -2.0955533869191370     
         934   3.9094814108027101        5.6638842468560275     
         935   2.3833365815214340       -5.8395194092946587     
         936   1.0271581392150515       0.75950057475107002     
         937  -3.1140990279326908        3.0447321749080389     
         938  -4.3790729763081044       -3.3124617392301925     
         939 -0.86505082419337342       0.33549780133458956     
         940   2.4064520346127356       -3.3902109905234528     
         941  -5.1212512056599380        3.7758347243459509     
         942   5.9411831843769436        4.0811922322289131     
         943   6.1896354383826582       -5.8830642229462251     
         944 -0.28928638543964458      -0.28361940761526683     
         945  -10.763215284796901        4.1311676221504445     
         946   6.3322350374429295       -3.4692128438272261     
         947  -4.6830263981146674        1.9664951468570622     
         948   3.1107505660063777       -3.1015770774835736     
         949   4.9550727230068450        5.1292345106604413     
         950   9.6438473324392385E-002 -0.15441248110269512     
         951   3.1162290168259807       -1.8314185920802453     
         952  -3.8944816756361624        3.5881316119357263     
         953  -9.3546326454109430       -6.2720015357555559     
         954   7.0140342093501777        9.0091521943878963     
         955  -2.8694499212373281       -9.4521133892548157     
         956 -0.47313443512893466       0.67873549166141522     
         957  0.32327551544915917      -0.44995314232153921     
         958 -0.43224628712686475       0.56075452345382593     
         959   3.5356053245126882        8.0445163418123062     
         960   4.3690763138327968       -7.4854924834671941     
         961  -7.4085763767068951        3.1852918444837512     
         962  -3.5670251223996710       -1.4756488828107130     
         963   3.4314996656075363       -2.4942777215429142     
         964   7.8780894363367109        3.9990231083713637     
         965   2.3146953071449565       -1.0033973184396641     
         966  -2.9719446355766554        1.3880695654408652     
         967  -5.1221243996332921       -6.0669031895892260     
         968   7.8889576728698989        5.5785988844195815     
         969  0.63637359165293494      -0.24776791254793043     
         970  -6.0031398329041279       -12.144818906665979     
         971   10.599306444492829        11.663669475837342     
         972  -7.4808300961759500        7.1877956842164075     
         973   16.823584935728050       -8.9194514097910318     
         974  -12.536085889049508       -19.214510983307999     
         975   15.408306607862881        14.685931127883364     
         976  -5.3949529989686393        10.747166563879052     
         977  -16.139691217715175       -18.220996815100598     
         978  -23.019869061708384        14.972206417941878     
         979   1.8225695121784866       -1.9628370040205219     
         980   2.5952572106762468       -2.9876693552260725     
         981   19.315745399349971        9.2170219449415889     
         982   8.2799416002029975       -6.7055824070298069     
         983  -8.9364396652599769        5.0778630679535848     
         984   1.7464592417441702       -3.2198698206738650     
         985  -1.7681040347579009        2.9616186605620682     
         986   9.9870259105972554       -5.1669104026624497     
         987  -9.3788671372797676        10.646571948780290     
         988  -14.118801158372733       -14.175018935486415     
         989   1.6829032573049743       -2.1691388712147712     
         990   17.805969151451993        11.395465001655808     
         991  -1.3747616737125783        1.9671187860660746     
         992   3.0986385596021777       -3.5896340198151231     
         993  -1.7743516007791902        1.2913363782058247     
         994  -7.7816172025179622       -20.407457331948503     
         995  -16.513186737054220        16.176216432404519     
         996   2.3301908617896179       -1.7573004679322741     
         997   3.9608429705774162       -5.9820182100712103     
         998  -2.4819557479425436        2.6299710123041407     
         999   11.533175805379749        14.874783372599559     
        1000   4.6876802660223360       -10.894572658494711     
        1001  -2.1315498564437920       -1.7699223425568194     
        1002  -4.1474630216003101        4.8247473359577313     
        1003   2.4361585548900484       -5.4841638998428444     
        1004  -7.5737868131864321        4.0326747916923082     
        1005   3.0496259412726454        2.9349602833497994     
        1006  -3.1642156025489827       -3.0012732468582537     
        1007   3.0357781216402793        2.1636418932061656     
        1008   6.6869831453645805       -5.2645390998091823     
        1009   2.6570735025561767        1.6448581211577644     
        1010  -4.7341692970400162        2.9400277925053864     
        1011  -8.3399002205543908       -3.4191115505563676     
        1012   3.1372066408757195       -4.6625926622818401     
        1013   11.931772135745234        9.5007465195398488     
        1014  0.57440888866589623      -0.51213239715871517     
        1015   2.5125303571659972       -1.3094827483031757     
        1016  -2.1554132984198562       0.94208800646055846     
        1017  -8.1722944272724209       -10.648892672150444     
        1018  -8.9129534811081825        9.4442998876538251     
        1019   4.8868142676287984       -6.1693612526760635     
        1020  -1.6675791645768703        2.1302197475207190     
        1021   1.4985142239267468       -2.2694611787154915     
        1022   7.9070386892813165        8.8249070260032632     
        1023   1.0119373357316579       -1.7042552848557657     
        1024   3.0835106389711728       -1.6698312320001303     
        1025  -6.7631906524119767       -4.8441713043647017     
        1026   9.3149257899244233        4.6297952069588977     
        1027  -6.1176057083859741        3.4929136751650751     
        1028   4.4431686760260991       -3.3929603912502144     
        1029  -7.4658963560065139       -4.0714666767888215     
        1030   5.8586193444386359        3.6334095771754180     
        1031  -4.4028259425178611        3.0406501214793247     
        1032   6.0045784672044986       -3.5009028735935273     
        1033  -6.3399274400694532        6.0825085768305023     
        1034  -12.468444808353555       -8.6796057862258102     
        1035   10.369149075681783        9.0134730128235052     
        1036  -11.573409630136164       -8.2823093971067561     
        1037   9.9210004412858339        8.9281537204520518     
        1038  -4.1577350983090753       -8.0691870703551540     
        1039   5.4018078229789479        4.3027042377386513     
        1040   2.9512677371831177       -4.2210115163883453     
        1041 -0.69387464676389643      -0.73811811800911420     
        1042  -2.2946782293554069        5.6672948677864552     
        1043   6.8154728777856182       -5.0701014530968784     
        1044 -0.78785739025235457      -0.31779617106923191     
        1045  -2.5539192256235101       -3.2885120599223128     
        1046  -14.335447126952120        7.0830026109164681     
        1047   4.1117649326242312        8.7848815584874682     
        1048   4.0968006378281112       -11.685500883355020     
        1049   3.0984814514520824        1.8050218201781878     
        1050   2.1471230565779345       -1.5630735299872200     
        1051  -1.3019201926717978       -1.7099118305291132     
        1052   1.7219654055786675        1.8092329381878025     
        1053  -1.7176598782097343       -2.8433807444655050     
        1054   9.3831806334684309        3.5921141362878655     
        1055  -6.8600256022878821        7.8830368968060824     
        1056  -9.7069433569768844       -13.038893810767524     
        1057   15.205968657669494        7.7938458185858348     
        1058  -2.9491187755561348        3.3992837428878415     
        1059   6.3899295252807242       -5.1236408986407502     
        1060  -9.5181743580231455       -12.418691348616209     
        1061  -37.037366511292042        13.037796434306175     
        1062  -27.945179350145242        9.1345037329090513     
        1063   17.751862638286489        24.384842237108000     
        1064   8.5416314501524226       -6.9983910129291802     
        1065  -15.779785821006474       -14.479285872769502     
        1066   9.1316557237922424        19.244249223244935     

   k   test 
        1066   29.384971073806582     
