 k   gradient vector, at each step of the optimization (k):

           1   3.2926679682323079        6.0687797715613634     
           2   1.4913824143939900       -1.2923897061575398     
           3  -5.0190483383593563       -7.6734373660927186     
           4   2.0596618355630487        1.9103205586776331     
           5   16.754308014233597        5.6590564844346511     
           6 -0.85276475419667896        2.0437169686316410     
           7  -4.1946418718946950        4.7239652941914496     
           8   7.9803453921418036E-002   5.7912179425714368E-002
           9  0.46536013910511109       0.38466663789070821     
          10   6.5022157886450369       -8.1924401604384389     
          11   52.390220656855433        54.062410333569446     
          12   4.1130580669851140        3.4318379066935965     
          13  -37.374929741921022        18.942436383579487     
          14  -8.5652268556071807       -22.770863335865119     
          15  -4.2219295594437165        4.0781581297638105     
          16  -6.3889600860972413       -3.1515887614512690     
          17  -30.056597570876566       -9.6137882683041020     
          18  -4.7098164837480585        3.4410455674983766     
          19  -7.0025511932705857        6.3339959000002626     
          20   12.314526514644095        17.682308732122063     
          21   6.0378910792977498       -6.5861580243783635     
          22   13.529222293305047       -6.9952807701330730     
          23  0.14514816942793690      -0.32085439798261567     
          24  -6.8242382006046007       -17.726801822521754     
          25  -7.3745710833531817        4.3812344783074080     
          26   9.9595979722969243        13.132575115725274     
          27  -11.013113893692314       -13.326545595455126     
          28   7.6138393391650094        14.486780196104050     
          29  -15.210987599226655       -12.745531183944580     
          30   7.5057722254485206        5.4045629028946172     
          31  -5.7283916019413921        5.8371275347249565     
          32 -0.77890482219868606        1.9845182155990666     
          33  -5.6711403883707039       -2.6781017419547810     
          34   12.178904963342639        11.620772670946156     
          35   8.6014929469541439       -6.3883303606844155     
          36  -14.729291827414876       -12.708332396708618     
          37   15.423097111338279        12.349512186423054     
          38  -10.388874228204251       -14.534829217520047     
          39   9.4052666417058539        16.441169188040380     
          40   10.963917096174306       -6.0461158221357056     
          41  -14.514065913801661       -8.6816762922634076     
          42   19.281072989471717        8.1844706729487431     
          43  -7.9487354161913286       -12.681947725691717     
          44   8.4087453616790651        4.8308256711581290     
          45   11.194736403816149       -10.845549156369858     
          46   4.6104576055833180       -5.3865695826128848     
          47   4.0336827268764708        3.9361193342568201     
          48  -4.8401740170888967       -4.7087782410357670     
          49  -37.751315836262073        32.464671452343772     
          50  0.33119661565473785      -0.53751976758645259     
          51  -12.055668777765156       -19.261461481836527     
          52  -2.0743730474873572       -3.1927802016844540     
          53 -0.57449637460096759       0.42670914986611197     
          54  -15.739055588633382       -9.0291170033646200     
          55  -1.2978966899758890       -1.8095087465256827     
          56  -11.993592413056163       -27.136880840420083     
          57  0.50264333972225483       0.36199362955314590     
          58 -0.32341552552528691      -0.62455770476300798     
          59  -1.6768084961575311       0.62764830683645090     
          60  -7.6126914679067763        9.2619346966696021     
          61   1.9501199511714313        3.5748900822834968     
          62   15.243123889907761       -6.6883680047512479     
          63   2.0335065436189503       -1.8965538393657722     
          64  0.56771593880607341       0.56882801762727808     
          65   3.0133096211416879        6.6241027371929748     
          66   5.2781530108405459        7.1563113540175385     
          67   22.806354169623557        18.019493192151799     
          68   4.2183014561464214       -2.0668917897479901     
          69  0.17650469076594427       0.22903394959581611     
          70  0.82600566867879432       0.86205836699007765     
          71   1.0625923807823650       -2.8021239843941057     
          72  -1.3621364888422511       -4.1446079684888240     
          73   3.2085450796319770       -2.8116946724793195     
          74  -20.055699437985780       -7.5605513884845887     
          75  -15.078334757040547       -10.255578871370915     
          76   1.8231386159898324        3.1283621144068423     
          77   7.2189889554143569       -22.633342310448771     
          78  -16.499881442627981       -8.2988376948207616     
          79  -13.503674647020873        17.468274206882324     
          80   3.7716213829723091        2.3028774320918206     
          81   2.6517371111546688        1.7684512906103431     
          82 -0.21560557064655259      -0.32724167333871962     
          83 -0.86835025670014587       -1.5986997438412132     
          84  -5.7998381916226407        5.2769251681304699     
          85   4.4002572529116124        3.1838385488700545     
          86   3.5279836455115587        2.4390457359145548     
          87  -3.2055789963975552       -2.2532471258993363     
          88  -1.0017352266582946       -1.0811582807473832     
          89   2.8816953359607149        2.3860013396595865     
          90  -6.9384553307267849       -18.941778555484927     
          91   3.9199388139223283        3.0655336272820954     
          92   10.478834639179862       -4.7087283630049601     
          93  -1.6898537592554859       -3.0042124762987634     
          94  -10.638274925336669        10.977786902608873     
          95  -7.9854599847706620        12.203152675743326     
          96   3.7002738603156975        5.4055597473283754     
          97  -5.2277341536514932       -5.4982642282510321     
          98   11.105679912497232       -17.487012858654936     
          99   9.6720217640220749       -18.661040468541184     
         100   19.688661811587792       -20.583683831851598     
         101  -2.9763403559919333       -6.7779088977916011     
         102   3.4493556406187267        6.0883207919751010     
         103   23.194768585000485       -14.843917639405610     
         104  -8.0525744578207306       -8.8691234355228463     
         105 -0.30614111773449265       0.50970267688332360     
         106  -1.9778426391169555        2.3539770025759084     
         107  -8.0433378569253797        3.8491788534435525     
         108  -3.8842957237603279        4.6800495572537866     
         109   2.4325794614070366        6.1191008435052270     
         110  -5.5458517212643095       -5.3148277526142875     
         111  -8.7524978747436162        7.7763327484162632     
         112   7.1511963954276929        5.3358207712777315     
         113  -4.5119596034367300       -12.405097081750256     
         114   11.419039743487364        9.7214717465967162     
         115   6.1104145875371190       -9.5536846508097124     
         116  -1.6530189633385663        2.5155012444803240     
         117  -4.2974409927662167        5.5302514598657426     
         118   6.5871235796047483       -6.3638022141975465     
         119  -1.0108792397941917       0.87615510391204277     
         120  -6.5537119726319544       -4.7763244916102980     
         121  -9.5293052183174414        11.319190678424084     
         122  -1.7455184639021140       -2.2339934971489943     
         123   2.3833455619005059       -2.3630958486282001     
         124   3.1599012591042581        2.4669928751981893     
         125   13.255511966286219       -17.131896180176238     
         126   2.0048948865006269       -2.6407787593202952     
         127   29.374430627773151        10.538434470099245     
         128  -16.399038394542686       -11.744969313602025     
         129 -0.10596904497804768       0.22992754428181542     
         130  -6.6610983407754620        4.7925063586598924     
         131   5.8691144346867450        8.4752889715422413     
         132   5.8211526596711156       -5.2277053254968999     
         133  -9.9063878242447334       -13.282845279859503     
         134  -11.467523047905981        8.2913431152355983     
         135   16.345519177391136        14.260938442940706     
         136  -9.3730854265923043       -16.425378461159081     
         137  -20.872481532245157        6.9522361263386276     
         138  -7.9201903657523598        14.275461559897282     
         139  -25.738249603813468        22.914643622426361     
         140  -8.9611165107400090       -6.3919320293180384     
         141 -0.11615728670389350       -7.7321026598901652E-002
         142   2.9600848892450573        3.7024119501396009     
         143   17.434816729695093       -14.704152581610691     
         144  -34.478431702827848        25.055725477594063     
         145  -3.9019360071680316       -3.9060255817863943     
         146  -5.1474534777360921       -9.6622466269894769     
         147  -68.971727211098951        24.393818024341897     
         148  -3.7979284651577854        3.0769363763943574     
         149  -15.766157100632807        37.238606308619076     
         150   8.8953930345334946        17.520383183144244     
         151   9.6897171015126897       -8.0745343270900367     
         152   31.097074052275566       -28.791407787714100     
         153  0.94399985777522177       0.78003664682042884     
         154   6.4824191488299316        11.367545171525762     
         155  -5.0314461517640510       -4.2303292096392768     
         156   1.0144992639256305       0.69303986177358945     
         157   6.6286601232054663       -8.0199788356593178     
         158   17.396678065024243       -47.010212921497413     
         159  -1.3917003690308500        2.6573982580688105     
         160   13.497855136936177       -14.302923089009095     
         161 -0.88534747008487125      -0.94477691329602176     
         162   3.8353289337559473        9.6909166062176535     
         163   5.0981853308687759        6.6219500822205344     
         164  -16.159910759108076        20.567517784258289     
         165   20.664895008931751       -11.475689265049164     
         166  -23.536910712138194        25.198549932474133     
         167  -20.051133838437345        35.664344834709773     
         168  -36.634707169693058        19.043043728236146     
         169   14.715655558302929        39.395532331897755     
         170   25.244697487189232        34.343248243865716     
         171  -11.657623413804307        19.195271016452676     
         172   10.912193856452046       -6.9463492052552702     
         173  -7.8031531798491480        6.5796695340038340     
         174   23.508965299589150        16.180111182700699     
         175   41.150425306239512       -17.486941719427616     
         176   32.518966989369844       -19.175391334364960     
         177  -20.449870712623742       -18.324319756795454     
         178  -10.733014746453687        13.819478631418914     
         179   14.162570743908400        29.865393692174610     
         180  -9.4302377236475170       -5.3762361686405598     
         181  -27.806390555216129       -22.736770346088974     
         182   9.5395056387610779       -14.495470395964771     
         183   7.4075562909920496       -8.0547829275175538     
         184  -8.4857518627912043        13.878402272091925     
         185   11.021336480908417       -10.351090488760859     
         186  -15.583076394594981       -14.943042318710809     
         187   16.162630138261385        21.016803883474189     
         188  -8.0886071819029617        8.1102077124395660     
         189   4.7661165183558909       -4.8309052429509345     
         190  -1.5173034755880268        2.0597324045501142     
         191  -2.2111202860237862        1.6722653548152888     
         192   13.986147775825973        13.094065832986264     
         193   6.6378335873472434       -4.2133963571062161     
         194  -5.5641760506226339        5.8044302478681900     
         195   3.3804110814726540       -7.2339850392072149     
         196  -11.541573781750154        7.4596334581871178     
         197   4.7292066912644843        5.7235872726845249     
         198  -10.546356998763603       -17.057933434826030     
         199   1.4866006927952082       -1.3786180306584939     
         200   14.864643611616096        33.944504343306377     
         201   28.573250063603872       -11.469743603874813     
         202  -5.4882232041758963        3.7157570490155512     
         203  0.25840566144695670       0.15415548063196974     
         204  0.59307985001926622       0.46813189323091459     
         205   3.5709651424538804        2.3090108088084880     
         206  -12.253203678970124        7.9847649645811671     
         207   24.401044493284296        10.944102785110944     
         208  -3.6099005323789455        2.7552115769382386     
         209  0.64623617373268605      -0.81215185293290626     
         210   2.0578891710051392        2.6887786247062153     
         211   3.7413174218687315       -2.8546829314735751     
         212  -3.4254342811897596       -4.5417448619016012     
         213   13.417448947302729        8.9720350222353957     
         214   2.1012217681367393       -2.5656822033949798     
         215  -16.061648473037131       -20.051622852947986     
         216   16.333016631034507        24.791032496751708     
         217  -23.800247995542993       -23.809340985016792     
         218  -16.639764908565166        11.658110578314222     
         219   23.353611988797098        26.453043229915224     
         220  -27.177434130386416       -23.929794145895684     
         221   19.417458843236627        36.395274697422579     
         222   14.754689939836313       -7.2620651347811389     
         223  -14.306146411476353       -15.344470813931434     
         224   6.1061337034418939       -8.6477364945907880     
         225 -0.80180603066718203       -1.8256664678996357     
         226   2.2742197052103510        4.4785895359892187     
         227  -9.8082256221110242       -8.8668589774030462     
         228   13.631954790012013        25.211960967063519     
         229   11.479975990768324       -11.834425792566771     
         230  -32.050977047606054       -22.190605157146067     
         231   18.249290245252158        22.263784518998207     
         232   4.2549485166358929       -6.2504423744171902     
         233  -1.2054041733789116        2.5746093529323613     
         234  -11.659336663509855       -18.091460267673565     
         235   18.407157868154592        25.286077178874351     
         236   6.1926577777948992       -7.2320184205254296     
         237   1.1153381939711469       -1.5960716984091796     
         238   24.375931796346567       -9.9892770225758927     
         239  -18.485285191384474       -22.225373656704086     
         240   3.0817485139953669       -8.9274843031565716     
         241  -18.281269010448138        8.2354042817926612     
         242 -0.20228674610116540       0.35451449784970951     
         243 -0.34805609489331046       0.61263528210112483     
         244  -4.5418371175166845        5.0531220330233033     
         245   20.100759315151283        21.116469741645467     
         246  -9.9116259742942852       -27.904624214799409     
         247  -1.8718757106912294        2.3306119502584290     
         248 -0.31101796348016880       0.52715013042913894     
         249   26.609951061842835        18.916349956091082     
         250  -44.703381987712753       -12.879374703886072     
         251   16.390349657262401        17.092072032929600     
         252  -1.8343063610485304       -1.7456133480540765     
         253   3.6919286044189024        3.6846339854532979     
         254  -7.3068184032590286       -8.3492405997472154     
         255  -11.680492656446761        9.9457594821891533     
         256   9.1134205904889338        8.5104080945615497     
         257   15.506780716345988       -9.3436072589060153     
         258   16.947223485241377       -5.8966611981778119     
         259   12.081195552011058       -7.8253944234898061     
         260   7.4726504094472510       -3.7336794014161789     
         261   1.8885153349945372       -1.8325713079637529     
         262  -11.903819731456107       -13.533616306801759     
         263   25.051534381366267        15.441832120898445     
         264   21.998013263848964       -15.252514137181032     
         265  -9.3882090553156683        15.187610584076062     
         266   12.437474149124791       -13.664647823229167     
         267  -18.849108119888616       -18.459184949497523     
         268  -17.632932816846552        14.810357948580531     
         269  -4.2187821529136524        2.0618163528863489     
         270   1.6257335740164831       -2.2688574652439786     
         271   4.7058719996830938       -11.806131929790167     
         272   25.782770282410763        17.850451253995203     
         273  -14.788925622994885       -21.652983001038965     
         274   19.498134539845097        17.851108254976115     
         275  -21.783760086396537       -7.8082126954127249     
         276   10.440069234589103        14.339061651563112     
         277   13.428610935659291       -7.4013234391328488     
         278  -13.775515672493540       -23.270231154210265     
         279   5.6091938798991237       -14.511722447993458     
         280  -9.4851010591951610        4.8085290700905192     
         281   4.1818910405788516        3.2856185206754271     
         282   13.402111284366892        7.0951844584876298     
         283   8.2141317065469561       -7.5010536031623776     
         284  -49.616515368660544        26.600381215569005     
         285   11.670129948917634        35.373762986544442     
         286   11.691434524454802       -5.0615641070841937     
         287  -11.755235336071275       -16.897188405990992     
         288   10.179088826898200       -9.2337426890660215     
         289 -0.37726208746516326       0.33796613068150128     
         290 -0.22030719201853294       0.53929038895002179     
         291   1.5163432532548171       -1.5171569324027232     
         292  -1.4676601768772612       -2.1918856085443732     
         293  -3.6768724080851518        4.8361006130838966     
         294   8.0582663760837878       -4.5187984484242731     
         295 -0.90936109710142254      -0.92031685259197082     
         296  -11.649651825024360        7.3309738783774687     
         297  -2.8089819085179815       -2.1562392948652889     
         298   4.4797438382755876        3.4809858687606616     
         299  -5.7047477117111578       -5.2112508401899005     
         300   3.7376317101640875       -4.1575699472299776     
         301   12.230012074264572        12.117493848516999     
         302  -7.8588918578424805       -19.120549271217360     
         303  -14.773950621727838        12.634536032847116     
         304   1.5879251700398587       -2.1604641223543415     
         305   8.6005871058363468        28.445749361264777     
         306   2.9968379663106863       -3.0360531152951125     
         307   17.139339138485482       -10.122078518483949     
         308   22.228005714487047       -12.556536706500918     
         309   32.857783376736826       -18.088294832624953     
         310   55.944191224338084       -30.172370953840677     
         311  -9.8926825791285413       -13.046136355711393     
         312  -14.944290405584406        29.505631206443148     
         313   107.28107728617303       -68.560000550380906     
         314  -35.387225532357007        44.817357095447527     
         315  -11.629869974113063        14.891428655945742     
         316   22.197212341411497       -26.988615029969917     
         317  -20.109873205618015        15.479369643304164     
         318   51.695352482380734       -38.601769851343377     
         319  -30.322068895146202        45.015007145369445     
         320   8.3265672338567214        8.3347417206415084     
         321   9.7086276534146734        12.022207679413540     
         322   7.5725999390574561        6.7999563019416698     
         323  -33.817949552852788        11.931439203655268     
         324  -87.552763766418224        43.639113032998445     
         325   8.4737439235887617       -9.5373644455195592     
         326   7.3535123411824825        6.7887737124721976     
         327  -5.7798379434537130       -4.4624499398771347     
         328  -35.983885891565279        32.258079027209668     
         329   7.7786148085948907       -7.9820025674040389     
         330  -22.809024696648066        24.032594973963899     
         331   16.798287079670857       -10.129939049155627     
         332   22.980521028025073       -19.395248669142479     
         333   41.086882655528321       -34.096148575238480     
         334  -325.47325316216586        172.74697553865036     
         335  -4.0739148961863751        3.2528687584437987     
         336  -23.931422449093073       -15.472922602210270     
         337   53.135798810737896        32.906974115443028     
         338   1.4849839676517524      -0.98239182861637531     
         339  -1.1145843884336526        1.3028850418974010     
         340  -11.985448526636818       -14.040716960372000     
         341   2.7330908509345635       -3.0755620582794920     
         342  -25.030919765452779       -40.555896023299077     
         343   3.2853555061427566       -4.1355567404441107     
         344   3.1864409385069314       -2.1584224532542495     
         345   3.1149367180684080       -1.4953187496644662     
         346   4.1991888699971351       -2.0150651026077395     
         347   18.691140152190897        21.027035948237252     
         348   5.0133944558787737       -1.7666035645843958     
         349   8.1847358287352527       -17.534735557177015     
         350   35.428519732832740        27.956110038787699     
         351  -3.4564853110325333        6.4026138084212905     
         352   30.430066859397169       -14.022238821075172     
         353   8.3179853223764120       -7.2849444657391622     
         354   11.838007042297329       -11.849350140964216     
         355   13.292432648467758       -13.638465393393636     
         356  -21.650440530977658       -32.169397816075055     
         357  -32.649496962195229        16.635134137456955     
         358   28.970647644326945        30.669619612231990     
         359  -40.783782598002567       -25.852559482919887     
         360   26.589541153673427        32.869140182943987     
         361   19.682521967773379       -12.114158483381095     
         362   19.620066373386795       -15.120650565039508     
         363  -4.0806273722538720E-002   6.2737678949691497E-002
         364   11.251083672234484       -7.4148094644635822     
         365  -30.209224777301330       -14.097014455971010     
         366   17.331751157250160        31.863047833216935     
         367  -48.907301094651615       -24.811978502361100     
         368  -4.5055283070522769        3.5943655510416832     
         369   29.650461144782639        29.616087120052519     
         370  -38.671974884581083       -25.015121690417573     
         371   79.853290592678619        22.269910152414013     
         372   1.4088813067661812       -2.1726422494642508     
         373  -27.805637176381431       -22.141633502463144     
         374   5.6527979540155764        2.3531761840143872     
         375   9.1555696640777284E-002  -7.6439354764178458E-002
         376  -7.2721412229978402       -8.2935967511803259     
         377   10.827244713604550        15.103895663337793     
         378  -23.172032865458320       -20.728637923727572     
         379  -16.257367050138726        12.740245744765852     
         380  -11.296031582147929        6.5865400651116541     
         381   19.539818294616669        33.529873234648015     
         382   10.469761282927015       -9.9221099962746422     
         383  -15.589403020640633       -43.037769474010915     
         384 -0.86787990259739245        1.2241203395079401     
         385   32.442686446117023        25.204376347892790     
         386  -31.958873116437250       -23.070353101795124     
         387  -28.781142660061061        11.798555226930704     
         388  -2.3690344956808174        3.7047301942355695     
         389  -10.770040431272021        12.181146509415349     
         390   45.184133002219653        26.647741721948247     
         391   31.276316591131042       -12.601863736293105     
         392   20.253561555082044       -13.048661364207641     
         393   20.076434395091621       -11.618870058767349     
         394  -41.337400757115645       -21.465601597252938     
         395   21.618722647071543        17.852996315554943     
         396   38.636962077500762       -13.467608857027033     
         397   6.3056475086449293       -5.4698335569752219     
         398  -16.790156360276036       -43.227621935238133     
         399  -10.093330356040447        6.5362910113748329     
         400   13.981277615264176        30.808747238220885     
         401  -10.765416892849156       -21.287445228222158     
         402   16.637154481650089        26.443245373331468     
         403   9.8939749102317389       -6.5821054506475365     
         404  -25.170965929155326       -20.878385133532465     
         405   21.915757985255183        23.019508600635046     
         406  -46.393561219772018       -17.328239511445240     
         407  -8.8380770829993995        8.2179187861978722     
         408   26.414100363090050        27.964100150466891     
         409   17.994353514728175       -12.282324940753927     
         410  -25.133659226371336       -22.343382340821631     
         411   8.4339228605283117E-002 -0.18869351992172081     
         412   36.433333135299662        20.944474512919015     
         413   1.4517005195664496       -1.8943731638750210     
         414   12.959498906439331       -9.0236400167073558     
         415   48.471103932591021       -17.522500606915361     
         416  -23.580742637066031       -24.464009264577051     
         417   15.926828995798420        15.013228056932466     
         418   6.4446856185339803       -12.097152090219762     
         419   16.313577094566920       -14.956927507908169     
         420  -3.1881296669444881       -9.1849928363388873     
         421   14.999457464641663        17.190291727865340     
         422  -11.979576944572232       -12.991397596170488     
         423  -8.7360867392117978        13.691303738058311     
         424   1.6487661214744374        1.8083202970797898     
         425  -7.6758698333788535        13.149192726561758     
         426  -10.299719759867598       -13.207422513317708     
         427   13.423995436450666       -11.244754053930397     
         428   30.990687823993781        17.429103759838046     
         429  -19.977454793003901       -29.094015175324358     
         430   23.156234927786002        12.566683333010694     
         431   33.225175104189930       -39.755401902534842     
         432  -205.76328152545975        184.86707424262593     
         433   14.954918508690648        33.502826352774932     
         434  -4.5343303646669337        2.5130122092869080     
         435  -2.4625202393449839        3.3981150500154156     
         436  -2.5578905508753640        1.7953857758087444     
         437  -3.0857446113656826       -2.8172314331685890     
         438   12.172710723588978        4.8311704298173463     
         439  -11.046164012391209       -16.636094175915026     
         440  -21.975601984257406        12.901333787115778     
         441  -5.6388042354480632        7.0663074044175787     
         442  -2.3911112276972735        2.6111648025105483     
         443   16.411375924692873        8.6738464022703514     
         444   2.8555547438231019       -3.9304869538622889     
         445  -13.814248213133462       -15.237143029470671     
         446  -3.7337756910326263        5.5878166708630745     
         447  -7.8197945281122392        6.1330433456815614     
         448  0.50175351308639782      -0.55761794079366556     
         449   3.1890365421898954       -6.2347659260788868     
         450   19.087144737029679        23.188755416484707     
         451  -52.252948112344967       -25.136454496377119     
         452   35.660327029216091        33.620107247864034     
         453  -19.048805010543958       -35.841965300739083     
         454   24.081514224943035        46.416642338941529     
         455  -29.820133320887091       -35.917182018501812     
         456   45.643539544996997        22.285295670605482     
         457  -34.106121634332126       -34.547304354113400     
         458  -15.104093698607196        10.322531001075662     
         459   30.108172111613577        34.438790266260789     
         460   17.526496745830308       -16.420223208236106     
         461  -30.214549729763103       -30.259048017913667     
         462   30.058797314172892        33.643835697648697     
         463   22.635742896437609       -15.764309108971801     
         464  -28.954922184251121       -27.763375521220773     
         465  -35.944933623983658        18.541470033494196     
         466   2.4175312027028464       -3.5666258273039810     
         467   2.0937020568268974       -3.1203742637052687     
         468   5.5887894418231392       -12.419438467016805     
         469 -0.73759434814019420        1.2563051155368010     
         470  -12.404745566987152        10.143524160206638     
         471  -41.946681611828751        13.507258862157331     
         472 -0.95940217615515322        3.2622093309717570     
         473  -25.410219137403310        21.372469194783474     
         474   36.692344448580059        35.463403626829027     
         475  -68.130035788502724       -29.668638116168129     
         476   32.405050985370238        35.359470027857412     
         477  -16.290460175444281       -25.616020929914875     
         478   7.9117259449536688       -12.754114427438767     
         479   29.830701749892665        42.498750854099363     
         480   19.367537106687067       -20.652232353090259     
         481  -1.6716812559200136        2.2155358319520118     
         482  -49.361732128441595       -24.286893719832804     
         483   30.881883900552197        41.548602208967615     
         484   26.053296031334487       -22.169601535863801     
         485  -5.8839519606601458        10.471615310531030     
         486  -56.828746570490964       -29.516283512448720     
         487  -7.9667495487207045        6.2779319636618069     
         488   7.5779302214806830       -11.304088753499579     
         489   32.750743940807013        32.355414288973812     
         490   7.6812002045042744       -10.094257427953764     
         491  -13.709178661442801       -6.8305335060874626     
         492   19.527909785291119        15.143046446442309     
         493   6.2199507449712952       -6.4522604256422529     
         494  -34.352500978476776       -16.892702736147466     
         495   20.314088836969628        47.460313650257426     
         496   56.999161700467980       -26.487560515302174     
         497  -1.0102019097120709        1.7128548398910506     
         498  -29.281517780420412       -35.265802895796980     
         499  -19.928790538897385        13.361236850417137     
         500  -19.332816924921641        14.465836663516434     
         501  0.36810355945841733      -0.14047884058828841     
         502   4.4252570872285473        3.2474302974429365     
         503  -7.8245369527885513       -6.2904938808616988     
         504   12.107925702266158        13.649943954060715     
         505  -19.819759545017348       -24.396333185738030     
         506   32.162852421254684        33.269193075892403     
         507  -31.803386788384394       -41.149909764105040     
         508  -3.4029836687951045        5.8064992194250502     
         509   35.789420455202041        34.778653258061034     
         510   4.6273616374432560       -7.4012459147395235     
         511  -40.270852292616468       -31.477763125509700     
         512  -13.356883385275085        12.109200329402126     
         513   8.0116560514001876       -13.698950361148768     
         514   22.314919106249434        55.483011146077352     
         515   28.215841409074429       -25.087056960535637     
         516   2.5106920401736748       -2.9102664260162623     
         517   5.1124068943218370       -4.5766087437439982     
         518  -4.9769060786271444        7.9229702700943383     
         519   3.9625745244364965       -4.1937351203799595     
         520   7.4755809892484741       -5.8376051772689257     
         521   21.356216075015183       -9.2658626170737204     
         522   14.228222920188077       -11.146411888187433     
         523   16.797676179314788       -14.187169581760266     
         524   11.243970332060739       -9.1436075730651538     
         525  -18.073239955926962       -11.151067357489238     
         526   14.819225170481911        22.714882676227411     
         527  -21.578217344989316       -30.333664286762396     
         528   31.996567038464775        29.650908567084645     
         529 -0.91714695359400178        1.8187297713169650     
         530   36.116419137720975       -15.980693677302680     
         531   7.6153192492886426       -9.2367576810970373     
         532   6.5679224564608472       -7.9403020276910841     
         533  -16.246771403269651       -25.390283962581048     
         534   30.247757178893977        23.440219202423787     
         535  -21.509147211860235       -31.724404731156014     
         536  -11.249219981285743        11.218515000281197     
         537   49.174827194723470        18.986176599803894     
         538  -3.0120663190740666        5.8425017319003461     
         539   20.237252537118241       -11.283093179263819     
         540  -62.709748657136281       -26.062463887254513     
         541  -13.477524382444221        11.977975397846546     
         542   21.991719941937614        35.483613807309240     
         543   6.4972226217104190       -8.4377670657636195     
         544   8.1772125723296227       -8.1582899384492826     
         545  -22.198316019380865       -20.823880901129176     
         546   18.294763289488980        27.059909433473809     
         547   4.6419464100283676       -5.4737278383739367     
         548   26.993720745824447       -10.087490722851026     
         549   6.5152700199591527       -7.2639355567624326     
         550   3.1202838798759176       -6.4044539539067795     
         551   9.8298538900076480       -11.559649494659338     
         552  -6.6859005114891321       -5.3368735569236767     
         553  0.73665171175768518      -0.49349543629426806     
         554   7.0789322778231014        8.1143442268633077     
         555   19.066507542373014       -8.3053582834614446     
         556  -7.1678369930147978        8.7287601136880504     
         557   13.109547721716023       -7.3997045858316799     
         558  -20.947031477251645       -10.875589787895938     
         559   19.209898346303358        12.375450831394053     
         560  -18.055618020827513       -15.490944830418234     
         561   19.871676705116787        15.395519670316279     
         562  -6.3646758282514666        6.5896718796647828     
         563   9.5433232855266024       -5.7475027240712313     
         564   1.0927510046096724      -0.54525396927866088     
         565  -5.8963541202127132        5.4034422893226148     
         566  -3.9345689739546978        5.2491716537117155     
         567   19.230249500885499       -10.148079950912788     
         568  -22.910006730826566       -30.238718953316006     
         569   24.965942765452439        21.883053807542741     
         570  -3.9056782055053660        5.7025096233858363     
         571  -6.5144184614051719        7.4097933553066326     
         572  -6.5788016706730286        8.5873291503273190     
         573  -67.720744466061390       -19.798651163628577     
         574   39.476199326681886        23.797551696604426     
         575  -12.839756878588465       -26.127461100091793     
         576  -4.6376242842750477        3.7030185742106978     
         577  -7.3910606868342388        4.2622845145399433     
         578  0.89031893916023186       -1.1839814485927442     
         579   27.832356786966084        14.300483739251334     
         580  -11.557422566138014       -20.505956196697689     
         581 -0.15593950230376707       0.18866777882982544     
         582  -1.6362936003241579        1.6332369729000975     
         583   20.216609785926046        12.957045997126450     
         584   5.5704675227366822       -7.1001666332507112     
         585   4.8814520734116424       -2.0224840562121371     
         586  -8.8731628150223312       -24.233461396182427     
         587  -18.143242178279202        18.596949859078208     
         588  -6.4349225203360501        4.2979773421991032     
         589 -0.44339593849541220       0.35932574476759693     
         590   1.9016459910706975       -2.1254826061137626     
         591   20.658286527156385        12.420523379205916     
         592   15.015533972471207       -9.6407107493705695     
         593  -8.2826187804840199        19.744344820723111     
         594  -27.003073227656120       -26.789567744129606     
         595   3.9016023213115996       -9.1153705259826605     
         596   25.838605998281480        26.416840450486308     
         597   24.227339709760919       -9.8746180020635279     
         598  -4.5504302502544043        4.4539740720358045     
         599  -4.3443125389424946        3.7774327565316606     
         600  -30.907794826179604       -20.796175869566692     
         601   9.7597540678111230        22.183679677612780     
         602  -15.073774180170458       -18.435708119460276     
         603   21.371190537852318        15.081274880632320     
         604   10.390302770424530       -5.3388461272559775     
         605  -21.510687891285606       -12.091831794090238     
         606   24.913909698717244        12.425680868608913     
         607   5.2138411027374936       -1.8013608151860532     
         608  -8.8484457417522382        12.747141605294837     
         609  -19.229974057809780       -38.397732884135607     
         610  -15.781936239697286        18.415916215341312     
         611   30.813913543920020        13.685831385370111     
         612  -4.7521335378635809        7.3274504806238525     
         613  0.95830673292024371       -1.6535150458465282     
         614   11.136989474619014       -8.0225825035426723     
         615  -17.733167123405515       -33.172539232444102     
         616  -12.185292718102053        16.377691204404300     
         617  -1.4081519861977962        3.9869151221629493     
         618   24.113644621263951        13.187444356508818     
         619  -2.8184056229441223        2.6459358243515729     
         620  -17.778366015433868       -20.479462586876377     
         621   12.879007792464439        19.371980824439920     
         622 -0.44142042331022913       0.57111754007585069     
         623  -12.098639115870263       -19.781304852853417     
         624   9.6566488756440823        20.537547116305852     
         625  -19.265121612371850       -13.289817159690454     
         626  -13.865902983397138        6.3164070029267760     
         627   1.9040355242507987       -2.2627658486595656     
         628   18.849216519895332        15.723962175335062     
         629   35.062701287066908       -13.420168763908663     
         630  -8.1094095774288171        9.7813426361122353     
         631  -20.574925751353007       -30.467944209967413     
         632   12.096907342450397        24.115266615099362     
         633   1.0231405684894739      -0.68400556807689683     
         634  -18.080651666178259       -10.883667782186699     
         635   9.5899425697357863        12.834838120620365     
         636  -10.494087234142205       -12.142267601218958     
         637  -5.8286758749559615        5.9823005776869094     
         638   7.3458875142289726        8.3575029177473219     
         639  -7.7913101015650135       -8.7457182779090115     
         640   7.5326594401817841        10.175706495865434     
         641   16.842382957101876       -8.7921178050355024     
         642  -9.3463088854617009       -12.984192610148748     
         643   14.266083085664905        13.052658609729930     
         644  -6.7559864919391144        6.3930234500837155     
         645  -19.356311900254518       -14.321919279578768     
         646   11.716845309049699        16.522857084702565     
         647  -25.098543451051775       -12.437708902546945     
         648  -11.556167128602128        5.2530263530965913     
         649  0.36844068579316941      -0.43153974930476457     
         650   1.6703987788254915       -2.3167741347297901     
         651   14.515694006880430        29.010174787130076     
         652  -13.928775758410417       -34.742695401285424     
         653  -2.7923886862605651        2.7833868857676332     
         654   21.674127429941365        25.291904403090264     
         655   10.610604926725340       -13.540857645704184     
         656  -16.070171736964632       -9.5903399826281746     
         657   10.592564927868333        17.176772734312010     
         658  -18.946780263451149       -16.432445486261216     
         659   17.830964876328792        15.866398393738134     
         660  -12.298602248841732       -15.842829775002210     
         661   17.136769975321545        11.048446926372138     
         662  -13.635106436883294       -11.896554327019025     
         663   17.320621711201987        9.7703758986770222     
         664   4.6492294201156126       -5.6566445122197875     
         665  -6.5514309257259615       -8.6795762645908443     
         666   6.8917763187576622        8.6790059317308295     

   k   test 
         666   34.136650153265236     
