   5.0000000000000000        3.2000000000000002        2.4850894632206754E-002
   5.0707966881301694        3.2707966881301695        2.4148120692729702E-002
   5.0854502311970595        3.2561431450632798        2.4117148236184157E-002
   5.1530887744747460        3.3237816883409668        2.3473159784682011E-002
   5.2181112142392490        3.3888041281054697        2.2876658313237323E-002
   5.2314203264378314        3.3754950159068877        2.2851018661775396E-002
   5.2938124920546352        3.4378871815236915        2.2299766451905987E-002
   5.3066071306861788        3.4250925428921484        2.2276012273989440E-002
   5.3195325989231463        3.4121670746551809        2.2251737314088898E-002
   5.3325890113204304        3.3991106622578968        2.2226934896524719E-002
   5.3457764428064181        3.3859232307719087        2.2201598466125776E-002
   5.4051140551159627        3.4452608430814529        2.1698996618925635E-002
   5.4624868717869939        3.5026336597524841        2.1228175009685817E-002
   5.4746296436637270        3.4904908878757510        2.1206615549604065E-002
   5.5299866967484945        3.5458479409605181        2.0766797169947962E-002
   5.5836535584834710        3.5995148026954942        2.0352632198261909E-002
   5.5949074213230645        3.5882609398559002        2.0334045410144681E-002
   5.6468277814099270        3.6401812999427632        1.9945117463314718E-002
   5.6972773124042755        3.6906308309371116        1.9577239418989784E-002
   5.7077653360930665        3.6801428072483207        1.9561036180578573E-002
   5.7566852375635147        3.7290627087187689        1.9214018445815828E-002
   5.8043124838820424        3.7766899550372965        1.8884517810003464E-002
   5.8141336296941226        3.7668688092252158        1.8870256432754053E-002
   5.8240216635637676        3.7569807753555704        1.8855781090760946E-002
   5.8339765613085754        3.7470258776107621        1.8841090036360617E-002
   5.8799854069234412        3.7930347232256278        1.8531785630711589E-002
   5.9248636558994408        3.8379129722016270        1.8236998257654593E-002
   5.9686704591873365        3.8817197754895227        1.7955650291015705E-002
   6.0114603032154763        3.9245096195176625        1.7686771640147682E-002
   6.0202448442721552        3.9157250784609832        1.7675260989069498E-002
   6.0619584486070766        3.9574386827959045        1.7418974415729385E-002
   6.1027574764637009        3.9982377106525289        1.7173410030617425E-002
   6.1426846750109583        4.0381649091997858        1.6937855609762562E-002
   6.1817797680579440        4.0772600022467715        1.6711662755495869E-002
   6.2200797385028652        4.1155599726916927        1.6494239776095283E-002
   6.2277234145712352        4.1079162966233227        1.6485459803522898E-002
   6.2651739159472601        4.1453667979993476        1.6276976827990872E-002
   6.3018999163771863        4.1820927984292737        1.6076177227975663E-002
   6.3379313109255229        4.2181241929776103        1.5882609723235401E-002
   6.3732961210058097        4.2534890030578971        1.5695858919491344E-002
   6.3802228917128145        4.2465622323508923        1.5688603820520737E-002
   6.4148705863868010        4.2812099270248787        1.5508847677718655E-002
   6.4489057886155630        4.3152451292536407        1.5335135650278484E-002
   6.4823515883764404        4.3486909290145181        1.5167143074367914E-002
   6.5152297504130736        4.3815690910511513        1.5004568951191347E-002
   6.5215603730342648        4.3752384684299601        1.4998471350979363E-002
   6.5538239459826899        4.4075020413783852        1.4841489355540614E-002
   6.5600385868391315        4.4012874005219436        1.4835598489849786E-002
   6.5662763198751835        4.3950496674858917        1.4829656271401509E-002
   6.5978836872759565        4.4266570348866647        1.4678390234149172E-002
   6.6289887150950726        4.4577620627057808        1.4531687173756918E-002
   6.6596084139779235        4.4883817615886317        1.4389326674632556E-002
   6.6654806449077793        4.4825095306587759        1.4384034520725864E-002
   6.6955710923776053        4.5125999781286019        1.4246185026597557E-002
   6.7252096661660801        4.5422385519170767        1.4112259273886938E-002
   6.7544108153397042        4.5714397010907009        1.3982078196618628E-002
   6.7599574522923085        4.5658930641380966        1.3977333528223373E-002
   6.7655215464186771        4.5603289700117280        1.3972553021941055E-002
   6.7941882703627394        4.5889956939557903        1.3846603720380534E-002
   6.8224478936686577        4.6172553172617086        1.3724039928711712E-002
   6.8278193005093861        4.6118839104209801        1.3719568528329630E-002
   6.8332066875795991        4.6064965233507671        1.3715064945373185E-002
   6.8609663625003785        4.6342561982715464        1.3596342812682074E-002
   6.8883461628737557        4.6616359986449236        1.3480692936929793E-002
   6.8935535839702764        4.6564285775484029        1.3476469955110296E-002
   6.9205145323175978        4.6833895258957243        1.3364042326839258E-002
   6.9471186853446039        4.7099936789227304        1.3254425587627530E-002
   6.9733760765127686        4.7362510700908951        1.3147506804627762E-002
   6.9992963074162491        4.7621713009943756        1.3043179237644961E-002
   7.0248885725201342        4.7877635660982607        1.2941341912200798E-002
   7.0501616822544353        4.8130366758325618        1.2841899227404644E-002
   7.0751240844052763        4.8379990779834028        1.2744760596090698E-002
   7.0797548645939212        4.8333682977947579        1.2741389113490974E-002
   7.0843967470262745        4.8287264153624045        1.2737997369611842E-002
   7.1089710163157900        4.8533006846519200        1.2643504335826491E-002
   7.1332527051493102        4.8775823734854402        1.2551129541802670E-002
   7.1572491997404031        4.9015788680765331        1.2460796541725135E-002
   7.1809676003809537        4.9252972687170837        1.2372432662331425E-002
   7.1853363309007978        4.9209285381972396        1.2369410586886240E-002
   7.2087440656522572        4.9443362729486990        1.2283133269822269E-002
   7.2130563458506867        4.9400239927502696        1.2280181844200305E-002
   7.2173778311176573        4.9357025074832990        1.2277214293279175E-002
   7.2217085119542306        4.9313718266467257        1.2274230576103022E-002
   7.2447368943995638        4.9544002090920589        1.2190321031003763E-002
   7.2490125723277279        4.9501245311638948        1.2187405815103086E-002
   7.2717486157299218        4.9728605745660888        1.2105413423269470E-002
   7.2759707221003103        4.9686384681957003        1.2102564171050450E-002
   7.2984220316018726        4.9910897776972627        1.2022418253271602E-002
   7.3206321622539665        5.0132999083493566        1.1943887916593008E-002
   7.3426065939806051        5.0352743400759952        1.1866920657743233E-002
   7.3643506156424934        5.0570183617378834        1.1791466309803982E-002
   7.3858693338645915        5.0785370799599816        1.1717476911313690E-002
   7.4071676815805878        5.0998354276759779        1.1644906583411682E-002
   7.4110570942255638        5.0959460150310019        1.1642469127766271E-002
   7.4321066070810105        5.1169955278864485        1.1571415347010758E-002
   7.4529458493556184        5.1378347701610565        1.1501689580631885E-002
   7.4735792548224946        5.1584681756279327        1.1433251771031197E-002
   7.4940111136517409        5.1789000344571789        1.1366063516956069E-002
   7.4977075835143454        5.1752035645945744        1.1363849314052403E-002
   7.5179109636976555        5.1954069447778846        1.1298000299667389E-002
   7.5215665650888530        5.1917513433866871        1.1295829858259533E-002
   7.5415466723511111        5.2117314506489452        1.1231276923328856E-002
   7.5613385544479046        5.2315233327457387        1.1167859083597015E-002
   7.5809459478217027        5.2511307261195368        1.1105544103406469E-002
   7.6003724749449297        5.2705572532427638        1.1044301002964508E-002
   7.6196216490226210        5.2898064273204550        1.0984099996360616E-002
   7.6386968784323077        5.3088816567301418        1.0924912433334377E-002
   7.6420986115750482        5.3054799235874013        1.0923018145455104E-002
   7.6455052491513644        5.3020732860110851        1.0921116252056292E-002
   7.6643541596279636        5.3209221964876843        1.0863125544137334E-002
   7.6677257698093291        5.3175505863063188        1.0861258394873832E-002
   7.6863809557902067        5.3362057722871965        1.0804323049393117E-002
   7.6897182695806459        5.3328684584967574        1.0802489616721587E-002
   7.6930601876617519        5.3295265404156513        1.0800649070226953E-002
   7.7114988130132911        5.3479651657671905        1.0744838044507959E-002
   7.7297786769921757        5.3662450297460751        1.0689920623227834E-002
   7.7479026520940391        5.3843690048479385        1.0635873675366480E-002
   7.7658735309423133        5.4023398836962127        1.0582674892061798E-002
   7.7836940291719419        5.4201603819258413        1.0530302749914898E-002
   7.7868575115861232        5.4169968995116600        1.0528642584566998E-002
   7.7900249648078708        5.4138294462899124        1.0526976415325439E-002
   7.7931963844985370        5.4106580265992461        1.0525304233709155E-002
   7.7963717661785461        5.4074826449192370        1.0523626031352051E-002
   7.7995511054074225        5.4043033056903607        1.0521941799908566E-002
   7.8170990717547815        5.4218512720377197        1.0470819441924278E-002
   7.8202480607420846        5.4187022830504166        1.0469163615422161E-002
   7.8376285828116190        5.4360828051199510        1.0418900428318839E-002
   7.8548690182679577        5.4533232405762897        1.0369388556375054E-002
   7.8719717348759017        5.4704259571842337        1.0320609832404111E-002
   7.8889390388484770        5.4873932611568090        1.0272546692915822E-002
   7.8919613885075712        5.4843709114977148        1.0271013124353830E-002
   7.8949871658845634        5.4813451341207227        1.0269474415158485E-002
   7.8980163670921195        5.4783159329131665        1.0267930559017650E-002
   7.9147809827311004        5.4950805485521474        1.0220803258963407E-002
   7.9314157899632489        5.5117153557842959        1.0174351492746649E-002
   7.9479228937236259        5.5282224595446730        1.0128559590060034E-002
   7.9508642547335526        5.5252810985347462        1.0127097748779384E-002
   7.9538087626978191        5.5223365905704798        1.0125631212227692E-002
   7.9567564140089369        5.5193889392593620        1.0124159975072756E-002
   7.9730712658220790        5.5357037910725042        1.0079234691032357E-002
   7.9892635533888692        5.5518960786392944        1.0034933389999182E-002
   7.9921564013679118        5.5490032306602517        1.0033511849529671E-002
   7.9950522212590309        5.5461074107691326        1.0032085877842198E-002
   7.9979510096319562        5.5432086223962074        1.0030655470190468E-002
   8.0139580277273463        5.5592156404915976        9.9871762851155219E-003
   8.0298473185729566        5.5751049313372079        9.9442878280172429E-003
   8.0326933094158726        5.5722589404942919        9.9429047088432729E-003
   8.0484457230577835        5.5880113541362020        9.9006617645438187E-003
   8.0512674039008765        5.5851896732931081        9.8992993285023870E-003
   8.0540918171794882        5.5823652600144964        9.8979328239733599E-003
   8.0569189597244009        5.5795381174695837        9.8965622469489884E-003
   8.0597488283537562        5.5767082488402284        9.8951875934503060E-003
   8.0625814197782457        5.5738756574157389        9.8938088595734563E-003
   8.0654167307835767        5.5710403464104079        9.8924260414011995E-003
   8.0809318863992257        5.5865555020260578        9.8511430683333491E-003
   8.0963368443379515        5.6019604599647836        9.8104011181211516E-003
   8.1116332395188095        5.6172568551456417        9.7701887096124738E-003
   8.1143929786518818        5.6144971160125694        9.7688732192514061E-003
   8.1171552284180475        5.6117348662464028        9.7675539763708540E-003
   8.1323052011518566        5.6268848389802120        9.7279840784025868E-003
   8.1350447847388079        5.6241452553932607        9.7266837368954230E-003
   8.1500704924556633        5.6391709631101161        9.6876790898305677E-003
   8.1527877842998535        5.6364536712659250        9.6863972098259876E-003
   8.1676912794983973        5.6513571664644680        9.6479446976619910E-003
   8.1703866447341671        5.6486618012286982        9.6466808533325725E-003
   8.1730843249540630        5.6459641210088014        9.6454135479680965E-003
   8.1878486905989263        5.6607284866536647        9.6075587802504168E-003
   8.1905248112508051        5.6580523660017858        9.6063091231807490E-003
   8.1932031840122299        5.6553739932403611        9.6050560937274276E-003
   8.1958838061606993        5.6526933710918907        9.6037996892578362E-003
   8.1985666749614854        5.6500105022911047        9.6025399071622605E-003
   8.2012517876745772        5.6473253895780129        9.6012767448507268E-003
   8.2039391414950025        5.6446380357575885        9.6000101997812011E-003
   8.2066287337181354        5.6419484435344556        9.5987402693817891E-003
   8.2211638730003358        5.6564835828166560        9.5617522003056885E-003
   8.2238323187866058        5.6538151370303860        9.5604996611262424E-003
   8.2382532251804630        5.6682360434242431        9.5240166896609062E-003
   8.2409008589697343        5.6655884096349718        9.5227811546133717E-003
   8.2435506151304807        5.6629386534742263        9.5215424049142506E-003
   8.2462024910417693        5.6602867775629377        9.5203004383094623E-003
   8.2604750849042397        5.6745593714254081        9.4844200329583881E-003
   8.2631064974687973        5.6719279588608513        9.4831947385156483E-003
   8.2772690014322308        5.6860904628242848        9.4477946489639284E-003
   8.2798802681573811        5.6834791960991344        9.4465856628252135E-003
   8.2939343897480295        5.6975333176897829        9.4116554361083089E-003
   8.2965258205978003        5.6949418868400121        9.4104624053789800E-003
   8.3104732271746169        5.7088892934168278        9.3759919016470333E-003
   8.3243326173494676        5.7227486835916785        9.3419208986193318E-003
   8.3381051471847343        5.7365212134269452        9.3082418932229176E-003
   8.3406350448647046        5.7339913157469740        9.3071003956927724E-003
   8.3431667638523130        5.7314595967593664        9.3059561371128998E-003
   8.3568201326960558        5.7451129656031101        9.2727592188891345E-003
   8.3703893303267769        5.7586821632338321        9.2399377112035840E-003
   8.3838754358299603        5.7721682687370155        9.2074847331780393E-003
   8.3863484084610764        5.7696952961059003        9.2063887216247316E-003
   8.3888230724764412        5.7672206320905355        9.2052901466157262E-003
   8.4021948044157035        5.7805923640297969        9.1732914517568473E-003
   8.4046515943596081        5.7781355740858924        9.1722065993030573E-003
   8.4071100320253027        5.7756771364201978        9.1711192433609600E-003
   8.4095701153780169        5.7732170530674827        9.1700293826170159E-003
   8.4120318423854812        5.7707553260600175        9.1689370157672246E-003
   8.4144952109925946        5.7682919574529041        9.1678421415284251E-003
   8.4277068514936850        5.7815035979539946        9.1364228768458528E-003
   8.4408399516749490        5.7946366981352586        9.1053457363368430E-003
   8.4538954814386198        5.8076922278989285        9.0746046806128092E-003
   8.4668743922042662        5.8206711386645740        9.0441938172756472E-003
   8.4797776175511874        5.8335743640114961        9.0141073959827383E-003
   8.4926060735236124        5.8464028199839220        8.9843398044383415E-003
   8.5053606591652393        5.8591574056255489        8.9548855639747602E-003
   8.5076968381308742        5.8568212266599149        8.9538933290604240E-003
   8.5203636208955924        5.8694880094246340        8.9247874999513668E-003
   8.5329584639633236        5.8820828524923643        8.8959836270905528E-003
   8.5352615378181707        5.8797797786375163        8.8950165856225647E-003
   8.5477707659759776        5.8922890067953233        8.8665487478532118E-003
   8.5500582854802332        5.8900014872910686        8.8655929314681130E-003
   8.5624830636946729        5.9024262655055075        8.8374547423667234E-003
   8.5748387436043529        5.9147819454151875        8.8096020832510568E-003
   8.5871261213416705        5.9270693231525051        8.7820302543896236E-003
   8.5893656884894902        5.9248297560046854        8.7811106630715924E-003
   8.5916064629609963        5.9225889815331794        8.7801892208195804E-003
   8.6037984181175275        5.9347809366897115        8.7529672131852216E-003
   8.6159239503956471        5.9469064689678302        8.7260155157300213E-003
   8.6181342331776900        5.9446961861857872        8.7251164820314631E-003
   8.6301804192363960        5.9567423722444923        8.6984664108477553E-003
   8.6323763279409089        5.9545464635399785        8.6975773899552883E-003
   8.6345733602506289        5.9523494312302585        8.6966866360904341E-003
   8.6465277356320520        5.9643038066116807        8.6703677394460513E-003
   8.6584183651525741        5.9761944361322028        8.6443043652175335E-003
   8.6605861188900803        5.9740266823946975        8.6434347998509461E-003
   8.6627549439547860        5.9718578573299910        8.6425635747595271E-003
   8.6745560552346959        5.9836589686099000        8.6168197071358320E-003
   8.6767110656032340        5.9815039582413627        8.6159579702309551E-003
   8.6788671209906010        5.9793479028539958        8.6150946081826711E-003
   8.6810242202072914        5.9771908036373054        8.6142296204908334E-003
   8.6927240930346823        5.9888906764646963        8.5888322184258653E-003
   8.6948675733674143        5.9867471961319643        8.5879765637014646E-003
   8.6970120719932495        5.9846026975061291        8.5871193169406584E-003
   8.6991575877309870        5.9824571817683916        8.5862604776891834E-003
   8.7013041193968057        5.9803106501025729        8.5854000454986326E-003
   8.7128915962961457        5.9918981270019120        8.5603742080269628E-003
   8.7244193701185200        6.0034259008242863        8.5355828382627456E-003
   8.7358880766063667        6.0148946073121321        8.5110223714059338E-003
   8.7379928635850810        6.0127898203334169        8.5101920952778323E-003
   8.7493906334296820        6.0241875901780171        8.4858903665655135E-003
   8.7514824773812876        6.0220957462264115        8.4850687973414846E-003
   8.7628101865203210        6.0334234553654449        8.4610213595526090E-003
   8.7648892462767609        6.0313443956090049        8.4602083482498910E-003
   8.7669692105065096        6.0292644313792554        8.4593939014845927E-003
   8.7690500781975178        6.0271835636882471        8.4585780189127945E-003
   8.7711318483155392        6.0251017935702258        8.4577607002032356E-003
   8.7732145198200211        6.0230191220657430        8.4569419450311167E-003
   8.7752980916960226        6.0209355501897406        8.4561217530655444E-003
   8.7864957181186263        6.0321331766123443        8.4324755174937371E-003
   8.7885667095126365        6.0300621852183340        8.4316637639692636E-003
   8.7906385795472417        6.0279903151837289        8.4308506022077769E-003
   8.7927113272045929        6.0259175675263785        8.4300360319171670E-003
   8.8038174201630959        6.0370236604848815        8.4066918183497673E-003
   8.8148688919396143        6.0480751322613999        8.3835559764152447E-003
   8.8258662969534747        6.0590725372752612        8.3606254871982401E-003
   8.8368101810240791        6.0700164213458665        8.3378973919978148E-003
   8.8388315955341596        6.0679950068357869        8.3371192624602762E-003
   8.8497109189457035        6.0788743302473298        8.3146187567421110E-003
   8.8517204742718523        6.0768647749211802        8.3138483852968157E-003
   8.8537308130256402        6.0748544361673913        8.3130767393857566E-003
   8.8645348905931858        6.0856585137349377        8.2908277537002487E-003
   8.8752873899545968        6.0964110130963496        8.2687712159233220E-003
   8.8859888187778111        6.1071124419195639        8.2469044234663169E-003
   8.8879628878995529        6.1051383727978212        8.2461577811745578E-003
   8.8986025777434108        6.1157780626416800        8.2245046895415303E-003
   8.9005653191605685        6.1138153212245232        8.2237653131724455E-003
   8.9111439799177958        6.1243939819817506        8.2023225109599373E-003
   8.9130955231517515        6.1224424387477940        8.2015902850019421E-003
   8.9150477651095219        6.1204901967900227        8.2008569025669321E-003
   8.9170007050321303        6.1185372568674143        8.2001223634953803E-003
   8.9274971741296447        6.1290337259649279        8.1789381407105736E-003
   8.9294390606694929        6.1270918394250806        8.1782106458000280E-003
   8.9313816285504952        6.1251492715440783        8.1774820159147520E-003
   8.9418079142986251        6.1355755572922090        8.1565259385825758E-003
   8.9437395621107996        6.1336439094800355        8.1558042456947397E-003
   8.9456718750216506        6.1317115965691835        8.1550814389732499E-003
   8.9560288939500623        6.1420686154975952        8.1343494914215553E-003
   8.9663386884500014        6.1523784099975334        8.1137884458020171E-003
   8.9682488844048063        6.1504682140427285        8.1130802879995374E-003
   8.9701597155723203        6.1485573828752145        8.1123710573617839E-003
   8.9804017361105775        6.1587994034134717        8.0920273623225174E-003
   8.9905976171374764        6.1689952844403697        8.0718492522278331E-003
   9.0007477863483700        6.1791454536512633        8.0518345382809119E-003
   9.0026260571492891        6.1772671828503443        8.0511469545267462E-003
   9.0045049214622193        6.1753883185374141        8.0504583559765659E-003
   9.0063843786554685        6.1735088613441658        8.0497687425460408E-003
   9.0082644281226916        6.1716288118769427        8.0490781141435951E-003
   9.0183284386954572        6.1816928224497074        8.0293183184716593E-003
   9.0283479662951613        6.1917123500494124        8.0097161813271669E-003
   9.0302071385539051        6.1898531777906696        8.0090391086800865E-003
   9.0320668764769039        6.1879934398676717        8.0083610574150990E-003
   9.0339271794547411        6.1861331368898353        8.0076820274714352E-003
   9.0438726018865871        6.1960785593216805        7.9883037715015471E-003
   9.0457229314163019        6.1942282297919666        7.9876308842518357E-003
   9.0556150553227344        6.2041203536984000        7.9684275985878704E-003
   9.0654642653695277        6.2139695637451933        7.9493745616325186E-003
   9.0672944177784398        6.2121394113362811        7.9487146309220984E-003
   9.0770913470208736        6.2219363405787158        7.9298318269288900E-003
   9.0789118322909594        6.2201158553086309        7.9291777696072711E-003
   9.0807328330079002        6.2182948545916901        7.9285228013411587E-003
   9.0825543486287774        6.2164733389708120        7.9278669220964153E-003
   9.0922802729754046        6.2261992633174383        7.9091949861072805E-003
   9.1019647722044716        6.2358837625465053        7.8906663579052100E-003
   9.1037667765844699        6.2340817581665071        7.8900228717427943E-003
   9.1134007302916800        6.2437157118737181        7.8716568070105915E-003
   9.1151933747921756        6.2419230673732224        7.8710189450256676E-003
   9.1169864998219623        6.2401299423434349        7.8703802189140377E-003
   9.1265610480686625        6.2497044905901351        7.8521951294155626E-003
   9.1283449174927274        6.2479206211660694        7.8515619487827468E-003
   9.1301292560056488        6.2461362826531488        7.8509279189229106E-003
   9.1396451143781690        6.2556521410256689        7.8329208820906576E-003
   9.1414202998305374        6.2538769555732996        7.8322923205697975E-003
   9.1431959432342396        6.2521013121695974        7.8316629243722850E-003
   9.1449720441129028        6.2503252112909342        7.8310326934955890E-003
   9.1544207397636974        6.2597739069417289        7.8132209865356458E-003
   9.1638304357545444        6.2691836029325758        7.7955415726179674E-003
   9.1732014624710008        6.2785546296490331        7.7779928551821404E-003
   9.1749497959542961        6.2768062961657387        7.7773802044526202E-003
   9.1842734973870623        6.2861299975985059        7.7599800896995547E-003
   9.1935592565384621        6.2954157567499056        7.7427072757042248E-003
   9.2028073901252281        6.3046638903366707        7.7255602490101747E-003
   9.2045287719991773        6.3029425084627215        7.7249644339779187E-003
   9.2137307976043168        6.3121445340678610        7.7079605543637752E-003
   9.2154436363888106        6.3104316952833681        7.7073696952505745E-003
   9.2171568651889721        6.3087184664832074        7.7067780949597910E-003
   9.2263045323004071        6.3178661335946416        7.6899339986908699E-003
   9.2354157258918477        6.3269773271860812        7.6732105039648774E-003
   9.2371117459693881        6.3252813071085408        7.6726293444328740E-003
   9.2388081381952016        6.3235849148827281        7.6720474679691899E-003
   9.2478660066112930        6.3326427832988195        7.6554795183810097E-003
   9.2568881404567840        6.3416649171443105        7.6390288760614048E-003
   9.2658748285504497        6.3506516052379753        7.6226941911120595E-003
   9.2675458596445051        6.3489805741439200        7.6221277954285930E-003
   9.2692172377541162        6.3473091960343089        7.6215607173038200E-003
   9.2781519934374401        6.3562439517176337        7.6053758137919897E-003
   9.2798153154411782        6.3545806297138956        7.6048133050661514E-003
   9.2814789760189846        6.3529169691360892        7.6042501249526913E-003
   9.2903623858515996        6.3618003789687032        7.5882127461560289E-003
   9.2992114738139353        6.3706494669310390        7.5722864473817750E-003
   9.3080265114013478        6.3794645045184515        7.5564699780152908E-003
   9.3168077668292053        6.3882457599463089        7.5407621068542680E-003
   9.3184389802361896        6.3866145465393256        7.5402185609699298E-003
   9.3271786352330448        6.3953542015361808        7.5246347140394748E-003
   9.3288021541877146        6.3937306825815101        7.5240954450289414E-003
   9.3304259739633419        6.3921068628058819        7.5235555564540507E-003
   9.3391164139457032        6.4007973027882441        7.5081105516975602E-003
   9.3407326178020220        6.3991810989319253        7.5075748855009524E-003
   9.3423491150267122        6.3975646017072352        7.5070386095315404E-003
   9.3439659053998358        6.3959478113341124        7.5065017238194467E-003
   9.3525997571865993        6.4045816631208767        7.4912097116488227E-003
   9.3612012555006299        6.4131831614349064        7.4760202608541160E-003
   9.3697706483225662        6.4217525542568428        7.4609322530930309E-003
   9.3783081807160720        6.4302900866503494        7.4459445868639597E-003
   9.3798943801029822        6.4287038872634401        7.4454258335647583E-003
   9.3814808457469852        6.4271174216194371        7.4449065075233977E-003
   9.3830675774384016        6.4255306899280198        7.4443866087825130E-003
   9.3915503816537580        6.4340134941433771        7.4295447975130709E-003
   9.3931298481087158        6.4324340276884193        7.4290288604873193E-003
   9.3947095739082531        6.4308543018888829        7.4285123596191365E-003
   9.3962895588587632        6.4292743169383728        7.4279952949507979E-003
   9.4047183159760639        6.4377030740556744        7.4132969988131448E-003
   9.4131162939450412        6.4461010520246509        7.3986946423244271E-003
   9.4146817109232792        6.4445356350464129        7.3981859101172011E-003
   9.4162473744916451        6.4429699714780480        7.3976766311909820E-003
   9.4245998095942323        6.4513224065806343        7.3831991353778704E-003
   9.4329220398888740        6.4596446368752769        7.3688151731888659E-003
   9.4412142885538390        6.4679368855402419        7.3545237619524143E-003
   9.4494767762265166        6.4761993732129195        7.3403239332752671E-003
   9.4510138430717721        6.4746623063676649        7.3398312317168573E-003
   9.4525511331569660        6.4731250162824701        7.3393380155928447E-003
   9.4540886463223863        6.4715875031170507        7.3388442849535249E-003
   9.4556263824111486        6.4700497670282875        7.3383500398487497E-003
   9.4571643412502908        6.4685118081891453        7.3378552803339860E-003
   9.4653608710162764        6.4767083379551309        7.3238178364066443E-003
   9.4735283538490354        6.4848758207878907        7.3098691761555859E-003
   9.4816669999429504        6.4930144668818057        7.2960083863222143E-003
   9.4831842773523647        6.4914971894723905        7.2955254023285183E-003
   9.4847017611541666        6.4899797056705886        7.2950419264338979E-003
   9.4927975424286508        6.4980754869450736        7.2812958903152002E-003
   9.4943083929074152        6.4965646364663092        7.2808159184484123E-003
   9.5023687987552865        6.5046250423141796        7.2671693559448131E-003
   9.5104011446083803        6.5126573881672742        7.2536074920614597E-003
   9.5118986986272187        6.5111598341484358        7.2531348811905628E-003
   9.5133964434150577        6.5096620893605968        7.2526617997516569E-003
   9.5148943788553204        6.5081641539203350        7.2521882477974758E-003
   9.5163925048225035        6.5066660279531519        7.2517142253839479E-003
   9.5243691802426529        6.5146427033733012        7.2382899719494378E-003
   9.5258608542469076        6.5131510293690473        7.2378193308478113E-003
   9.5273527136797522        6.5116591699362019        7.2373482261707490E-003
   9.5352881763583603        6.5195946326148100        7.2240328372066868E-003
   9.5431964782182508        6.5275029344747013        7.2107986484285114E-003
   9.5446754230605269        6.5260239896324244        7.2103346453070922E-003
   9.5525499668257705        6.5338985333976680        7.1971938531487489E-003
   9.5540226227397991        6.5324258774836395        7.1967331144761693E-003
   9.5554954497262159        6.5309530504972217        7.1962719319601026E-003
   9.5569684476835892        6.5294800525398484        7.1958103056577833E-003
   9.5584416165349158        6.5280068836885228        7.1953482356190875E-003
   9.5662625412614037        6.5358278084150108        7.1823382432964445E-003
   9.5677294901911232        6.5343608594852913        7.1818794003434471E-003
   9.5691966053154509        6.5328937443609636        7.1814201200378416E-003
   9.5706638865394105        6.5314264631370049        7.1809604024375704E-003
   9.5721313337550420        6.5299590159213743        7.1805002476049472E-003
   9.5798993483771397        6.5377270305434720        7.1676188982285269E-003
   9.5813606435404548        6.5362657353801570        7.1671619337553907E-003
   9.5828221001172178        6.5348042788033940        7.1667045382988745E-003
   9.5842837180256772        6.5333426608949345        7.1662467119153967E-003
   9.5857454971858740        6.5318808817347378        7.1657884546610894E-003
   9.5872074374713456        6.5304189414492662        7.1653297666069539E-003
   9.5949167058465612        6.5381282098244817        7.1525873653399677E-003
   9.6026004093718988        6.5458119133498194        7.1399201761141477E-003
   9.6040500774959856        6.5443622452257335        7.1394681858211522E-003
   9.6054998981060304        6.5429124246156887        7.1390157767246571E-003
   9.6069498711323789        6.5414624515893394        7.1385629488813348E-003
   9.6083999964773934        6.5400123262443239        7.1381097023568577E-003
   9.6098502740265914        6.5385620486951259        7.1376560372224569E-003
   9.6113007037152549        6.5371116190064624        7.1372019535340661E-003
   9.6189204665959380        6.5447313818871455        7.1246820888354627E-003
   9.6203649360418382        6.5432869124412445        7.1242310889470042E-003
   9.6218095533636223        6.5418422951194595        7.1237796763824225E-003
   9.6232543184804751        6.5403975300026067        7.1233278512046619E-003
   9.6308301058291903        6.5479733173513228        7.1109167793206550E-003
   9.6383812473483115        6.5555244588704431        7.0985775344999183E-003
   9.6459079064289455        6.5630511179510780        7.0863094404663655E-003
   9.6534102448086418        6.5705534563307753        7.0741118297298526E-003
   9.6608884225706966        6.5780316340928309        7.0619840434785509E-003
   9.6623035509116040        6.5766165057519244        7.0615487269311160E-003
   9.6637188075695750        6.5752012490939533        7.0611130251379576E-003
   9.6651341924621814        6.5737858642013460        7.0606769381683894E-003
   9.6725699135674770        6.5812215853066425        7.0486525913511519E-003
   9.6799819172562156        6.5886335889953811        7.0366963898338634E-003
   9.6813858623294511        6.5872296439221465        7.0362664216347230E-003
   9.6827899282663488        6.5858255779852497        7.0358360786248750E-003
   9.6841941150191637        6.5844213912324348        7.0354053608653495E-003
   9.6915643776063192        6.5917916538195911        7.0235502375237168E-003
   9.6989113540362464        6.5991386302495183        7.0117616355256426E-003
   9.7003042961071486        6.5977456881786152        7.0113369025325807E-003
   9.7016973518953780        6.5963526323903858        7.0109118047944445E-003
   9.7090092439397626        6.6036645244347696        6.9992110520707401E-003
   9.7162982291480215        6.6109535096430285        6.9875753706359588E-003
   9.7176802211804798        6.6095715176105703        6.9871561279068331E-003
   9.7249405452812887        6.6168318417113801        6.9755956997631643E-003
   9.7263171222094709        6.6154552647831979        6.9751791607768647E-003
   9.7276938026815714        6.6140785843110974        6.9747622714267932E-003
   9.7290705866474063        6.6127018003452633        6.9743450317795164E-003
   9.7304474740761471        6.6113249129165217        6.9739274418959022E-003
   9.7376618334538474        6.6185392722942220        6.9624733785083890E-003
   9.7390333614535400        6.6171677442945285        6.9620584633976502E-003
   9.7462196496997695        6.6243540325407571        6.9506776669536882E-003
   9.7533838399881176        6.6315182228291061        6.9393589415157990E-003
   9.7547446710728778        6.6301573917443459        6.9389496330024818E-003
   9.7561055960181733        6.6287964667990513        6.9385399878890541E-003
   9.7632363779899300        6.6359272487708081        6.9273034562936401E-003
   9.7645920660214127        6.6345715607393254        6.9268964025988042E-003
   9.7659478448202464        6.6332157819404909        6.9264890167543567E-003
   9.7730455237496532        6.6403134608698968        6.9153336908973255E-003
   9.7801216653779122        6.6473896024981558        6.9042383642690455E-003
   9.7814670061894127        6.6460442616866553        6.9038364084693044E-003
   9.7828124317855085        6.6446988360905594        6.9034341290811797E-003
   9.7841579421309248        6.6433533257451440        6.9030315261713118E-003
   9.7855035372130423        6.6420077306630265        6.9026285997996857E-003
   9.7925358894684429        6.6490400829184280        6.8916328487214542E-003
   9.7938763788634819        6.6476995935233880        6.8912324336163986E-003
   9.7952169500866102        6.6463590223002589        6.8908316992733649E-003
   9.7965576030946444        6.6450183692922247        6.8904306457622739E-003
   9.7978983378705866        6.6436776345162825        6.8900292731453464E-003
   9.7992391544091078        6.6423368179777613        6.8896275814814166E-003
   9.8005800526948441        6.6409959196920250        6.8892255708324340E-003
   9.8019210326807364        6.6396549397061317        6.8888232412699715E-003
   9.8088936171756078        6.6466275242010022        6.8779550883684678E-003
   9.8102295553579033        6.6452915860187067        6.8775552434076279E-003
   9.8171759337829574        6.6522379644437617        6.8667541194521887E-003
   9.8185068676814957        6.6509070305452243        6.8663567338412617E-003
   9.8198378776668296        6.6495760205598895        6.8659590374571568E-003
   9.8267528293293580        6.6564909722224170        6.8552338947162747E-003
   9.8336473877438380        6.6633855306368961        6.8445647681930847E-003
   9.8405216751574294        6.6702598180504866        6.8339511816779977E-003
   9.8473758126776190        6.6771139555706753        6.8233926645829739E-003
   9.8486869521512297        6.6758028160970646        6.8230054696337642E-003
   9.8555157527426331        6.6826316166884672        6.8125108947443124E-003
   9.8568220613507336        6.6813253080803667        6.8121260384012483E-003
   9.8636257103967928        6.6881289571264260        6.8016947681285075E-003
   9.8704096327612056        6.6949128794908397        6.7913169988617688E-003
   9.8771739446376117        6.7016771913672466        6.7809922838846836E-003
   9.8784658401187748        6.7003852958860834        6.7806148785579737E-003
   9.8797577911662504        6.6990933448386087        6.7802371920836803E-003
   9.8810497978044367        6.6978013382004224        6.7798592245160456E-003
   9.8877790580360525        6.7045305984320391        6.7696142097431961E-003
   9.8944890338995144        6.7112405742955010        6.7594210973084554E-003
   9.9011798375915916        6.7179313779875782        6.7492794591691952E-003
   9.9024577527938380        6.7166534627853327        6.7489087205333999E-003
   9.9037357165726281        6.7153754990065435        6.7485377110199285E-003
   9.9050137289357600        6.7140974866434115        6.7481664306886487E-003
   9.9116701987132618        6.7207539564209142        6.7381022355440341E-003
   9.9183078118170815        6.7273915695247339        6.7280884093370835E-003
   9.9249266766773676        6.7340104343850200        6.7181245416429898E-003
   9.9315269007696294        6.7406106584772809        6.7082102266596668E-003
   9.9327865845401657        6.7393509747067446        6.7078483436052334E-003
   9.9340463080959136        6.7380912511509958        6.7074862025885045E-003
   9.9406180363045689        6.7446629793596511        6.6976380789542959E-003
   9.9418732890134613        6.7434077266507586        6.6972780376116942E-003
   9.9484217020220047        6.7499561396593020        6.6874869424314752E-003
   9.9496725152865420        6.7487053263947638        6.6871289806961741E-003
   9.9561977767593355        6.7552305878675574        6.6773943696879310E-003
   9.9574441816441244        6.7539841829827676        6.6770384677606806E-003
   9.9586906201516747        6.7527377444752172        6.6766823171470775E-003
   9.9651880114388138        6.7592351357623564        6.6670119412657793E-003
   9.9664300759472191        6.7579930712539502        6.6666578306845241E-003
   9.9729046746885803        6.7644676699953115        6.6570427792398091E-003
   9.9793614619762163        6.7709244572829483        6.6474743802095049E-003
   9.9805948359663681        6.7696910832927975        6.6471245351838433E-003
   9.9870291092318375        6.7761253565582669        6.6376105144073530E-003
   9.9882581958230663        6.7748962699670390        6.6372626526048917E-003
   9.9894873082787683        6.7736671575113379        6.6369145537652783E-003
   9.9958944565565755        6.7800743057891451        6.6274624173675951E-003
   9.9971193146483692        6.7788494476973522        6.6271162829596936E-003
   10.003504293394759        6.7852344264437416        6.6177174240013500E-003
   10.004724926220696        6.7840137936178042        6.6173732357529980E-003
   10.005945581298228        6.7827931385402715        6.6170288160754629E-003
   10.007166258675868        6.7815724611626305        6.6166841650186301E-003
   10.013519820128177        6.7879260226149398        6.6073538223590999E-003
   10.014736308064750        6.7867095346783683        6.6070110988980385E-003
   10.021068071375483        6.7930412979891015        6.5977328776310714E-003
   10.027382826245706        6.7993560528593244        6.5884985640496203E-003
   10.028590998125271        6.7981478809797595        6.5881598689233349E-003
   10.034884215118996        6.8044410979734851        6.5789768064581176E-003
   10.041160634893492        6.8107175177479808        6.5698369063277220E-003
   10.042360598958474        6.8095175536829986        6.5695021655090610E-003
   10.043560576643284        6.8083175759981884        6.5691672064445853E-003
   10.044760567998207        6.8071175846432643        6.5688320291837641E-003
   10.051006574565104        6.8133635912101624        6.5597576352102432E-003
   10.057236043811127        6.8195930604561852        6.5507255347771569E-003
   10.063449064427052        6.8258060810721117        6.5417354068383112E-003
   10.069645724394176        6.8320027410392346        6.5327869336904319E-003
   10.075826110982058        6.8381831276271168        6.5238798009431944E-003
   10.081990310749800        6.8443473273948578        6.5150136974845806E-003
   10.088138409547298        6.8504954261923556        6.5061883154467100E-003
   10.089310493166504        6.8493233425731495        6.5058669445464514E-003
   10.090482579283238        6.8481512564564158        6.5055453721420565E-003
   10.091654667939885        6.8469791677997689        6.5052235982848644E-003
   10.097773500065209        6.8530979999250929        6.4964601953939700E-003
   10.098941709916215        6.8519297900740881        6.4961401506995788E-003
   10.100109920924918        6.8507615790653844        6.4958199068796693E-003
   10.106204132195431        6.8568557903358975        6.4871106535062516E-003
   10.112282619196694        6.8629342773371604        6.4784408932784601E-003
   10.118345464064479        6.8689971222049442        6.4698103344320934E-003
   10.119502191958444        6.8678403943109787        6.4694955784291479E-003
   10.125545157397267        6.8738833597498017        6.4609108968887805E-003
   10.131572667020405        6.8799108693729405        6.4523647794920737E-003
   10.137584800812004        6.8859230031645389        6.4438569440082409E-003
   10.138730257267660        6.8847775467088832        6.4435475315212896E-003
   10.139875706446169        6.8836320975303744        6.4432379328302394E-003
   10.145864030091817        6.8896204211760210        6.4347817366933405E-003
   10.151837182937040        6.8955935740212437        6.4263631450121933E-003
   10.152975236787752        6.8944555201705322        6.4260569689098355E-003
   10.158929083414881        6.9004093667976623        6.4176824277886466E-003
   10.164867937216592        6.9063482205993729        6.4093448894455745E-003
   10.165998686578053        6.9052174712379104        6.4090420767045691E-003
   10.167129423553071        6.9040867342628927        6.4087390858379957E-003
   10.173045020506875        6.9100023312166954        6.4004515254676526E-003
   10.174172136017473        6.9088752157060958        6.4001501055564675E-003
   10.175299238027851        6.9077481136957193        6.3998485095165961E-003
   10.176426326622057        6.9066210251015123        6.3995467373868173E-003
   10.182314713858931        6.9125094123383857        6.3913152024365023E-003
   10.183438209870303        6.9113859163270126        6.3910149872252100E-003
   10.189307834382525        6.9172555408392338        6.3828258739648484E-003
   10.190427760429172        6.9161356147925872        6.3825272024058619E-003
   10.196278740408951        6.9219865947723669        6.3743801496277301E-003
   10.202115258055128        6.9278231124185439        6.3662684006017441E-003
   10.203228125255567        6.9267102452181053        6.3659729478216694E-003
   10.209046203646713        6.9325283236092519        6.3579026138895168E-003
   10.210155564656686        6.9314189625992784        6.3576086661549470E-003
   10.211264906547814        6.9303096207081500        6.3573145517156794E-003
   10.217060639377191        6.9361053535375268        6.3492915875758543E-003
   10.218166499783820        6.9349994931308983        6.3489989652207564E-003
   10.219272340059426        6.9338936528552919        6.3487061780027835E-003
   10.225045896179598        6.9396672089754645        6.3407301195450953E-003
   10.226148279409234        6.9385648257458286        6.3404388116111571E-003
   10.227250641542437        6.9374624636126265        6.3401473406226498E-003
   10.228352982672753        6.9363601224823102        6.3398557066147009E-003
   10.234100568013830        6.9421077078233857        6.3319322806044886E-003
   10.235199479099562        6.9410087967376546        6.3316421129465290E-003
   10.240929186374672        6.9467385040127647        6.3237584833414863E-003
   10.246645044544188        6.9524543621822810        6.3159082263037876E-003
   10.252347121267080        6.9581564389051742        6.3080911115665998E-003
   10.253435906989518        6.9570676531827367        6.3078055886821695E-003
   10.254524667543837        6.9559788926284174        6.3075199095972206E-003
   10.260205257468895        6.9616594825534754        6.2997477425939348E-003
   10.261290668501823        6.9605740715205471        6.2994634822027811E-003
   10.266953788330405        6.9662371913491281        6.2917298709272377E-003
   10.272603386938380        6.9718867899571046        6.2840285741127674E-003
   10.278239529537677        6.9775229325564014        6.2763593716765927E-003
   10.279315060610973        6.9764474014831057        6.2760796031011866E-003
   10.284933998296879        6.9820663391690116        6.2684481324188643E-003
   10.290539628622037        6.9876719694941691        6.2608482734837463E-003
   10.291608657828718        6.9866029402874874        6.2605713891179266E-003
   10.297197264952528        6.9921915474112968        6.2530087074776988E-003
   10.302772710924279        6.9977669933830482        6.2454771649202469E-003
   10.303835313036240        6.9967043912710860        6.2452031181506407E-003
   10.309393914617878        7.0022629928527245        6.2377082097091223E-003
   10.314939498838964        7.0078085770738108        6.2302439774335038E-003
   10.320472127243542        7.0133412054783895        6.2228102166343221E-003
   10.325991860950626        7.0188609391854726        6.2154067244850793E-003
   10.331498760590250        7.0243678388250972        6.2080333000915713E-003
   10.336992886399601        7.0298619646344482        6.2006897443467436E-003
   10.338036699247676        7.0288181517863739        6.2004242211426246E-003
   10.339080473982376        7.0277743770516725        6.2001585628438539E-003
   10.340124210706943        7.0267306403271057        6.1998927694801361E-003
   10.345594664247965        7.0322010938681281        6.1925953692721991E-003
   10.351052518124675        7.0376589477448377        6.1853273117452130E-003
   10.352090114513182        7.0366213513563318        6.1850641793324062E-003
   10.357531811637566        7.0420630484807161        6.1778306896915101E-003
   10.362961043826957        7.0474922806701059        6.1706261162220418E-003
   10.368377868674749        7.0529091055178981        6.1634502704533611E-003
   10.373782343366791        7.0583135802099406        6.1563029656154789E-003
   10.374807900411234        7.0572880231654977        6.1560451608997863E-003
   10.375833414754926        7.0562625088218063        6.1557872290963784E-003
   10.381218484699092        7.0616475787659727        6.1486788512951848E-003
   10.382241001095917        7.0606250623691471        6.1484221302529687E-003
   10.387610333893260        7.0659943951664896        6.1413470861712794E-003
   10.392967537989819        7.0713515992630471        6.1342999079676760E-003
   10.393984151979039        7.0703349852738269        6.1340457051234643E-003
   10.395000721228065        7.0693184160248004        6.1337913790068680E-003
   10.396017245849682        7.0683018914031832        6.1335369296434674E-003
   10.397033725932969        7.0672854113198973        6.1332823570647262E-003
   10.398050161590561        7.0662689756623056        6.1330276612961577E-003
   10.403377817151421        7.0715966312231648        6.1260340001575890E-003
   10.408693539520739        7.0769123535924834        6.1190676454967617E-003
   10.413997382599552        7.0822161966712969        6.1121284234331918E-003
   10.415005134573057        7.0812084446977908        6.1118774899730196E-003
   10.420293708733382        7.0864970188581156        6.1049702886379906E-003
   10.421298566758136        7.0854921608333621        6.1047205107232893E-003
   10.422303377709854        7.0844873498816439        6.1044706144465864E-003
   10.427573348527334        7.0897573206991238        6.0976002082638652E-003
   10.432831649129602        7.0950156213013917        6.0907563052093137E-003
   10.438078331603768        7.1002623037755566        6.0839387385456974E-003
   10.443313447683954        7.1054974198557419        6.0771473429843820E-003
   10.444306986186408        7.1045038813532875        6.0769023304124460E-003
   10.449527218618933        7.1097241137858127        6.0701418463128091E-003
   10.454736003173734        7.1149328983406139        6.0634071693637468E-003
   10.459933390456186        7.1201302856230653        6.0566981388542633E-003
   10.465119430701220        7.1253163258680985        6.0500145954952740E-003
   10.466101931843324        7.1243338247259942        6.0497743212277882E-003
   10.467084380829187        7.1233513757401310        6.0495339375000535E-003
   10.468066777780317        7.1223689787890008        6.0492934443331864E-003
   10.473231582900707        7.1275337839093904        6.0426495901515880E-003
   10.478385187472943        7.1326873884816262        6.0360307995001184E-003
   10.479362134987465        7.1317104409671046        6.0357925672856784E-003
   10.484501307299327        7.1368496132789661        6.0292034090211220E-003
   10.489629392026945        7.1419776980065830        6.0226389714585641E-003
   10.494746437356067        7.1470947433357059        6.0160991032934038E-003
   10.495715343570765        7.1461258371210068        6.0158642532247165E-003
   10.500818154894120        7.1512286484443619        6.0093534467040985E-003
   10.505910037355028        7.1563205309052700        6.0028668760295631E-003
   10.506873634036785        7.1553569342235139        6.0026342049591553E-003
   10.507837174881896        7.1543933933784016        6.0024014316034180E-003
   10.508800660008994        7.1534299082513026        6.0021685559828253E-003
   10.513872026346945        7.1585012745892538        5.9957198180568463E-003
   10.514832854248574        7.1575404466876238        5.9954879684697877E-003
   10.519890238681894        7.1625978311209435        5.9890676161889426E-003
   10.524936893919609        7.1676444863586593        5.9826709266966550E-003
   10.529972865782794        7.1726804582218442        5.9762977577104580E-003
   10.530925915894306        7.1717274081103310        5.9760691420330664E-003
   10.531878908394674        7.1707744156099631        5.9758404279309811E-003
