 k   gradient vector, at each step of the optimization (k):

           1  -1.0128098210025379E-002  -1.0128098210025379E-002
           2  -2.0992742337583642E-003   2.0992742337583642E-003
           3  -9.7035560078945465E-003  -9.7035560078945465E-003
           4  -9.3413286660124634E-003  -9.3413286660124634E-003
           5  -1.9147046157417566E-003   1.9147046157417566E-003
           6  -8.9885296853754928E-003  -8.9885296853754928E-003
           7  -1.8458275306233668E-003   1.8458275306233668E-003
           8  -1.8672930606516006E-003   1.8672930606516006E-003
           9  -1.8888252212041843E-003   1.8888252212041843E-003
          10  -1.9104182761544054E-003   1.9104182761544054E-003
          11  -8.6079011903582511E-003  -8.6079011903582511E-003
          12  -8.3343352796436485E-003  -8.3343352796436485E-003
          13  -1.7663585246295488E-003   1.7663585246295488E-003
          14  -8.0635977519480477E-003  -8.0635977519480477E-003
          15  -7.8280864301974798E-003  -7.8280864301974798E-003
          16  -1.6437781573359128E-003   1.6437781573359128E-003
          17  -7.5939917380142830E-003  -7.5939917380142830E-003
          18  -7.3888876406139024E-003  -7.3888876406139024E-003
          19  -1.5381679839758017E-003   1.5381679839758017E-003
          20  -7.1842682507415410E-003  -7.1842682507415410E-003
          21  -7.0038684881917777E-003  -7.0038684881917777E-003
          22  -1.4462018231963547E-003   1.4462018231963547E-003
          23  -1.4580070499756871E-003   1.4580070499756871E-003
          24  -1.4698334205798199E-003   1.4698334205798199E-003
          25  -6.8022563740075667E-003  -6.8022563740075667E-003
          26  -6.6439540885605899E-003  -6.6439540885605899E-003
          27  -6.4939667630063416E-003  -6.4939667630063416E-003
          28  -6.3516375597241119E-003  -6.3516375597241119E-003
          29  -1.3056877184387384E-003   1.3056877184387384E-003
          30  -6.2082891231011392E-003  -6.2082891231011392E-003
          31  -6.0801843721894309E-003  -6.0801843721894309E-003
          32  -5.9580924602564960E-003  -5.9580924602564960E-003
          33  -5.8415872689712338E-003  -5.8415872689712338E-003
          34  -5.7302825243051294E-003  -5.7302825243051294E-003
          35  -1.1451110676470740E-003   1.1451110676470740E-003
          36  -5.6178415633482953E-003  -5.6178415633482953E-003
          37  -5.5163367837184046E-003  -5.5163367837184046E-003
          38  -5.4190390037028077E-003  -5.4190390037028077E-003
          39  -5.3256839403724322E-003  -5.3256839403724322E-003
          40  -1.0444713094104696E-003   1.0444713094104696E-003
          41  -5.2311899142015676E-003  -5.2311899142015676E-003
          42  -5.1453357634550622E-003  -5.1453357634550622E-003
          43  -5.0627329292911175E-003  -5.0627329292911175E-003
          44  -4.9831943253394548E-003  -4.9831943253394548E-003
          45  -9.6073230153626260E-004   9.6073230153626260E-004
          46  -4.9025600856276970E-003  -4.9025600856276970E-003
          47  -9.4553982148361162E-004   9.4553982148361162E-004
          48  -9.5026060877643950E-004   9.5026060877643950E-004
          49  -4.8212012332634483E-003  -4.8212012332634483E-003
          50  -4.7505879297247162E-003  -4.7505879297247162E-003
          51  -4.6823768183816093E-003  -4.6823768183816093E-003
          52  -8.9911677670817969E-004   8.9911677670817969E-004
          53  -4.6130483497305924E-003  -4.6130483497305924E-003
          54  -4.5494815458884206E-003  -4.5494815458884206E-003
          55  -4.4879567207853919E-003  -4.4879567207853919E-003
          56  -8.5353520547121024E-004   8.5353520547121024E-004
          57  -8.5729052194704366E-004   8.5729052194704366E-004
          58  -4.4223422828154821E-003  -4.4223422828154821E-003
          59  -4.3649600828054849E-003  -4.3649600828054849E-003
          60  -8.3069283270066077E-004   8.3069283270066077E-004
          61  -8.3419579361573013E-004   8.3419579361573013E-004
          62  -4.3036851359482299E-003  -4.3036851359482299E-003
          63  -4.2500260486984893E-003  -4.2500260486984893E-003
          64  -8.0931598752481747E-004   8.0931598752481747E-004
          65  -4.1953056211472325E-003  -4.1953056211472325E-003
          66  -4.1448594689231571E-003  -4.1448594689231571E-003
          67  -4.0958382818188930E-003  -4.0958382818188930E-003
          68  -4.0481805189589819E-003  -4.0481805189589819E-003
          69  -4.0018281692009187E-003  -4.0018281692009187E-003
          70  -3.9567265179337599E-003  -3.9567265179337599E-003
          71  -3.9128239027649229E-003  -3.9128239027649229E-003
          72  -7.2674761013856600E-004   7.2674761013856600E-004
          73  -7.2937025227113109E-004   7.2937025227113109E-004
          74  -3.8659651700102492E-003  -3.8659651700102492E-003
          75  -3.8245344891377838E-003  -3.8245344891377838E-003
          76  -3.7841541872585252E-003  -3.7841541872585252E-003
          77  -3.7447834522226723E-003  -3.7447834522226723E-003
          78  -6.9058290089265000E-004   6.9058290089265000E-004
          79  -3.7045731820816406E-003  -3.7045731820816406E-003
          80  -6.8328669571501150E-004   6.8328669571501150E-004
          81  -6.8555958871568024E-004   6.8555958871568024E-004
          82  -6.8783380183612798E-004   6.8783380183612798E-004
          83  -3.6618868412500861E-003  -3.6618868412500861E-003
          84  -6.8070605104485497E-004   6.8070605104485497E-004
          85  -3.6239454589525617E-003  -3.6239454589525617E-003
          86  -6.7376286129923967E-004   6.7376286129923967E-004
          87  -3.5869862507372395E-003  -3.5869862507372395E-003
          88  -3.5526162033729745E-003  -3.5526162033729745E-003
          89  -3.5190301354156299E-003  -3.5190301354156299E-003
          90  -3.4862006036139545E-003  -3.4862006036139545E-003
          91  -3.4541014336209562E-003  -3.4541014336209562E-003
          92  -3.4227076830460044E-003  -3.4227076830460044E-003
          93  -6.2576627349610373E-004   6.2576627349610373E-004
          94  -3.3905756887350497E-003  -3.3905756887350497E-003
          95  -3.3605906481508144E-003  -3.3605906481508144E-003
          96  -3.3312401077064441E-003  -3.3312401077064441E-003
          97  -3.3025034293597821E-003  -3.3025034293597821E-003
          98  -5.9816636072952776E-004   5.9816636072952776E-004
          99  -3.2730852603619497E-003  -3.2730852603619497E-003
         100  -5.9291117141402339E-004   5.9291117141402339E-004
         101  -3.2443312297847854E-003  -3.2443312297847854E-003
         102  -3.2174373408002761E-003  -3.2174373408002761E-003
         103  -3.1910790140681658E-003  -3.1910790140681658E-003
         104  -3.1652398413333782E-003  -3.1652398413333782E-003
         105  -3.1399040936700754E-003  -3.1399040936700754E-003
         106  -3.1150566830901350E-003  -3.1150566830901350E-003
         107  -5.5614418736869538E-004   5.5614418736869538E-004
         108  -5.5757481707181724E-004   5.5757481707181724E-004
         109  -3.0885355875752631E-003  -3.0885355875752631E-003
         110  -5.5308507773818084E-004   5.5308507773818084E-004
         111  -3.0636664760840780E-003  -3.0636664760840780E-003
         112  -5.4868786380549183E-004   5.4868786380549183E-004
         113  -5.5005943448902200E-004   5.5005943448902200E-004
         114  -3.0382741936475000E-003  -3.0382741936475000E-003
         115  -3.0154705732826693E-003  -3.0154705732826693E-003
         116  -2.9930805772074684E-003  -2.9930805772074684E-003
         117  -2.9710926509645343E-003  -2.9710926509645343E-003
         118  -2.9494956562821201E-003  -2.9494956562821201E-003
         119  -5.2417161616917214E-004   5.2417161616917214E-004
         120  -5.2540906560842647E-004   5.2540906560842647E-004
         121  -5.2664682474546569E-004   5.2664682474546569E-004
         122  -5.2788486726735489E-004   5.2788486726735489E-004
         123  -5.2912319672363331E-004   5.2912319672363331E-004
         124  -2.9236306977066524E-003  -2.9236306977066524E-003
         125  -5.2522064132349677E-004   5.2522064132349677E-004
         126  -2.9020675935812960E-003  -2.9020675935812960E-003
         127  -2.8818152905692560E-003  -2.8818152905692560E-003
         128  -2.8619059608915400E-003  -2.8619059608915400E-003
         129  -2.8423306453153143E-003  -2.8423306453153143E-003
         130  -5.0684727136612363E-004   5.0684727136612363E-004
         131  -5.0797130537789481E-004   5.0797130537789481E-004
         132  -5.0909553766341693E-004   5.0909553766341693E-004
         133  -2.8205440745828628E-003  -2.8205440745828628E-003
         134  -2.8017175213505946E-003  -2.8017175213505946E-003
         135  -2.7831967268090738E-003  -2.7831967268090738E-003
         136  -4.9646309970492947E-004   4.9646309970492947E-004
         137  -4.9752644342830935E-004   4.9752644342830935E-004
         138  -4.9858993800728157E-004   4.9858993800728157E-004
         139  -2.7625724749753607E-003  -2.7625724749753607E-003
         140  -2.7447391752494122E-003  -2.7447391752494122E-003
         141  -4.9088526340647744E-004   4.9088526340647744E-004
         142  -4.9191110429452098E-004   4.9191110429452098E-004
         143  -4.9293706666262338E-004   4.9293706666262338E-004
         144  -2.7248617986587753E-003  -2.7248617986587753E-003
         145  -2.7076768580234427E-003  -2.7076768580234427E-003
         146  -4.8549335388378971E-004   4.8549335388378971E-004
         147  -2.6900079973145854E-003  -2.6900079973145854E-003
         148  -4.8235882683365580E-004   4.8235882683365580E-004
         149  -4.8333213240967296E-004   4.8333213240967296E-004
         150  -4.8430552391917256E-004   4.8430552391917256E-004
         151  -4.8527899732781138E-004   4.8527899732781138E-004
         152  -4.8625253231879300E-004   4.8625253231879300E-004
         153  -4.8722613985604211E-004   4.8722613985604211E-004
         154  -2.6689299136806155E-003  -2.6689299136806155E-003
         155  -2.6527231649794234E-003  -2.6527231649794234E-003
         156  -2.6367570332610918E-003  -2.6367570332610918E-003
         157  -4.7620931164025782E-004   4.7620931164025782E-004
         158  -4.7713454470802412E-004   4.7713454470802412E-004
         159  -2.6196125593552859E-003  -2.6196125593552859E-003
         160  -4.7419427001616675E-004   4.7419427001616675E-004
         161  -2.6034692641392597E-003  -2.6034692641392597E-003
         162  -4.7130149448690756E-004   4.7130149448690756E-004
         163  -2.5875867628737548E-003  -2.5875867628737548E-003
         164  -4.6845503911771590E-004   4.6845503911771590E-004
         165  -4.6933561607798862E-004   4.6933561607798862E-004
         166  -2.5712827773271352E-003  -2.5712827773271352E-003
         167  -4.6653259982440697E-004   4.6653259982440697E-004
         168  -4.6739906668101126E-004   4.6739906668101126E-004
         169  -4.6826553717659031E-004   4.6826553717659031E-004
         170  -4.6913200767608945E-004   4.6913200767608945E-004
         171  -4.6999847575288837E-004   4.6999847575288837E-004
         172  -4.7086492852139452E-004   4.7086492852139452E-004
         173  -4.7173138204543877E-004   4.7173138204543877E-004
         174  -2.5518998817768272E-003  -2.5518998817768272E-003
         175  -4.6896258749599951E-004   4.6896258749599951E-004
         176  -2.5369214875280489E-003  -2.5369214875280489E-003
         177  -4.6623655184325303E-004   4.6623655184325303E-004
         178  -4.6707597489633007E-004   4.6707597489633007E-004
         179  -4.6791537448677981E-004   4.6791537448677981E-004
         180  -2.5208604745513498E-003  -2.5208604745513498E-003
         181  -4.6522807745386281E-004   4.6522807745386281E-004
         182  -2.5063826782956355E-003  -2.5063826782956355E-003
         183  -4.6258146386950156E-004   4.6258146386950156E-004
         184  -2.4921240054742344E-003  -2.4921240054742344E-003
         185  -4.5997456188727882E-004   4.5997456188727882E-004
         186  -2.4780792919861230E-003  -2.4780792919861230E-003
         187  -2.4648625610881989E-003  -2.4648625610881989E-003
         188  -2.4518193183268202E-003  -2.4518193183268202E-003
         189  -4.5081998249050240E-004   4.5081998249050240E-004
         190  -4.5158599926667386E-004   4.5158599926667386E-004
         191  -2.4377483595614102E-003  -2.4377483595614102E-003
         192  -2.4250830223107762E-003  -2.4250830223107762E-003
         193  -2.4125798981625489E-003  -2.4125798981625489E-003
         194  -4.4282944266999121E-004   4.4282944266999121E-004
         195  -4.4356244408869420E-004   4.4356244408869420E-004
         196  -2.3990917356710244E-003  -2.3990917356710244E-003
         197  -4.4121189375256057E-004   4.4121189375256057E-004
         198  -4.4193429543720134E-004   4.4193429543720134E-004
         199  -4.4265663056803717E-004   4.4265663056803717E-004
         200  -4.4337889859958463E-004   4.4337889859958463E-004
         201  -4.4410109442221665E-004   4.4410109442221665E-004
         202  -2.3841075032539601E-003  -2.3841075032539601E-003
         203  -2.3722056012304023E-003  -2.3722056012304023E-003
         204  -2.3604504664984666E-003  -2.3604504664984666E-003
         205  -2.3488392856455148E-003  -2.3488392856455148E-003
         206  -2.3373693481434665E-003  -2.3373693481434665E-003
         207  -2.3260379857856718E-003  -2.3260379857856718E-003
         208  -2.3148426145963227E-003  -2.3148426145963227E-003
         209  -4.2439794595078929E-004   4.2439794595078929E-004
         210  -2.3032701932947431E-003  -2.3032701932947431E-003
         211  -2.2923560855787535E-003  -2.2923560855787535E-003
         212  -4.1957277002800414E-004   4.1957277002800414E-004
         213  -2.2810741959367964E-003  -2.2810741959367964E-003
         214  -4.1752504487618260E-004   4.1752504487618260E-004
         215  -2.2699409533969688E-003  -2.2699409533969688E-003
         216  -2.2594363790349966E-003  -2.2594363790349966E-003
         217  -2.2490525164741170E-003  -2.2490525164741170E-003
         218  -4.1030873404773787E-004   4.1030873404773787E-004
         219  -4.1091356428473602E-004   4.1091356428473602E-004
         220  -2.2378486641927427E-003  -2.2378486641927427E-003
         221  -2.2277300870240991E-003  -2.2277300870240991E-003
         222  -4.0645584702999173E-004   4.0645584702999173E-004
         223  -2.2172683386354804E-003  -2.2172683386354804E-003
         224  -4.0456238626654525E-004   4.0456238626654525E-004
         225  -4.0514415727683004E-004   4.0514415727683004E-004
         226  -2.2064867458416069E-003  -2.2064867458416069E-003
         227  -2.1967466073384069E-003  -2.1967466073384069E-003
         228  -4.0085299194559011E-004   4.0085299194559011E-004
         229  -4.0142014879680424E-004   4.0142014879680424E-004
         230  -2.1862327623283812E-003  -2.1862327623283812E-003
         231  -3.9959596835860092E-004   3.9959596835860092E-004
         232  -4.0015595343897157E-004   4.0015595343897157E-004
         233  -4.0071585099918144E-004   4.0071585099918144E-004
         234  -2.1754242814849365E-003  -2.1754242814849365E-003
         235  -3.9891297557441527E-004   3.9891297557441527E-004
         236  -3.9946585504742983E-004   3.9946585504742983E-004
         237  -4.0001864087829453E-004   4.0001864087829453E-004
         238  -4.0057133212788521E-004   4.0057133212788521E-004
         239  -2.1643370460611685E-003  -2.1643370460611685E-003
         240  -2.1551341771822224E-003  -2.1551341771822224E-003
         241  -2.1460289265486589E-003  -2.1460289265486589E-003
         242  -3.9420393944808099E-004   3.9420393944808099E-004
         243  -2.1366027706470531E-003  -2.1366027706470531E-003
         244  -3.9248557180967170E-004   3.9248557180967170E-004
         245  -2.1272886727690473E-003  -2.1272886727690473E-003
         246  -3.9078749289551485E-004   3.9078749289551485E-004
         247  -3.9130763004557135E-004   3.9130763004557135E-004
         248  -3.9182767404507033E-004   3.9182767404507033E-004
         249  -3.9234762035989581E-004   3.9234762035989581E-004
         250  -3.9286746743829356E-004   3.9286746743829356E-004
         251  -3.9338721974994364E-004   3.9338721974994364E-004
         252  -2.1160388228679862E-003  -2.1160388228679862E-003
         253  -3.9170695215711852E-004   3.9170695215711852E-004
         254  -3.9222047024725908E-004   3.9222047024725908E-004
         255  -3.9273388675607941E-004   3.9273388675607941E-004
         256  -2.1061867635177702E-003  -2.1061867635177702E-003
         257  -2.0976777122007611E-003  -2.0976777122007611E-003
         258  -2.0892546342475013E-003  -2.0892546342475013E-003
         259  -2.0809161906056636E-003  -2.0809161906056636E-003
         260  -3.8469795512142757E-004   3.8469795512142757E-004
         261  -2.0722742205456536E-003  -2.0722742205456536E-003
         262  -3.8311185292435451E-004   3.8311185292435451E-004
         263  -3.8359646618087124E-004   3.8359646618087124E-004
         264  -2.0633467938165704E-003  -2.0633467938165704E-003
         265  -2.0552875490094172E-003  -2.0552875490094172E-003
         266  -2.0473072174180865E-003  -2.0473072174180865E-003
         267  -3.7799072544679690E-004   3.7799072544679690E-004
         268  -2.0390353292406771E-003  -2.0390353292406771E-003
         269  -3.7647428799248952E-004   3.7647428799248952E-004
         270  -2.0308546126951653E-003  -2.0308546126951653E-003
         271  -3.7497446201629152E-004   3.7497446201629152E-004
         272  -3.7543260613299219E-004   3.7543260613299219E-004
         273  -3.7589065131608091E-004   3.7589065131608091E-004
         274  -2.0220394895825704E-003  -2.0220394895825704E-003
         275  -3.7440658599468743E-004   3.7440658599468743E-004
         276  -3.7485950428155533E-004   3.7485950428155533E-004
         277  -2.0136969405724057E-003  -2.0136969405724057E-003
         278  -3.7339119163888460E-004   3.7339119163888460E-004
         279  -3.7383906808830577E-004   3.7383906808830577E-004
         280  -2.0054534296911316E-003  -2.0054534296911316E-003
         281  -1.9980110107154329E-003  -1.9980110107154329E-003
         282  -3.7050606664437241E-004   3.7050606664437241E-004
         283  -3.7094432504575448E-004   3.7094432504575448E-004
         284  -1.9899426013697836E-003  -1.9899426013697836E-003
         285  -1.9826572393916984E-003  -1.9826572393916984E-003
         286  -1.9754389830101624E-003  -1.9754389830101624E-003
         287  -3.6586046787392035E-004   3.6586046787392035E-004
         288  -3.6628499023312177E-004   3.6628499023312177E-004
         289  -3.6670941230276761E-004   3.6670941230276761E-004
         290  -3.6713373889519596E-004   3.6713373889519596E-004
         291  -1.9669394795572737E-003  -1.9669394795572737E-003
         292  -1.9598893035459629E-003  -1.9598893035459629E-003
         293  -3.6397185649015093E-004   3.6397185649015093E-004
         294  -3.6438734967294271E-004   3.6438734967294271E-004
         295  -3.6480274027396621E-004   3.6480274027396621E-004
         296  -1.9519109875578515E-003  -1.9519109875578515E-003
         297  -3.6345254658650935E-004   3.6345254658650935E-004
         298  -1.9446862601246624E-003  -1.9446862601246624E-003
         299  -1.9378593855992638E-003  -1.9378593855992638E-003
         300  -3.6038647574165882E-004   3.6038647574165882E-004
         301  -1.9307723378722249E-003  -1.9307723378722249E-003
         302  -3.5907704372886191E-004   3.5907704372886191E-004
         303  -3.5947564377739418E-004   3.5947564377739418E-004
         304  -3.5987414254687089E-004   3.5987414254687089E-004
         305  -1.9231206415300363E-003  -1.9231206415300363E-003
         306  -1.9165061668318384E-003  -1.9165061668318384E-003
         307  -3.5689939874068482E-004   3.5689939874068482E-004
         308  -1.9096376323293712E-003  -1.9096376323293712E-003
         309  -3.5562847920490317E-004   3.5562847920490317E-004
         310  -3.5601508349163022E-004   3.5601508349163022E-004
         311  -1.9025281920003456E-003  -1.9025281920003456E-003
         312  -3.5475650920165666E-004   3.5475650920165666E-004
         313  -3.5513917590054714E-004   3.5513917590054714E-004
         314  -1.8954958864813994E-003  -1.8954958864813994E-003
         315  -3.5389275582149439E-004   3.5389275582149439E-004
         316  -3.5427155588069724E-004   3.5427155588069724E-004
         317  -3.5465025490493882E-004   3.5465025490493882E-004
         318  -1.8882354583723872E-003  -1.8882354583723872E-003
         319  -1.8819628663179335E-003  -1.8819628663179335E-003
         320  -1.8757429874822122E-003  -1.8757429874822122E-003
         321  -3.5023589874936070E-004   3.5023589874936070E-004
         322  -1.8692806103901042E-003  -1.8692806103901042E-003
         323  -1.8631715780281449E-003  -1.8631715780281449E-003
         324  -1.8571131118525865E-003  -1.8571131118525865E-003
         325  -3.4594722315244041E-004   3.4594722315244041E-004
         326  -1.8508190406646033E-003  -1.8508190406646033E-003
         327  -3.4478188943086913E-004   3.4478188943086913E-004
         328  -3.4513602903270160E-004   3.4513602903270160E-004
         329  -1.8443009850636332E-003  -1.8443009850636332E-003
         330  -1.8384117059468731E-003  -1.8384117059468731E-003
         331  -3.4248699888227358E-004   3.4248699888227358E-004
         332  -3.4283449795943533E-004   3.4283449795943533E-004
         333  -1.8320146312206316E-003  -1.8320146312206316E-003
         334  -1.8262340232596300E-003  -1.8262340232596300E-003
         335  -1.8204997068503126E-003  -1.8204997068503126E-003
         336  -3.3878081250735638E-004   3.3878081250735638E-004
         337  -3.3911879704967346E-004   3.3911879704967346E-004
         338  -1.8142714424754919E-003  -1.8142714424754919E-003
         339  -3.3801649806285394E-004   3.3801649806285394E-004
         340  -3.3835128197240156E-004   3.3835128197240156E-004
         341  -1.8081060068737454E-003  -1.8081060068737454E-003
         342  -1.8025335128862795E-003  -1.8025335128862795E-003
         343  -1.7970046725670156E-003  -1.7970046725670156E-003
         344  -1.7915189565329147E-003  -1.7915189565329147E-003
         345  -3.3305418807522342E-004   3.3305418807522342E-004
         346  -1.7858183658844610E-003  -1.7858183658844610E-003
         347  -3.3200054763053342E-004   3.3200054763053342E-004
         348  -3.3232060190803008E-004   3.3232060190803008E-004
         349  -1.7799129827945428E-003  -1.7799129827945428E-003
         350  -3.3127623079729521E-004   3.3127623079729521E-004
         351  -3.3159333903570623E-004   3.3159333903570623E-004
         352  -3.3191036377699625E-004   3.3191036377699625E-004
         353  -1.7738117193575073E-003  -1.7738117193575073E-003
         354  -1.7685300384447241E-003  -1.7685300384447241E-003
         355  -1.7632884188830934E-003  -1.7632884188830934E-003
         356  -1.7580863870549556E-003  -1.7580863870549556E-003
         357  -3.2688857337122735E-004   3.2688857337122735E-004
         358  -3.2719474703849882E-004   3.2719474703849882E-004
         359  -3.2750083421669420E-004   3.2750083421669420E-004
         360  -1.7521900005654587E-003  -1.7521900005654587E-003
         361  -3.2650104596979718E-004   3.2650104596979718E-004
         362  -3.2680438501952726E-004   3.2680438501952726E-004
         363  -3.2710763986207428E-004   3.2710763986207428E-004
         364  -1.7463545887390552E-003  -1.7463545887390552E-003
         365  -1.7413030286048121E-003  -1.7413030286048121E-003
         366  -3.2483287835172186E-004   3.2483287835172186E-004
         367  -3.2513092987909015E-004   3.2513092987909015E-004
         368  -1.7358109899623668E-003  -1.7358109899623668E-003
         369  -1.7308447786496082E-003  -1.7308447786496082E-003
         370  -1.7259148488039391E-003  -1.7259148488039391E-003
         371  -1.7210207848303777E-003  -1.7210207848303777E-003
         372  -3.2040248576439676E-004   3.2040248576439676E-004
         373  -3.2069070225527725E-004   3.2069070225527725E-004
         374  -3.2097883522096197E-004   3.2097883522096197E-004
         375  -3.2126688533591391E-004   3.2126688533591391E-004
         376  -3.2155484932129829E-004   3.2155484932129829E-004
         377  -1.7150080383861684E-003  -1.7150080383861684E-003
         378  -1.7102112264580755E-003  -1.7102112264580755E-003
         379  -1.7054487185545839E-003  -1.7054487185545839E-003
         380  -3.1818233762894170E-004   3.1818233762894170E-004
         381  -3.1846324288577400E-004   3.1846324288577400E-004
         382  -1.7002695875629208E-003  -1.7002695875629208E-003
         383  -3.1754397566828357E-004   3.1754397566828357E-004
         384  -1.6953613266347891E-003  -1.6953613266347891E-003
         385  -1.6907147262788279E-003  -1.6907147262788279E-003
         386  -3.1545150800290473E-004   3.1545150800290473E-004
         387  -3.1572553416619250E-004   3.1572553416619250E-004
         388  -3.1599948084315432E-004   3.1599948084315432E-004
         389  -3.1627334624827354E-004   3.1627334624827354E-004
         390  -1.6852206702739432E-003  -1.6852206702739432E-003
         391  -3.1537624690593322E-004   3.1537624690593322E-004
         392  -3.1564780583812221E-004   3.1564780583812221E-004
         393  -1.6802215233035628E-003  -1.6802215233035628E-003
         394  -1.6757011142394581E-003  -1.6757011142394581E-003
         395  -3.1360569376994764E-004   3.1360569376994764E-004
         396  -1.6709967936252154E-003  -1.6709967936252154E-003
         397  -3.1272987260878171E-004   3.1272987260878171E-004
         398  -3.1299492503182889E-004   3.1299492503182889E-004
         399  -3.1325989855487789E-004   3.1325989855487789E-004
         400  -3.1352479847874555E-004   3.1352479847874555E-004
         401  -1.6656885640576186E-003  -1.6656885640576186E-003
         402  -3.1265590733372948E-004   3.1265590733372948E-004
         403  -3.1291861757048350E-004   3.1291861757048350E-004
         404  -3.1318124992277653E-004   3.1318124992277653E-004
         405  -3.1344380172012925E-004   3.1344380172012925E-004
         406  -1.6604341547888698E-003  -1.6604341547888698E-003
         407  -3.1258175054207460E-004   3.1258175054207460E-004
         408  -3.1284214848903636E-004   3.1284214848903636E-004
         409  -3.1310247104109870E-004   3.1310247104109870E-004
         410  -3.1336271868960276E-004   3.1336271868960276E-004
         411  -3.1362288156554674E-004   3.1362288156554674E-004
         412  -1.6550207575641771E-003  -1.6550207575641771E-003
         413  -1.6507172172179980E-003  -1.6507172172179980E-003
         414  -3.1166074257330374E-004   3.1166074257330374E-004
         415  -3.1191685264025183E-004   3.1191685264025183E-004
         416  -3.1217288901329781E-004   3.1217288901329781E-004
         417  -3.1242884577303739E-004   3.1242884577303739E-004
         418  -3.1268471938451184E-004   3.1268471938451184E-004
         419  -3.1294052067334260E-004   3.1294052067334260E-004
         420  -1.6451889982439713E-003  -1.6451889982439713E-003
         421  -3.1209840862260311E-004   3.1209840862260311E-004
         422  -3.1235215196029559E-004   3.1235215196029559E-004
         423  -3.1260581913632114E-004   3.1260581913632114E-004
         424  -1.6403455704016943E-003  -1.6403455704016943E-003
         425  -1.6361668381812194E-003  -1.6361668381812194E-003
         426  -1.6320154375941618E-003  -1.6320154375941618E-003
         427  -1.6278910911064731E-003  -1.6278910911064731E-003
         428  -1.6237935199371431E-003  -1.6237935199371431E-003
         429  -3.0749411690345914E-004   3.0749411690345914E-004
         430  -3.0773847289112757E-004   3.0773847289112757E-004
         431  -3.0798274956084400E-004   3.0798274956084400E-004
         432  -1.6191229204910887E-003  -1.6191229204910887E-003
         433  -1.6150906120273732E-003  -1.6150906120273732E-003
         434  -3.0613681963428361E-004   3.0613681963428361E-004
         435  -3.0637743918134357E-004   3.0637743918134357E-004
         436  -3.0661798616114810E-004   3.0661798616114810E-004
         437  -1.6104929999667757E-003  -1.6104929999667757E-003
         438  -1.6065243069267588E-003  -1.6065243069267588E-003
         439  -3.0479941811006639E-004   3.0479941811006639E-004
         440  -3.0503639623411015E-004   3.0503639623411015E-004
         441  -1.6021923312254172E-003  -1.6021923312254172E-003
         442  -1.5982816922141161E-003  -1.5982816922141161E-003
         443  -3.0324442545548192E-004   3.0324442545548192E-004
         444  -1.5942043118646486E-003  -1.5942043118646486E-003
         445  -3.0247452056260182E-004   3.0247452056260182E-004
         446  -3.0270629836046949E-004   3.0270629836046949E-004
         447  -3.0293800116929160E-004   3.0293800116929160E-004
         448  -3.0316963335997747E-004   3.0316963335997747E-004
         449  -1.5895858999395078E-003  -1.5895858999395078E-003
         450  -3.0240539258937459E-004   3.0240539258937459E-004
         451  -1.5855785777155629E-003  -1.5855785777155629E-003
         452  -1.5817876941934680E-003  -1.5817876941934680E-003
         453  -3.0066502061963429E-004   3.0066502061963429E-004
         454  -3.0089164218214575E-004   3.0089164218214575E-004
         455  -1.5776477267638058E-003  -1.5776477267638058E-003
         456  -3.0014369969598675E-004   3.0014369969598675E-004
         457  -3.0036862271228226E-004   3.0036862271228226E-004
         458  -1.5735407509125769E-003  -1.5735407509125769E-003
         459  -1.5698340579205360E-003  -1.5698340579205360E-003
         460  -2.9866532142610897E-004   2.9866532142610897E-004
         461  -2.9888704142901697E-004   2.9888704142901697E-004
         462  -2.9910868813591817E-004   2.9910868813591817E-004
         463  -2.9933026669703614E-004   2.9933026669703614E-004
         464  -1.5654196537110030E-003  -1.5654196537110030E-003
         465  -2.9859816993700611E-004   2.9859816993700611E-004
         466  -2.9881811113747125E-004   2.9881811113747125E-004
         467  -2.9903797734305256E-004   2.9903797734305256E-004
         468  -2.9925777450327741E-004   2.9925777450327741E-004
         469  -2.9947750534118072E-004   2.9947750534118072E-004
         470  -2.9969716773482199E-004   2.9969716773482199E-004
         471  -2.9991675471210320E-004   2.9991675471210320E-004
         472  -1.5604990974527786E-003  -1.5604990974527786E-003
         473  -2.9919000312641478E-004   2.9919000312641478E-004
         474  -1.5567175126529338E-003  -1.5567175126529338E-003
         475  -2.9846828632630520E-004   2.9846828632630520E-004
         476  -2.9868473707165400E-004   2.9868473707165400E-004
         477  -1.5527822417102570E-003  -1.5527822417102570E-003
         478  -1.5492347577329730E-003  -1.5492347577329730E-003
         479  -1.5457082040875696E-003  -1.5457082040875696E-003
         480  -1.5422023839137002E-003  -1.5422023839137002E-003
         481  -2.9520646259868479E-004   2.9520646259868479E-004
         482  -1.5385424845994159E-003  -1.5385424845994159E-003
         483  -2.9450903841594765E-004   2.9450903841594765E-004
         484  -1.5349074807064524E-003  -1.5349074807064524E-003
         485  -1.5314693639500224E-003  -1.5314693639500224E-003
         486  -1.5280511675020720E-003  -1.5280511675020720E-003
         487  -2.9203047076130893E-004   2.9203047076130893E-004
         488  -2.9223555234333460E-004   2.9223555234333460E-004
         489  -2.9244057219034115E-004   2.9244057219034115E-004
         490  -1.5241432251887970E-003  -1.5241432251887970E-003
         491  -1.5207740013469329E-003  -1.5207740013469329E-003
         492  -1.5174240509682514E-003  -1.5174240509682514E-003
         493  -2.9001159094689885E-004   2.9001159094689885E-004
         494  -2.9021255601753169E-004   2.9021255601753169E-004
         495  -2.9041345514446302E-004   2.9041345514446302E-004
         496  -1.5135938704425431E-003  -1.5135938704425431E-003
         497  -1.5102913665722114E-003  -1.5102913665722114E-003
         498  -1.5070075289375466E-003  -1.5070075289375466E-003
         499  -1.5037421925429076E-003  -1.5037421925429076E-003
         500  -2.8718300092096853E-004   2.8718300092096853E-004
         501  -2.8737873692008070E-004   2.8737873692008070E-004
         502  -1.5001713141069126E-003  -1.5001713141069126E-003
         503  -2.8673057684647544E-004   2.8673057684647544E-004
         504  -1.4967876078823817E-003  -1.4967876078823817E-003
         505  -2.8608663364179242E-004   2.8608663364179242E-004
         506  -1.4934259020177409E-003  -1.4934259020177409E-003
         507  -2.8544686212759405E-004   2.8544686212759405E-004
         508  -2.8563870699085584E-004   2.8563870699085584E-004
         509  -1.4899270082788425E-003  -1.4899270082788425E-003
         510  -2.8500310689914316E-004   2.8500310689914316E-004
         511  -1.4866114502955275E-003  -1.4866114502955275E-003
         512  -1.4834741031169586E-003  -1.4834741031169586E-003
         513  -2.8355470212657817E-004   2.8355470212657817E-004
         514  -1.4801981284803109E-003  -1.4801981284803109E-003
         515  -2.8293118294284348E-004   2.8293118294284348E-004
         516  -2.8311810619385022E-004   2.8311810619385022E-004
         517  -1.4767881374347903E-003  -1.4767881374347903E-003
         518  -2.8249859845260833E-004   2.8249859845260833E-004
         519  -1.4735564780488418E-003  -1.4735564780488418E-003
         520  -2.8188300362487039E-004   2.8188300362487039E-004
         521  -2.8206748787380445E-004   2.8206748787380445E-004
         522  -2.8225191451902498E-004   2.8225191451902498E-004
         523  -1.4700390654406785E-003  -1.4700390654406785E-003
         524  -2.8164030001290026E-004   2.8164030001290026E-004
         525  -1.4668534429353359E-003  -1.4668534429353359E-003
         526  -1.4638390243041407E-003  -1.4638390243041407E-003
         527  -2.8024639245456255E-004   2.8024639245456255E-004
         528  -1.4606905164938498E-003  -1.4606905164938498E-003
         529  -1.4577108725452445E-003  -1.4577108725452445E-003
         530  -2.7886966374293009E-004   2.7886966374293009E-004
         531  -2.7904840063568050E-004   2.7904840063568050E-004
         532  -2.7922708021224689E-004   2.7922708021224689E-004
         533  -1.4543020601711387E-003  -1.4543020601711387E-003
         534  -1.4513618719182379E-003  -1.4513618719182379E-003
         535  -1.4484371505594183E-003  -1.4484371505594183E-003
         536  -1.4455277729891020E-003  -1.4455277729891020E-003
         537  -1.4426336151243842E-003  -1.4426336151243842E-003
         538  -1.4397545527236291E-003  -1.4397545527236291E-003
         539  -1.4368904613872471E-003  -1.4368904613872471E-003
         540  -2.7410200214759886E-004   2.7410200214759886E-004
         541  -2.7427336859762536E-004   2.7427336859762536E-004
         542  -2.7444467542368236E-004   2.7444467542368236E-004
         543  -1.4336159800395188E-003  -1.4336159800395188E-003
         544  -2.7387653803775594E-004   2.7387653803775594E-004
         545  -2.7404674762628240E-004   2.7404674762628240E-004
         546  -1.4305069720463779E-003  -1.4305069720463779E-003
         547  -1.4276994870090936E-003  -1.4276994870090936E-003
         548  -1.4249063743287857E-003  -1.4249063743287857E-003
         549  -2.7202534420153973E-004   2.7202534420153973E-004
         550  -1.4219891477421829E-003  -1.4219891477421829E-003
         551  -1.4192268572772299E-003  -1.4192268572772299E-003
         552  -1.4164785703553815E-003  -1.4164785703553815E-003
         553  -2.7003940723484163E-004   2.7003940723484163E-004
         554  -2.7020370765801536E-004   2.7020370765801536E-004
         555  -1.4134725799679598E-003  -1.4134725799679598E-003
         556  -1.4107567109981148E-003  -1.4107567109981148E-003
         557  -2.6895363089020921E-004   2.6895363089020921E-004
         558  -1.4079203086194876E-003  -1.4079203086194876E-003
         559  -1.4052339263590547E-003  -1.4052339263590547E-003
         560  -2.6771803906095533E-004   2.6771803906095533E-004
         561  -2.6787852628674697E-004   2.6787852628674697E-004
         562  -1.4022958171578611E-003  -1.4022958171578611E-003
         563  -2.6734617515711533E-004   2.6734617515711533E-004
         564  -2.6750567074880141E-004   2.6750567074880141E-004
         565  -2.6766511701031761E-004   2.6766511701031761E-004
         566  -1.3992450224327073E-003  -1.3992450224327073E-003
         567  -2.6713596625274795E-004   2.6713596625274795E-004
         568  -1.3964786630885646E-003  -1.3964786630885646E-003
         569  -2.6660986887350928E-004   2.6660986887350928E-004
         570  -1.3937282889663317E-003  -1.3937282889663317E-003
         571  -1.3911234436377652E-003  -1.3911234436377652E-003
         572  -2.6541001700121705E-004   2.6541001700121705E-004
         573  -1.3884024576271015E-003  -1.3884024576271015E-003
         574  -2.6489287640915008E-004   2.6489287640915008E-004
         575  -2.6504774226239263E-004   2.6504774226239263E-004
         576  -1.3855688367100337E-003  -1.3855688367100337E-003
         577  -2.6453360607689636E-004   2.6453360607689636E-004
         578  -2.6468752905729932E-004   2.6468752905729932E-004
         579  -1.3827534225881921E-003  -1.3827534225881921E-003
         580  -2.6417636705888760E-004   2.6417636705888760E-004
         581  -2.6432936286301182E-004   2.6432936286301182E-004
         582  -2.6448231260876290E-004   2.6448231260876290E-004
         583  -1.3798290748179179E-003  -1.3798290748179179E-003
         584  -2.6397415167720703E-004   2.6397415167720703E-004
         585  -1.3771777954624327E-003  -1.3771777954624327E-003
         586  -1.3746669573826468E-003  -1.3746669573826468E-003
         587  -1.3721681167668878E-003  -1.3721681167668878E-003
         588  -2.6216496144932440E-004   2.6216496144932440E-004
         589  -2.6231451146291497E-004   2.6231451146291497E-004
         590  -1.3694331375673542E-003  -1.3694331375673542E-003
         591  -2.6181759351539489E-004   2.6181759351539489E-004
         592  -1.3668387885735272E-003  -1.3668387885735272E-003
         593  -1.3643815353271331E-003  -1.3643815353271331E-003
         594  -1.3619358670637390E-003  -1.3619358670637390E-003
         595  -2.6004819293187640E-004   2.6004819293187640E-004
         596  -1.3593805019095578E-003  -1.3593805019095578E-003
         597  -1.3569597527872375E-003  -1.3569597527872375E-003
         598  -2.5893307318377955E-004   2.5893307318377955E-004
         599  -1.3544305104465902E-003  -1.3544305104465902E-003
         600  -1.3520342836926282E-003  -1.3520342836926282E-003
         601  -2.5783000861439611E-004   2.5783000861439611E-004
         602  -1.3495307447259216E-003  -1.3495307447259216E-003
         603  -1.3471586445431792E-003  -1.3471586445431792E-003
         604  -1.3447974987963157E-003  -1.3447974987963157E-003
         605  -1.3424472328969069E-003  -1.3424472328969069E-003
         606  -1.3401077564288784E-003  -1.3401077564288784E-003
         607  -1.3377790020799626E-003  -1.3377790020799626E-003
         608  -2.5430879722567167E-004   2.5430879722567167E-004
         609  -2.5444753746725195E-004   2.5444753746725195E-004
         610  -2.5458623517120559E-004   2.5458623517120559E-004
         611  -1.3351176176834522E-003  -1.3351176176834522E-003
         612  -1.3328156765347124E-003  -1.3328156765347124E-003
         613  -2.5352943723539178E-004   2.5352943723539178E-004
         614  -1.3304109711468962E-003  -1.3304109711468962E-003
         615  -1.3281316791948165E-003  -1.3281316791948165E-003
         616  -1.3258626638911852E-003  -1.3258626638911852E-003
         617  -1.3236038522669946E-003  -1.3236038522669946E-003
         618  -2.5131297055330988E-004   2.5131297055330988E-004
         619  -2.5144738726642761E-004   2.5144738726642761E-004
         620  -1.3211338006168796E-003  -1.3211338006168796E-003
         621  -2.5100106527296096E-004   2.5100106527296096E-004
         622  -1.3187886365165536E-003  -1.3187886365165536E-003
         623  -1.3165653395216966E-003  -1.3165653395216966E-003
         624  -2.4998239289874077E-004   2.4998239289874077E-004
         625  -2.5011468119766946E-004   2.5011468119766946E-004
         626  -2.5024693039995129E-004   2.5024693039995129E-004
         627  -2.5037913479281223E-004   2.5037913479281223E-004
         628  -2.5051130029944224E-004   2.5051130029944224E-004
         629  -1.3138067881787621E-003  -1.3138067881787621E-003
         630  -1.3116119067483477E-003  -1.3116119067483477E-003
         631  -1.3094266936520731E-003  -1.3094266936520731E-003
         632  -2.4893812297895567E-004   2.4893812297895567E-004
         633  -1.3071437419996139E-003  -1.3071437419996139E-003
         634  -2.4850562143259992E-004   2.4850562143259992E-004
         635  -2.4863507941638388E-004   2.4863507941638388E-004
         636  -1.3047657582024568E-003  -1.3047657582024568E-003
         637  -1.3026142248001628E-003  -1.3026142248001628E-003
         638  -1.3004720513150421E-003  -1.3004720513150421E-003
         639  -1.2983391743149534E-003  -1.2983391743149534E-003
         640  -2.4654257093516182E-004   2.4654257093516182E-004
         641  -1.2961110175888164E-003  -1.2961110175888164E-003
         642  -1.2939981934305042E-003  -1.2939981934305042E-003
         643  -1.2918944701377085E-003  -1.2918944701377085E-003
         644  -1.2897997789720413E-003  -1.2897997789720413E-003
         645  -2.4449146714170829E-004   2.4449146714170829E-004
         646  -2.4461588202881804E-004   2.4461588202881804E-004
         647  -2.4474026160120372E-004   2.4474026160120372E-004
         648  -1.2874070942370621E-003  -1.2874070942370621E-003
         649  -1.2853351063433047E-003  -1.2853351063433047E-003
         650  -2.4379208464816635E-004   2.4379208464816635E-004
         651  -1.2831706403200881E-003  -1.2831706403200881E-003
         652  -1.2811178061616865E-003  -1.2811178061616865E-003
         653  -1.2790736588327639E-003  -1.2790736588327639E-003
         654  -2.4232611721129146E-004   2.4232611721129146E-004
         655  -1.2769384365297377E-003  -1.2769384365297377E-003
         656  -1.2749130374879159E-003  -1.2749130374879159E-003
         657  -2.4140096841813850E-004   2.4140096841813850E-004
         658  -2.4152113370905424E-004   2.4152113370905424E-004
         659  -2.4164126396046792E-004   2.4164126396046792E-004
         660  -1.2726000024587312E-003  -1.2726000024587312E-003
         661  -2.4124214036232663E-004   2.4124214036232663E-004
         662  -1.2704978773276469E-003  -1.2704978773276469E-003
         663  -1.2685038855788965E-003  -1.2685038855788965E-003
         664  -1.2665181796565406E-003  -1.2665181796565406E-003
         665  -2.3981901654625187E-004   2.3981901654625187E-004
         666  -2.3993681664682417E-004   2.3993681664682417E-004

   k   test 
         666   2.2861567739156791E-007
