   5.0000000000000000        3.2000000000000002        2.4850894632206754E-002
   5.0432296874948603        3.2276669999890779        2.4478605732385646E-002
   5.0714342183065986        3.2457178996977016        2.4239997471954766E-002
   5.0922932419832856        3.2590676748474157        2.4065666981520607E-002
   5.1088089515591681        3.2696377289642937        2.3928906387050218E-002
   5.1224601928929223        3.2783745234109123        2.3816704010745149E-002
   5.1340827557014102        3.2858129636173659        2.3721768755293686E-002
   5.1441944759304246        3.2922844645685720        2.3639614752873583E-002
   5.1531381031697494        3.2980083860045424        2.3567290431161847E-002
   5.1611520991536350        3.3031373434320903        2.3502752840915117E-002
   5.1684089712917300        3.3077817416002078        2.3444530788804357E-002
   5.1750374939847630        3.3120239961264435        2.3391530517376576E-002
   5.1811363089469307        3.3159272377031477        2.3342917290643105E-002
   5.1867826261943524        3.3195408807414974        2.3298039933148437E-002
   5.1920379997328219        3.3229043198118133        2.3256380917394879E-002
   5.1969522828722923        3.3260494610257010        2.3217522294135838E-002
   5.2015664102763211        3.3290025025618970        2.3181121800778144E-002
   5.2059144006253550        3.3317852163861521        2.3146895711002854E-002
   5.2100248278477306        3.3344158898063010        2.3114606268515307E-002
   5.2139219213740882        3.3369100296627701        2.3084052312179401E-002
   5.2176264022703807        3.3392808974382411        2.3055062168194057E-002
   5.2211561277077170        3.3415399217188018        2.3027488183405703E-002
   5.2245265941803618        3.3436970202612946        2.3001202465560429E-002
   5.2277513350042533        3.3457608543875539        2.2976093525088871E-002
   5.2308422376430252        3.3477390320748395        2.2952063599183566E-002
   5.2338097995139368        3.3496382716738307        2.2929026498496121E-002
   5.2366633360366732        3.3514645350498156        2.2906905858863295E-002
   5.2394111512027619        3.3532231367553869        2.2885633710242024E-002
   5.2420606785029600        3.3549188342272789        2.2865149296204444E-002
   5.2446185981801214        3.3565559028217464        2.2845398093258886E-002
   5.2470909354122464        3.3581381986484735        2.2826330990845065E-002
   5.2494831430072688        3.3596692115093965        2.2807903601573948E-002
   5.2518001715017402        3.3611521097461217        2.2790075677437939E-002
   5.2540465288381757        3.3625897784408236        2.2772810613366952E-002
   5.2562263314607334        3.3639848521178548        2.2756075022736928E-002
   5.2583433482473909        3.3653397428620022        2.2739838372825134E-002
   5.2604010384755719        3.3666566646066483        2.2724072670197767E-002
   5.2624025847180995        3.3679376542019126        2.2708752188319234E-002
   5.2643509215290090        3.3691845897602986        2.2693853230403079E-002
   5.2662487604792529        3.3703992066865687        2.2679353922576344E-002
   5.2680986121292870        3.3715831117435586        2.2665234032559496E-002
   5.2699028053729524        3.3727377954201940        2.2651474810258962E-002
   5.2716635044985845        3.3738646428617405        2.2638058847226698E-002
   5.2733827243022082        3.3749649435351472        2.2624969952348983E-002
   5.2750623435063062        3.3760398998257695        2.2612193041523954E-002
   5.2767041167182711        3.3770906346805076        2.2599714039504202E-002
   5.2783096850860396        3.3781181984375679        2.2587519792433168E-002
   5.2798805858589644        3.3791235749308894        2.2575597989532542E-002
   5.2814182609421962        3.3801076869846884        2.2563937092967518E-002
   5.2829240646086042        3.3810714013313388        2.2552526274806528E-002
   5.2843992704333953        3.3820155330586181        2.2541355360286376E-002
   5.2858450775661376        3.3829408496224183        2.2530414776578331E-002
   5.2872626164025496        3.3838480744774020        2.2519695506484878E-002
   5.2886529537261024        3.3847378903645806        2.2509189046509392E-002
   5.2900170973844087        3.3856109423054490        2.2498887368738285E-002
   5.2913560005347167        3.3864678403210697        2.2488782886252289E-002
   5.2926705655219646        3.3873091619130085        2.2478868421568692E-002
   5.2939616474177225        3.3881354543264917        2.2469137177865223E-002
   5.2952300572571511        3.3889472366234985        2.2459582712667656E-002
   5.2964765650005381        3.3897450015792661        2.2450198913791387E-002
   5.2977019022564225        3.3905292174227792        2.2440979977249788E-002
   5.2989067647791703        3.3913003294373070        2.2431920386989011E-002
   5.3000918147669305        3.3920587614283972        2.2423014896270493E-002
   5.3012576829771723        3.3928049170841055        2.2414258510511560E-002
   5.3024049706901719        3.3935391812206053        2.2405646471433886E-002
   5.3035342515020423        3.3942619209386047        2.2397174242520555E-002
   5.3046460729909244        3.3949734866924537        2.2388837495533529E-002
   5.3057409582787249        3.3956742132771653        2.2380632097946308E-002
   5.3068194074466959        3.3963644207444386        2.2372554101468326E-002
   5.3078818988721777        3.3970444152563521        2.2364599731266671E-002
   5.3089288904632053        3.3977144898741645        2.2356765376011802E-002
   5.3099608208031963        3.3983749252921718        2.2349047578642891E-002
   5.3109781102229698        3.3990259905216429        2.2341443027739119E-002
   5.3119811617984194        3.3996679435300652        2.2333948549483854E-002
   5.3129703622735445        3.4003010318351561        2.2326561100220740E-002
   5.3139460829367771        3.4009254930590198        2.2319277759431867E-002
   5.3149086804243080        3.4015415554506236        2.2312095723246304E-002
   5.3158584974820418        3.4021494383680366        2.2305012298337326E-002
   5.3167958636759094        3.4027493527315769        2.2298024896222214E-002
   5.3177210960542345        3.4033415014537556        2.2291131027922798E-002
   5.3186344997780006        3.4039260798364919        2.2284328298932593E-002
   5.3195363686997412        3.4045032759464799        2.2277614404553839E-002
   5.3204269859177362        3.4050732709653611        2.2270987125472527E-002
   5.3213066242903420        3.4056362395242648        2.2264444323617759E-002
   5.3221755469262906        3.4061923500118474        2.2257983938256797E-002
   5.3230340076401523        3.4067417648676268        2.2251603982341557E-002
   5.3238822513805033        3.4072846408622035        2.2245302539060059E-002
   5.3247205146448024        3.4078211293501210        2.2239077758565751E-002
   5.3255490258565592        3.4083513765241462        2.2232927854915343E-002
   5.3263680057259295        3.4088755236395833        2.2226851103208347E-002
   5.3271776675976632        3.4093937072375611        2.2220845836809326E-002
   5.3279782177737900        3.4099060593506190        2.2214910444774489E-002
   5.3287698558175567        3.4104127076988746        2.2209043369419621E-002
   5.3295527748414084        3.4109137758746026        2.2203243104021185E-002
   5.3303271617832566        3.4114093835170145        2.2197508190621593E-002
   5.3310931976674372        3.4118996464826949        2.2191837217938486E-002
   5.3318510578464240        3.4123846769975046        2.2186228819445923E-002
   5.3326009122398244        3.4128645838095792        2.2180681671474006E-002
   5.3333429255524107        3.4133394723302461        2.2175194491466575E-002
   5.3340772574885529        3.4138094447687490        2.2169766036285524E-002
   5.3348040629456728        3.4142746002606206        2.2164395100653066E-002
   5.3355234922099504        3.4147350349895524        2.2159080515610073E-002
   5.3362356911358724        3.4151908423015911        2.2153821147090715E-002
   5.3369408013180575        3.4156421128181487        2.2148615894546957E-002
   5.3376389602547878        3.4160889345363699        2.2143463689663998E-002
   5.3383303015027037        3.4165313929349361        2.2138363495108594E-002
   5.3390149548310317        3.4169695710643144        2.2133314303336489E-002
   5.3396930463548173        3.4174035496393800        2.2128315135506095E-002
   5.3403646986769004        3.4178334071260581        2.2123365040370404E-002
   5.3410300310160501        3.4182592198227661        2.2118463093262639E-002
   5.3416891593272045        3.4186810619417130        2.2113608395127195E-002
   5.3423421964208639        3.4190990056805695        2.2108800071590662E-002
   5.3429892520741618        3.4195131212977161        2.2104037272067507E-002
   5.3436304331410378        3.4199234771801414        2.2099319168898252E-002
   5.3442658436518160        3.4203301399066670        2.2094644956561289E-002
   5.3448955849137638        3.4207331743141101        2.2090013850872628E-002
   5.3455197556048155        3.4211326435557221        2.2085425088249670E-002
   5.3461384518616937        3.4215286091599966        2.2080877925005449E-002
   5.3467517673672127        3.4219211310839630        2.2076371636667830E-002
   5.3473597934359161        3.4223102677679513        2.2071905517304789E-002
   5.3479626190869949        3.4226960761850882        2.2067478878935596E-002
   5.3485603311254071        3.4230786118892995        2.2063091050906269E-002
   5.3491530142110797        3.4234579290640950        2.2058741379326390E-002
   5.3497407509319981        3.4238340805651153        2.2054429226508306E-002
   5.3503236218680090        3.4242071179636584        2.2050153970453085E-002
   5.3509017056573818        3.4245770915885632        2.2045915004329245E-002
   5.3514750790578756        3.4249440505635245        2.2041711735996842E-002
   5.3520438170051179        3.4253080428494020        2.2037543587530399E-002
   5.3526079926705084        3.4256691152752516        2.2033409994783260E-002
   5.3531676775170087        3.4260273135774493        2.2029310406937282E-002
   5.3537229413508260        3.4263826824311425        2.2025244286100806E-002
   5.3542738523724660        3.4267352654842949        2.2021211106902371E-002
   5.3548204772222538        3.4270851053888687        2.2017210356123935E-002
   5.3553628810332388        3.4274322438280302        2.2013241532310022E-002
   5.3559011274708554        3.4277767215480885        2.2009304145430994E-002
   5.3564352787804834        3.4281185783864934        2.2005397716519447E-002
   5.3569653958277392        3.4284578532968499        2.2001521777355156E-002
   5.3574915381381718        3.4287945843750625        2.1997675870150338E-002
   5.3580137639355936        3.4291288088857783        2.1993859547241833E-002
   5.3585321301834581        3.4294605632835897        2.1990072370785766E-002
   5.3590466926150304        3.4297898832401890        2.1986313912491357E-002
   5.3595575057742399        3.4301168036620364        2.1982583753331585E-002
   5.3600646230458810        3.4304413587151874        2.1978881483286129E-002
   5.3605680966882723        3.4307635818462252        2.1975206701085048E-002
   5.3610679778659991        3.4310835057994331        2.1971559013965355E-002
   5.3615643166785389        3.4314011626391232        2.1967938037432314E-002
   5.3620571621909923        3.4317165837674577        2.1964343395025489E-002
   5.3625465624619393        3.4320297999405618        2.1960774718105914E-002
   5.3630325645696599        3.4323408412893679        2.1957231645636566E-002
   5.3635152146397544        3.4326497373338403        2.1953713823978191E-002
   5.3639945578707851        3.4329565170011955        2.1950220906682534E-002
   5.3644706385561634        3.4332612086398671        2.1946752554319670E-002
   5.3649435001123189        3.4335638400359678        2.1943308434265001E-002
   5.3654131850987135        3.4338644384274213        2.1939888220536666E-002
   5.3658797352412257        3.4341630305191084        2.1936491593612543E-002
   5.3663431914537387        3.4344596424943075        2.1933118240269320E-002
   5.3668035938572789        3.4347543000329610        2.1929767853411917E-002
   5.3672609818039323        3.4350470283183334        2.1926440131917149E-002
   5.3677153938915287        3.4353378520544662        2.1923134780489694E-002
   5.3681668679881227        3.4356267954760602        2.1919851509492851E-002
   5.3686154412452201        3.4359138823601660        2.1916590034831800E-002
   5.3690611501196948        3.4361991360392836        2.1913350077787729E-002
   5.3695040303874224        3.4364825794106011        2.1910131364907694E-002
   5.3699441171627393        3.4367642349473861        2.1906933627857731E-002
   5.3703814449152834        3.4370441247086694        2.1903756603295330E-002
   5.3708160474812079        3.4373222703510531        2.1900600032764263E-002
   5.3712479580842993        3.4375986931367724        2.1897463662550961E-002
   5.3716772093456511        3.4378734139439016        2.1894347243593106E-002
   5.3721038333001419        3.4381464532752624        2.1891250531357632E-002
   5.3725278614124621        3.4384178312674165        2.1888173285721142E-002
   5.3729493245863411        3.4386875676994082        2.1885115270886286E-002
   5.3733682531818303        3.4389556820002687        2.1882076255261076E-002
   5.3737846770245072        3.4392221932596216        2.1879056011369732E-002
   5.3741986254200143        3.4394871202327328        2.1876054315754626E-002
   5.3746101271662470        3.4397504813503348        2.1873070948874807E-002
   5.3750192105625976        3.4400122947236200        2.1870105695035745E-002
   5.3754259034241434        3.4402725781549441        2.1867158342275105E-002
   5.3758302330915839        3.4405313491421059        2.1864228682291674E-002
   5.3762322264405844        3.4407886248850801        2.1861316510369454E-002
   5.3766319098953632        3.4410444222954588        2.1858421625271195E-002
   5.3770293094345831        3.4412987580002277        2.1855543829190336E-002
   5.3774244506053428        3.4415516483495647        2.1852682927648213E-002
   5.3778173585292235        3.4418031094212784        2.1849838729443304E-002
   5.3782080579147795        3.4420531570282740        2.1847011046557573E-002
   5.3785965730643932        3.4423018067239513        2.1844199694098725E-002
   5.3789829278843735        3.4425490738084017        2.1841404490223305E-002
   5.3793671458901491        3.4427949733322718        2.1838625256092786E-002
   5.3797492502205913        3.4430395201042372        2.1835861815771077E-002
   5.3801292636418383        3.4432827286936751        2.1833113996191807E-002
   5.3805072085556063        3.4435246134387811        2.1830381627084859E-002
   5.3808831070072971        3.4437651884483884        2.1827664540924673E-002
   5.3812569806951194        3.4440044676082908        2.1824962572858805E-002
   5.3816288509744519        3.4442424645871119        2.1822275560662362E-002
   5.3819987388669110        3.4444791928381173        2.1819603344681835E-002
   5.3823666650662068        3.4447146656057743        2.1816945767779882E-002
   5.3827326499465347        3.4449488959294707        2.1814302675276551E-002
   5.3830967135678014        3.4451818966471408        2.1811673914907133E-002
   5.3834588756821988        3.4454136803996920        2.1809059336770562E-002
   5.3838191557394444        3.4456442596362113        2.1806458793282225E-002
   5.3841775728954149        3.4458736466158211        2.1803872139120432E-002
   5.3845341460153202        3.4461018534129932        2.1801299231189602E-002
   5.3848888936832031        3.4463288919204147        2.1798739928559192E-002
   5.3852418342025219        3.4465547738529412        2.1796194092444789E-002
   5.3855929856059550        3.4467795107505954        2.1793661586145187E-002
   5.3859423656572156        3.4470031139840809        2.1791142275012214E-002
   5.3862899918605542        3.4472255947541601        2.1788636026401399E-002
   5.3866358814617792        3.4474469640990244        2.1786142709639925E-002
   5.3869800514560637        3.4476672328952529        2.1783662195980925E-002
   5.3873225185904854        3.4478864118615768        2.1781194358575621E-002
   5.3876632993715781        3.4481045115608673        2.1778739072425678E-002
   5.3880024100665453        3.4483215424057247        2.1776296214356349E-002
   5.3883398667103064        3.4485375146575192        2.1773865662981125E-002
   5.3886756851096109        3.4487524384329626        2.1771447298656946E-002
   5.3890098808465021        3.4489663237044397        2.1769041003463122E-002
   5.3893424692841903        3.4491791803039189        2.1766646661156366E-002
   5.3896734655670206        3.4493910179248530        2.1764264157162538E-002
   5.3900028846305759        3.4496018461254074        2.1761893378512420E-002
   5.3903307412009216        3.4498116743308005        2.1759534213835832E-002
   5.3906570498003870        3.4500205118345022        2.1757186553326206E-002
   5.3909818247507850        3.4502283678023882        2.1754850288708601E-002
   5.3913050801765623        3.4504352512751879        2.1752525313213721E-002
   5.3916268300094927        3.4506411711684573        2.1750211521552154E-002
   5.3919470879919391        3.4508461362776410        2.1747908809879382E-002
   5.3922658676800372        3.4510501552782267        2.1745617075777223E-002
   5.3925831824468169        3.4512532367288169        2.1743336218226161E-002
   5.3928990454847270        3.4514553890730792        2.1741066137584364E-002
   5.3932134698115357        3.4516566206419199        2.1738806735548843E-002
   5.3935264682695383        3.4518569396550838        2.1736557915152620E-002
   5.3938380535326367        3.4520563542232461        2.1734319580720245E-002
   5.3941482381062276        3.4522548723503235        2.1732091637859222E-002
   5.3944570343325564        3.4524525019352157        2.1729873993425557E-002
   5.3947644543912912        3.4526492507729927        2.1727666555515435E-002
   5.3950705103037038        3.4528451265565745        2.1725469233437007E-002
   5.3953752139339333        3.4530401368804364        2.1723281937690402E-002
   5.3956785769961249        3.4532342892401360        2.1721104579931556E-002
   5.3959806110504358        3.4534275910349157        2.1718937072982662E-002
   5.3962813275095591        3.4536200495692340        2.1716779330792663E-002
   5.3965807376428359        3.4538116720540124        2.1714631268410903E-002
   5.3968788525729510        3.4540024656096304        2.1712492801992930E-002
   5.3971756832850435        3.4541924372653292        2.1710363848754823E-002
   5.3974712406238323        3.4543815939621441        2.1708244326976992E-002
   5.3977655352988103        3.4545699425542802        2.1706134155972147E-002
   5.3980585778860890        3.4547574898099587        2.1704033256071904E-002
   5.3983503788287202        3.4549442424134917        2.1701941548617282E-002
   5.3986409484417175        3.4551302069655816        2.1699858955931055E-002
   5.3989302969122868        3.4553153899865783        2.1697785401304865E-002
   5.3992184343025187        3.4554997979162283        2.1695720808985276E-002
   5.3995053705510427        3.4556834371149008        2.1693665104160296E-002
   5.3997911154753844        3.4558663138662542        2.1691618212937740E-002
   5.4000756787737920        3.4560484343774203        2.1689580062334228E-002
   5.4003590700277568        3.4562298047799089        2.1687550580258536E-002
   5.4006412987030332        3.4564104311321926        2.1685529695496985E-002
   5.4009223741523291        3.4565903194193464        2.1683517337699999E-002
   5.4012023056148175        3.4567694755553391        2.1681513437376187E-002
   5.4014811022209299        3.4569479053836063        2.1679517925865231E-002
   5.4017587729932428        3.4571256146780875        2.1677530735329107E-002
   5.4020353268475834        3.4573026091447225        2.1675551798740748E-002
   5.4023107725936379        3.4574788944222070        2.1673581049877579E-002
   5.4025851189393368        3.4576544760836816        2.1671618423292981E-002
   5.4028583744897345        3.4578293596357943        2.1669663854324159E-002
   5.4031305477503766        3.4580035505227182        2.1667717279061204E-002
   5.4034016471287316        3.4581770541249406        2.1665778634342960E-002
   5.4036716809339618        3.4583498757604092        2.1663847857753663E-002
   5.4039406573804198        3.4585220206863565        2.1661924887598525E-002
   5.4042085845892327        3.4586934940999319        2.1660009662892915E-002
   5.4044754705868456        3.4588643011385893        2.1658102123367714E-002
   5.4047413233112005        3.4590344468816223        2.1656202209432294E-002
   5.4050061506074654        3.4592039363509830        2.1654309862192783E-002
   5.4052699602332268        3.4593727745116261        2.1652425023423977E-002
   5.4055327598597156        3.4595409662725332        2.1650547635559063E-002
   5.4057945570711849        3.4597085164879466        2.1648677641688124E-002
   5.4060553593672509        3.4598754299576742        2.1646814985544622E-002
   5.4063151741651918        3.4600417114285196        2.1644959611488476E-002
   5.4065740087995051        3.4602073655945613        2.1643111464506759E-002
   5.4068318705237131        3.4603723970978741        2.1641270490201585E-002
   5.4070887665114693        3.4605368105299124        2.1639436634779421E-002
   5.4073447038574232        3.4607006104310809        2.1637609845047479E-002
   5.4075996895794045        3.4608638012929882        2.1635790068394792E-002
   5.4078537306179060        3.4610263875577711        2.1633977252796407E-002
   5.4081068338402272        3.4611883736198701        2.1632171346786126E-002
   5.4083590060377000        3.4613497638260049        2.1630372299470051E-002
   5.4086102539284662        3.4615105624762541        2.1628580060508464E-002
   5.4088605841593305        3.4616707738240162        2.1626794580106086E-002
   5.4091100033058330        3.4618304020779442        2.1625015809004878E-002
   5.4093585178731889        3.4619894514016640        2.1623243698479681E-002
   5.4096061342989596        3.4621479259143668        2.1621478200322300E-002
   5.4098528589511199        3.4623058296916103        2.1619719266848168E-002
   5.4100986981302635        3.4624631667663226        2.1617966850881465E-002
   5.4103436580715636        3.4626199411289278        2.1616220905744291E-002
   5.4105877449454090        3.4627761567278958        2.1614481385251221E-002
   5.4108309648567392        3.4629318174713619        2.1612748243706952E-002
   5.4110733238473872        3.4630869272257194        2.1611021435898551E-002
   5.4113148278977468        3.4632414898178641        2.1609300917079320E-002
   5.4115554829245784        3.4633955090348492        2.1607586642980556E-002
   5.4117952947845840        3.4635489886250319        2.1605878569789350E-002
   5.4120342692741099        3.4637019322985658        2.1604176654148086E-002
   5.4122724121311823        3.4638543437270415        2.1602480853144854E-002
   5.4125097290345598        3.4640062265450262        2.1600791124312874E-002
   5.4127462256048995        3.4641575843501111        2.1599107425624060E-002
   5.4129819074075822        3.4643084207040040        2.1597429715470809E-002
   5.4132167799502726        3.4644587391313091        2.1595757952681864E-002
   5.4134508486861366        3.4646085431222788        2.1594092096496806E-002
   5.4136841190138982        3.4647578361317888        2.1592432106568690E-002
   5.4139165962776854        3.4649066215803970        2.1590777942961048E-002
   5.4141482857679106        3.4650549028543556        2.1589129566143010E-002
   5.4143791927246099        3.4652026833064453        2.1587486936969422E-002
   5.4146093223335443        3.4653499662561797        2.1585850016699496E-002
   5.4148386797307539        3.4654967549904185        2.1584218766971513E-002
   5.4150672700019404        3.4656430527639697        2.1582593149803628E-002
   5.4152950981824670        3.4657888627993678        2.1580973127594272E-002
   5.4155221692581712        3.4659341882880783        2.1579358663113828E-002
   5.4157484881673810        3.4660790323900619        2.1577749719495536E-002
   5.4159740598006820        3.4662233982351647        2.1576146260231879E-002
   5.4161988890000767        3.4663672889226729        2.1574548249179919E-002
   5.4164229805617774        3.4665107075222821        2.1572955650543780E-002
   5.4166463392357498        3.4666536570734481        2.1571368428878777E-002
   5.4168689697256633        3.4667961405871450        2.1569786549085628E-002
   5.4170908766918329        3.4669381610460044        2.1568209976394952E-002
   5.4173120647495434        3.4670797214030582        2.1566638676379438E-002
   5.4175325384705726        3.4672208245842704        2.1565072614937706E-002
   5.4177523023825129        3.4673614734878648        2.1563511758299663E-002
   5.4179713609710678        3.4675016709844528        2.1561956073014196E-002
   5.4181897186795522        3.4676414199179462        2.1560405525948494E-002
   5.4184073799097829        3.4677807231052777        2.1558860084284186E-002
   5.4186243490221635        3.4679195833373035        2.1557319715513768E-002
   5.4188406303367538        3.4680580033787116        2.1555784387435200E-002
   5.4190562281339254        3.4681959859687144        2.1554254068146178E-002
   5.4192711466538501        3.4683335338211472        2.1552728726046098E-002
   5.4194853900973454        3.4684706496247588        2.1551208329830627E-002
   5.4196989626270966        3.4686073360436915        2.1549692848483772E-002
   5.4199118683673229        3.4687435957173745        2.1548182251279642E-002
   5.4201241114047880        3.4688794312613829        2.1546676507774375E-002
   5.4203356957892268        3.4690148452673237        2.1545175587804118E-002
   5.4205466255328041        3.4691498403029142        2.1543679461487285E-002
   5.4207569046120652        3.4692844189133965        2.1542188099209918E-002
   5.4209665369670024        3.4694185836206479        2.1540701471633093E-002
   5.4211755265022248        3.4695523369234409        2.1539219549685910E-002
   5.4213838770881084        3.4696856812984596        2.1537742304556275E-002
   5.4215915925594791        3.4698186192001668        2.1536269707697692E-002
   5.4217986767175113        3.4699511530612397        2.1534801730818152E-002
   5.4220051333293515        3.4700832852924330        2.1533338345882221E-002
   5.4222109661277385        3.4702150182833855        2.1531879525110171E-002
   5.4224161788138172        3.4703463544024760        2.1530425240964081E-002
   5.4226207750548703        3.4704772959968695        2.1528975466158933E-002
   5.4228247584874829        3.4706078453934959        2.1527530173643301E-002
   5.4230281327152756        3.4707380048990828        2.1526089336610502E-002
   5.4232309013098172        3.4708677767994485        2.1524652928496067E-002
   5.4234330678124518        3.4709971633612087        2.1523220922962900E-002
   5.4236346357333343        3.4711261668305067        2.1521793293910008E-002
   5.4238356085521326        3.4712547894345231        2.1520370015463943E-002
   5.4240359897192771        3.4713830333813118        2.1518951061972894E-002
   5.4242357826538887        3.4715109008594558        2.1517536408018002E-002
   5.4244349907472209        3.4716383940390054        2.1516126028392896E-002
   5.4246336173604037        3.4717655150713114        2.1514719898115386E-002
   5.4248316658258560        3.4718922660894047        2.1513317992418981E-002
   5.4250291394484957        3.4720186492078291        2.1511920286747189E-002
   5.4252260415045832        3.4721446665233771        2.1510526756756788E-002
   5.4254223752420199        3.4722703201152791        2.1509137378315578E-002
   5.4256181438820921        3.4723956120446653        2.1507752127495176E-002
   5.4258133506184860        3.4725205443558353        2.1506370980571732E-002
   5.4260079986184779        3.4726451190755356        2.1504993914022129E-002
   5.4262020910221320        3.4727693382138596        2.1503620904524966E-002
   5.4263956309441905        3.4728932037637055        2.1502251928952658E-002
   5.4265886214720211        3.4730167177014883        2.1500886964379309E-002
   5.4267810656685640        3.4731398819874890        2.1499525988064646E-002
   5.4269729665706343        3.4732626985649557        2.1498168977465298E-002
   5.4271643271907815        3.4733851693616944        2.1496815910220197E-002
   5.4273551505157744        3.4735072962896969        2.1495466764159261E-002
   5.4275454395080960        3.4736290812449520        2.1494121517296339E-002
   5.4277351971061902        3.4737505261079575        2.1492780147826209E-002
   5.4279244262243580        3.4738716327435286        2.1491442634125578E-002
   5.4281131297531733        3.4739924030020055        2.1490108954746987E-002
   5.4283013105592035        3.4741128387180042        2.1488779088424087E-002
   5.4284889714864661        3.4742329417114450        2.1487453014060937E-002
   5.4286761153549197        3.4743527137873529        2.1486130710740025E-002
   5.4288627449633076        3.4744721567368737        2.1484812157704675E-002
   5.4290488630867717        3.4745912723356827        2.1483497334376010E-002
   5.4292344724777797        3.4747100623462113        2.1482186220340971E-002
   5.4294195758684189        3.4748285285160549        2.1480878795345857E-002
   5.4296041759666434        3.4749466725788083        2.1479575039312342E-002
   5.4297882754609716        3.4750644962554049        2.1478274932309475E-002
   5.4299718770172571        3.4751820012513317        2.1476978454578743E-002
   5.4301549832807892        3.4752991892598550        2.1475685586513034E-002
   5.4303375968756420        3.4754160619607788        2.1474396308663806E-002
   5.4305197204057336        3.4755326210197244        2.1473110601737944E-002
   5.4307013564538353        3.4756488680904756        2.1471828446595131E-002
   5.4308825075827922        3.4757648048128931        2.1470549824248297E-002
   5.4310631763357176        3.4758804328142312        2.1469274715858321E-002
   5.4312433652343293        3.4759957537095989        2.1468003102740767E-002
   5.4314230767826883        3.4761107691007305        2.1466734966351025E-002
   5.4316023134650209        3.4762254805772885        2.1465470288290930E-002
   5.4317810777452369        3.4763398897168147        2.1464209050311222E-002
   5.4319593720693007        3.4764539980843430        2.1462951234300819E-002
   5.4321371988640665        3.4765678072328527        2.1461696822291106E-002
   5.4323145605367937        3.4766813187035512        2.1460445796457353E-002
   5.4324914594781584        3.4767945340259847        2.1459198139103203E-002
   5.4326678980589316        3.4769074547178187        2.1457953832677876E-002
   5.4328438786324806        3.4770200822851152        2.1456712859762715E-002
   5.4330194035346047        3.4771324182222765        2.1455475203072050E-002
   5.4331944750825487        3.4772444640129803        2.1454240845455094E-002
   5.4333690955766540        3.4773562211291287        2.1453009769890931E-002
   5.4335432672992070        3.4774676910316149        2.1451781959491725E-002
   5.4337169925164073        3.4775788751707544        2.1450557397491445E-002
   5.4338902734762318        3.4776897749852385        2.1449336067259777E-002
   5.4340631124105609        3.4778003919032221        2.1448117952287932E-002
   5.4342355115348377        3.4779107273424206        2.1446903036189974E-002
   5.4344074730465985        3.4780207827102076        2.1445691302709759E-002
   5.4345789991283926        3.4781305594025755        2.1444482735709560E-002
   5.4347500919459790        3.4782400588061799        2.1443277319172515E-002
   5.4349207536502560        3.4783492822968141        2.1442075037197729E-002
   5.4350909863743402        3.4784582312401504        2.1440875874012440E-002
   5.4352607922364573        3.4785669069919951        2.1439679813956700E-002
   5.4354301733399195        3.4786753108978967        2.1438486841484621E-002
   5.4355991317713421        3.4787834442940389        2.1437296941170421E-002
   5.4357676696033472        3.4788913085063689        2.1436110097697532E-002
   5.4359357888924631        3.4789989048513261        2.1434926295866793E-002
   5.4361034916808562        3.4791062346359296        2.1433745520587369E-002
   5.4362707799953531        3.4792132991572267        2.1432567756883372E-002
   5.4364376558490024        3.4793200997034921        2.1431392989882125E-002
   5.4366041212388261        3.4794266375533587        2.1430221204828129E-002
   5.4367701781492785        3.4795329139759028        2.1429052387065418E-002
   5.4369358285493652        3.4796389302318325        2.1427886522048096E-002
   5.4371010743935679        3.4797446875721474        2.1426723595339949E-002
   5.4372659176238534        3.4798501872394798        2.1425563592600005E-002
   5.4374303601666556        3.4799554304670739        2.1424406499600888E-002
   5.4375944039361377        3.4800604184794923        2.1423252302210118E-002
   5.4377580508319596        3.4801651524926935        2.1422100986400992E-002
   5.4379213027401869        3.4802696337141081        2.1420952538247738E-002
   5.4380841615344941        3.4803738633424026        2.1419806943920185E-002
   5.4382466290747260        3.4804778425680203        2.1418664189689171E-002
   5.4384087072071710        3.4805815725729459        2.1417524261925849E-002
   5.4385703977662248        3.4806850545306229        2.1416387147093607E-002
   5.4387317025723370        3.4807882896064917        2.1415252831756521E-002
   5.4388926234339765        3.4808912789579041        2.1414121302569769E-002
   5.4390531621463545        3.4809940237340409        2.1412992546286213E-002
   5.4392133204932236        3.4810965250761354        2.1411866549746635E-002
   5.4393731002449908        3.4811987841173888        2.1410743299889377E-002
   5.4395325031603559        3.4813008019830392        2.1409622783741877E-002
   5.4396915309850424        3.4814025797908874        2.1408504988425288E-002
   5.4398501854537331        3.4815041186507520        2.1407389901146500E-002
   5.4400084682883438        3.4816054196646902        2.1406277509205957E-002
   5.4401663811993419        3.4817064839278200        2.1405167799988467E-002
   5.4403239258861502        3.4818073125273226        2.1404060760964249E-002
   5.4404811040355767        3.4819079065426592        2.1402956379696074E-002
   5.4406379173228263        3.4820082670465413        2.1401854643831032E-002
   5.4407943674126527        3.4821083951039338        2.1400755541097962E-002
   5.4409504559576440        3.4822082917728725        2.1399659059313278E-002
   5.4411061845998239        3.4823079581037719        2.1398565186375212E-002
   5.4412615549695440        3.4824073951406862        2.1397473910265218E-002
   5.4414165686866269        3.4825066039197208        2.1396385219047295E-002
   5.4415712273601553        3.4826055854705880        2.1395299100864060E-002
   5.4417255325875198        3.4827043408162144        2.1394215543942659E-002
   5.4418794859564485        3.4828028709722041        2.1393134536586346E-002
   5.4420330890430115        3.4829011769477880        2.1392056067181330E-002
   5.4421863434137867        3.4829992597451374        2.1390980124188129E-002
   5.4423392506241681        3.4830971203598642        2.1389906696148389E-002
   5.4424918122196377        3.4831947597809290        2.1388835771678747E-002
   5.4426440297354040        3.4832921789911371        2.1387767339471033E-002
   5.4427959046961938        3.4833893789660131        2.1386701388296857E-002
   5.4429474386167769        3.4834863606751805        2.1385637907000533E-002
   5.4430986330026343        3.4835831250822640        2.1384576884496031E-002
   5.4432494893482799        3.4836796731434774        2.1383518309779800E-002
   5.4434000091390997        3.4837760058097249        2.1382462171914841E-002
   5.4435501938509905        3.4838721240251895        2.1381408460036999E-002
   5.4437000449494173        3.4839680287281132        2.1380357163357105E-002
   5.4438495638906605        3.4840637208505556        2.1379308271155497E-002
   5.4439987521218889        3.4841592013185876        2.1378261772781015E-002
   5.4441476110806537        3.4842544710521968        2.1377217657653758E-002
   5.4442961421949683        3.4843495309651904        2.1376175915264976E-002
   5.4444443468836710        3.4844443819659658        2.1375136535172742E-002
   5.4445922265567868        3.4845390249568347        2.1374099507002316E-002
   5.4447397826150228        3.4846334608340714        2.1373064820448404E-002
   5.4448870164501306        3.4847276904886781        2.1372032465270939E-002
   5.4450339294451195        3.4848217148054252        2.1371002431296963E-002
   5.4451805229738977        3.4849155346639002        2.1369974708419132E-002
   5.4453267984017701        3.4850091509378358        2.1368949286595246E-002
   5.4454727570856525        3.4851025644954410        2.1367926155846158E-002
   5.4456184003729984        3.4851957761994448        2.1366905306260908E-002
   5.4457637296030086        3.4852887869069975        2.1365886727991008E-002
   5.4459087461075448        3.4853815974698557        2.1364870411245233E-002
   5.4460534512085044        3.4854742087345656        2.1363856346302102E-002
   5.4461978462204339        3.4855666215422230        2.1362844523497584E-002
   5.4463419324490410        3.4856588367286552        2.1361834933231898E-002
   5.4464857111923850        3.4857508551243224        2.1360827565963861E-002
   5.4466291837399563        3.4858426775546389        2.1359822412214419E-002
   5.4467723513733022        3.4859343048400140        2.1358819462563385E-002
   5.4469152153663671        3.4860257377954689        2.1357818707648885E-002
   5.4470577769844359        3.4861169772310996        2.1356820138171168E-002
   5.4472000374855929        3.4862080239518347        2.1355823744886048E-002
   5.4473419981199447        3.4862988787577529        2.1354829518607749E-002
   5.4474836601298184        3.4863895424439830        2.1353837450208198E-002
   5.4476250247496827        3.4864800158007405        2.1352847530617260E-002
   5.4477660932067620        3.4865702996132271        2.1351859750819976E-002
   5.4479068667206780        3.4866603946620836        2.1350874101856911E-002
   5.4480473465033672        3.4867503017228723        2.1349890574826128E-002
   5.4481875337594179        3.4868400215666675        2.1348909160879625E-002
   5.4483274296862616        3.4869295549595392        2.1347929851224020E-002
   5.4484670354735396        3.4870189026634137        2.1346952637120886E-002
   5.4486063523043979        3.4871080654351467        2.1345977509883284E-002
   5.4487453813538931        3.4871970440269715        2.1345004460882184E-002
   5.4488841237912373        3.4872858391866699        2.1344033481534786E-002
   5.4490225807771191        3.4873744516576068        2.1343064563317641E-002
   5.4491607534663480        3.4874628821787623        2.1342097697753453E-002
   5.4492986430060002        3.4875511314842211        2.1341132876421798E-002
   5.4494362505371026        3.4876392003041592        2.1340170090947675E-002
   5.4495735771930525        3.4877270893639238        2.1339209333012199E-002
   5.4497106241006223        3.4878147993848825        2.1338250594344917E-002
   5.4498473923801418        3.4879023310837751        2.1337293866724928E-002
   5.4499838831450083        3.4879896851732894        2.1336339141981454E-002
   5.4501200975021389        3.4880768623619556        2.1335386411991900E-002
   5.4502560365514849        3.4881638633537735        2.1334435668685443E-002
   5.4503917013875549        3.4882506888489173        2.1333486904033184E-002
   5.4505270930970466        3.4883373395429600        2.1332540110062356E-002
   5.4506622127610420        3.4884238161278422        2.1331595278842340E-002
   5.4507970614542485        3.4885101192913663        2.1330652402489977E-002
   5.4509316402447778        3.4885962497170921        2.1329711473170990E-002
   5.4510659501940628        3.4886822080847675        2.1328772483099015E-002
   5.4511999923582319        3.4887679950699582        2.1327835424529928E-002
   5.4513337677866911        3.4888536113440769        2.1326900289768753E-002
   5.4514672775229664        3.4889390575752084        2.1325967071162858E-002
   5.4516005226046129        3.4890243344273406        2.1325035761104793E-002
   5.4517335040622044        3.4891094425602622        2.1324106352037648E-002
   5.4518662229214891        3.4891943826302518        2.1323178836442119E-002
   5.4519986802018483        3.4892791552897080        2.1322253206845308E-002
   5.4521308769167351        3.4893637611871777        2.1321329455818432E-002
   5.4522628140734550        3.4894482009676460        2.1320407575976991E-002
   5.4523944926742551        3.4895324752721688        2.1319487559976494E-002
   5.4525259137151876        3.4896165847382923        2.1318569400516733E-002
   5.4526570781866726        3.4897005299999488        2.1317653090339315E-002
   5.4527879870730187        3.4897843116870906        2.1316738622231185E-002
   5.4529186413536364        3.4898679304264988        2.1315825989016008E-002
   5.4530490420015152        3.4899513868411569        2.1314915183563692E-002
   5.4531791899852129        3.4900346815507959        2.1314006198778771E-002
   5.4533090862666862        3.4901178151708820        2.1313099027614364E-002
   5.4534387318028896        3.4902007883140675        2.1312193663059618E-002
   5.4535681275455508        3.4902836015893084        2.1311290098143587E-002
   5.4536972744409500        3.4903662556025341        2.1310388325934213E-002
   5.4538261734297020        3.4904487509553817        2.1309488339543367E-002
   5.4539548254478216        3.4905310882466392        2.1308590132117007E-002
   5.4540832314248338        3.4906132680718809        2.1307693696845636E-002
   5.4542113922863793        3.4906952910231057        2.1306799026952556E-002
   5.4543393089520666        3.4907771576891453        2.1305906115703196E-002
   5.4544669823365366        3.4908588686551756        2.1305014956401330E-002
   5.4545944133497528        3.4909404245036342        2.1304125542384780E-002
   5.4547216028961412        3.4910218258130934        2.1303237867033153E-002
   5.4548485518750098        3.4911030731596862        2.1302351923761276E-002
   5.4549752611809641        3.4911841671155988        2.1301467706021891E-002
   5.4551017317039419        3.4912651082502388        2.1300585207301735E-002
   5.4552279643284844        3.4913458971298752        2.1299704421126317E-002
   5.4553539599344045        3.4914265343176591        2.1298825341056492E-002
   5.4554797193964415        3.4915070203733931        2.1297947960690889E-002
   5.4556052435846736        3.4915873558540578        2.1297072273662194E-002
   5.4557305333649255        3.4916675413134541        2.1296198273636234E-002
   5.4558555895976699        3.4917475773023505        2.1295325954316952E-002
   5.4559804131386889        3.4918274643687535        2.1294455309442240E-002
   5.4561050048393565        3.4919072030570506        2.1293586332785244E-002
   5.4562293655461680        3.4919867939094100        2.1292719018152252E-002
   5.4563534961013982        3.4920662374646727        2.1291853359382922E-002
   5.4564773973421321        3.4921455342587473        2.1290989350353798E-002
   5.4566010701014189        3.4922246848245067        2.1290126984972946E-002
   5.4567245152071822        3.4923036896924287        2.1289266257183269E-002
   5.4568477334842393        3.4923825493896210        2.1288407160955605E-002
   5.4569707257515958        3.4924612644407094        2.1287549690299275E-002
   5.4570934928240931        3.4925398353674839        2.1286693839255046E-002
   5.4572160355128077        3.4926182626883007        2.1285839601895021E-002
   5.4573383546239631        3.4926965469194600        2.1284986972323665E-002
   5.4574604509598279        3.4927746885743596        2.1284135944675996E-002
   5.4575823253180022        3.4928526881633895        2.1283286513121474E-002
   5.4577039784916943        3.4929305461946902        2.1282438671860176E-002
   5.4578254112704858        3.4930082631730626        2.1281592415122480E-002
   5.4579466244393746        3.4930858396012150        2.1280747737169821E-002
   5.4580676187792969        3.4931632759786773        2.1279904632295520E-002
   5.4581883950667853        3.4932405728026743        2.1279063094823730E-002
   5.4583089540748517        3.4933177305676559        2.1278223119106515E-002
   5.4584292965716710        3.4933947497656792        2.1277384699529146E-002
   5.4585494233220739        3.4934716308859368        2.1276547830504193E-002
   5.4586693350863511        3.4935483744152633        2.1275712506475825E-002
   5.4587890326210120        3.4936249808376649        2.1274878721917540E-002
   5.4589085166790525        3.4937014506348207        2.1274046471329227E-002
   5.4590277880087674        3.4937777842859790        2.1273215749243363E-002
   5.4591468473551101        3.4938539822674883        2.1272386550219763E-002
   5.4592656954586269        3.4939300450536619        2.1271558868848094E-002
   5.4593843330563310        3.4940059731161877        2.1270732699745387E-002
   5.4595027608813629        3.4940817669242659        2.1269908037557336E-002
   5.4596209796631365        3.4941574269445046        2.1269084876957816E-002
   5.4597389901270015        3.4942329536414167        2.1268263212648984E-002
   5.4598567929952297        3.4943083474769536        2.1267443039357931E-002
   5.4599743889855992        3.4943836089106419        2.1266624351843139E-002
   5.4600917788122576        3.4944587383998371        2.1265807144889473E-002
   5.4602089631864628        3.4945337363993807        2.1264991413305550E-002
   5.4603259428149320        3.4946086033616153        2.1264177151931855E-002
   5.4604427184010618        3.4946833397366386        2.1263364355633904E-002
   5.4605592906448290        3.4947579459725548        2.1262553019301921E-002
   5.4606756602422211        3.4948324225148952        2.1261743137855463E-002
   5.4607918278864442        3.4949067698072263        2.1260934706235499E-002
   5.4609077942665216        3.4949809882903340        2.1260127719413980E-002
   5.4610235600680301        3.4950550784031864        2.1259322172387053E-002
   5.4611391259731210        3.4951290405823547        2.1258518060176822E-002
   5.4612544926606574        3.4952028752622653        2.1257715377829875E-002
   5.4613696608058868        3.4952765828749768        2.1256914120419555E-002
   5.4614846310803413        3.4953501638506652        2.1256114283044931E-002
   5.4615994041529179        3.4954236186171661        2.1255315860826903E-002
   5.4617139806889607        3.4954969476003415        2.1254518848911559E-002
   5.4618283613500465        3.4955701512233897        2.1253723242473401E-002
   5.4619425467944751        3.4956432299080293        2.1252929036709171E-002
   5.4620565376778742        3.4957161840733444        2.1252136226838504E-002
   5.4621703346519359        3.4957890141366135        2.1251344808107548E-002
   5.4622839383652515        3.4958617205130889        2.1250554775785500E-002
   5.4623973494635658        3.4959343036158939        2.1249766125163713E-002
   5.4625105685886357        3.4960067638558039        2.1248978851561930E-002
   5.4626235963797569        3.4960791016420707        2.1248192950318257E-002
   5.4627364334728581        3.4961513173815075        2.1247408416796388E-002
   5.4628490805004022        3.4962234114790802        2.1246625246384300E-002
   5.4629615380919869        3.4962953843378055        2.1245843434491547E-002
   5.4630738068743616        3.4963672363584148        2.1245062976550284E-002
   5.4631858874707548        3.4964389679400600        2.1244283868016273E-002
   5.4632977805014686        3.4965105794795193        2.1243506104368540E-002
   5.4634094865837834        3.4965820713721274        2.1242729681106812E-002
   5.4635210063320905        3.4966534440109842        2.1241954593753398E-002
   5.4636323403575666        3.4967246977871973        2.1241180837854017E-002
   5.4637434892683068        3.4967958330900069        2.1240408408976726E-002
   5.4638544536696863        3.4968668503067986        2.1239637302710092E-002
   5.4639652341640348        3.4969377498232270        2.1238867514664399E-002
   5.4640758313507680        3.4970085320230000        2.1238099040471664E-002
   5.4641862458268609        3.4970791972875492        2.1237331875784353E-002
   5.4642964781852736        3.4971497459969516        2.1236566016280201E-002
   5.4644065290170145        3.4972201785292563        2.1235801457654174E-002
   5.4645163989097938        3.4972904952608386        2.1235038195623970E-002
   5.4646260884491751        3.4973606965660693        2.1234276225925386E-002
   5.4647355982170058        3.4974307828175535        2.1233515544319272E-002
   5.4648449287927949        3.4975007543861394        2.1232756146584739E-002
   5.4649540807530483        3.4975706116408185        2.1231998028522721E-002
   5.4650630546718499        3.4976403549488473        2.1231241185952692E-002
   5.4651718511202043        3.4977099846758706        2.1230485614715560E-002
   5.4652804706667251        3.4977795011855943        2.1229731310671272E-002
   5.4653889138770904        3.4978489048400219        2.1228978269700726E-002
   5.4654971813140598        3.4979181959996870        2.1228226487704987E-002
   5.4656052735379399        3.4979873750229924        2.1227475960605032E-002
   5.4657131911065964        3.4980564422668921        2.1226726684339545E-002
   5.4658209345751354        3.4981253980867879        2.1225978654866817E-002
   5.4659285044956976        3.4981942428359831        2.1225231868167448E-002
   5.4660359014182518        3.4982629768663602        2.1224486320238323E-002
   5.4661431258899453        3.4983316005281684        2.1223742007096456E-002
   5.4662501784553381        3.4984001141699221        2.1222998924778146E-002
   5.4663570596564197        3.4984685181385213        2.1222257069338512E-002
   5.4664637700325143        3.4985368127793723        2.1221516436851592E-002
   5.4665703101210674        3.4986049984360643        2.1220777023407439E-002
   5.4666766804562252        3.4986730754506006        2.1220038825118408E-002
   5.4667828815699542        3.4987410441634093        2.1219301838113620E-002
   5.4668889139920527        3.4988089049135698        2.1218566058538120E-002
   5.4669947782491768        3.4988766580380548        2.1217831482560123E-002
   5.4671004748659540        3.4989443038727268        2.1217098106362353E-002
   5.4672060043645576        3.4990118427517984        2.1216365926145828E-002
   5.4673113672646112        3.4990792750078414        2.1215634938130303E-002
   5.4674165640833126        3.4991466009719061        2.1214905138553269E-002
   5.4675215953358824        3.4992138209736381        2.1214176523667395E-002
   5.4676264615344898        3.4992809353407424        2.1213449089747448E-002
   5.4677311631895718        3.4993479444000819        2.1212722833080382E-002
   5.4678357008087595        3.4994148484763792        2.1211997749974676E-002
   5.4679400748976512        3.4994816478930959        2.1211273836753763E-002
   5.4680442859591745        3.4995483429723322        2.1210551089759475E-002
   5.4681483344942530        3.4996149340347262        2.1209829505349068E-002
   5.4682522210014906        3.4996814213994623        2.1209109079896760E-002
   5.4683559459769695        3.4997478053837385        2.1208389809796380E-002
   5.4684595099150206        3.4998140863040743        2.1207671691453451E-002
   5.4685629133073705        3.4998802644750189        2.1206954721293459E-002
   5.4686661566434802        3.4999463402099180        2.1206238895757751E-002
   5.4687692404104471        3.5000123138208115        2.1205524211304352E-002
   5.4688721650932379        3.5000781856177974        2.1204810664408803E-002
   5.4689749311750182        3.5001439559101151        2.1204098251559111E-002
   5.4690775391366291        3.5002096250055073        2.1203386969260361E-002
   5.4691799894561717        3.5002751932101215        2.1202676814037022E-002
   5.4692822826104122        3.5003406608288401        2.1201967782425026E-002
   5.4693844190736156        3.5004060281652856        2.1201259870977460E-002
   5.4694863993175575        3.5004712955214039        2.1200553076265817E-002
   5.4695882238123916        3.5005364631980043        2.1199847394874041E-002
   5.4696898930260209        3.5006015314946590        2.1199142823401889E-002
   5.4697914074242151        3.5006665007092868        2.1198439358465711E-002
   5.4698927674703057        3.5007313711389036        2.1197736996697539E-002
   5.4699939736261518        3.5007961430787806        2.1197035734742999E-002
   5.4700950263517250        3.5008608168229820        2.1196335569261662E-002
   5.4701959261040640        3.5009253926645845        2.1195636496931458E-002
   5.4702966733389786        3.5009898708949425        2.1194938514442645E-002
   5.4703972685096875        3.5010542518041201        2.1194241618503105E-002
   5.4704977120676723        3.5011185356812136        2.1193545805833155E-002
   5.4705980044622695        3.5011827228140415        2.1192851073168480E-002
   5.4706981461413093        3.5012468134887320        2.1192157417258339E-002
   5.4707981375502879        3.5013108079905706        2.1191464834866933E-002
   5.4708979791326913        3.5013747066032712        2.1190773322774088E-002
   5.4709976713302186        3.5014385096095086        2.1190082877772499E-002
   5.4710972145822669        3.5015022172907151        2.1189393496670896E-002
   5.4711966093264666        3.5015658299270864        2.1188705176291369E-002
   5.4712958559990037        3.5016293477975897        2.1188017913467774E-002
   5.4713949550335874        3.5016927711797607        2.1187331705051431E-002
   5.4714939068620856        3.5017561003500246        2.1186646547906987E-002
   5.4715927119149512        3.5018193355838045        2.1185962438909973E-002
   5.4716913706199861        3.5018824771552177        2.1185279374953826E-002
   5.4717898834039067        3.5019455253369767        2.1184597352942515E-002
   5.4718882506913191        3.5020084804010199        2.1183916369793578E-002
   5.4719864729047263        3.5020713426177905        2.1183236422440344E-002
   5.4720845504655751        3.5021341122564524        2.1182557507826112E-002
   5.4721824837919906        3.5021967895853088        2.1181879622913961E-002
   5.4722802733018856        3.5022593748716004        2.1181202764672110E-002
   5.4723779194102873        3.5023218683809980        2.1180526930088626E-002
   5.4724754225310965        3.5023842703784314        2.1179852116160174E-002
   5.4725727830762780        3.5024465811272734        2.1179178319898573E-002
   5.4726700014555574        3.5025088008901681        2.1178505538329648E-002
   5.4727670780776654        3.5025709299283174        2.1177833768489383E-002
   5.4728640133492181        3.5026329685021032        2.1177163007427439E-002
   5.4729608076750331        3.5026949168705794        2.1176493252207211E-002
   5.4730574614580370        3.5027567752917879        2.1175824499905273E-002
   5.4731539750996845        3.5028185440225563        2.1175156747609936E-002
   5.4732503489998638        3.5028802233188134        2.1174489992420779E-002
   5.4733465835565989        3.5029418134350832        2.1173824231451602E-002
   5.4734426791662640        3.5030033146252038        2.1173159461827188E-002
   5.4735386362233882        3.5030647271417226        2.1172495680686128E-002
   5.4736344551208687        3.5031260512362072        2.1171832885178776E-002
   5.4737301362500794        3.5031872871588452        2.1171171072468006E-002
   5.4738256800007790        3.5032484351591595        2.1170510239727380E-002
   5.4739210867609174        3.5033094954857087        2.1169850384143058E-002
   5.4740163569169464        3.5033704683855875        2.1169191502913822E-002
   5.4741114908536277        3.5034313541050395        2.1168533593250091E-002
   5.4742064889539401        3.5034921528891592        2.1167876652375316E-002
   5.4743013515994914        3.5035528649824004        2.1167220677522348E-002
   5.4743960791704245        3.5036134906278780        2.1166565665936096E-002
   5.4744906720448236        3.5036740300674736        2.1165911614876107E-002
   5.4745851305998272        3.5037344835425435        2.1165258521608863E-002
   5.4746794552102314        3.5037948512932222        2.1164606383416825E-002
   5.4747736462500018        3.5038551335586270        2.1163955197590373E-002
   5.4748677040911788        3.5039153305768642        2.1163304961433153E-002
   5.4749616291042873        3.5039754425851339        2.1162655672259723E-002
   5.4750554216582454        3.5040354698196352        2.1162007327396291E-002
   5.4751490821204705        3.5040954125155706        2.1161359924180220E-002
   5.4752426108572845        3.5041552709070523        2.1160713459958264E-002
   5.4753360082327314        3.5042150452275047        2.1160067932091155E-002
   5.4754292746101711        3.5042747357089747        2.1159423337947909E-002
   5.4755224103508988        3.5043343425829296        2.1158779674910123E-002
   5.4756154158147492        3.5043938660797664        2.1158136940370519E-002
   5.4757082913604984        3.5044533064290144        2.1157495131730344E-002
   5.4758010373446844        3.5045126638589452        2.1156854246406391E-002
   5.4758936541233947        3.5045719385972687        2.1156214281820008E-002
   5.4759861420504956        3.5046311308706448        2.1155575235407335E-002
   5.4760785014787237        3.5046902409045884        2.1154937104614257E-002
   5.4761707327593001        3.5047492689240665        2.1154299886896388E-002
   5.4762628362418395        3.5048082151529116        2.1153663579721371E-002
   5.4763548122750461        3.5048670798141206        2.1153028180564533E-002
   5.4764466612056388        3.5049258631296647        2.1152393686914718E-002
   5.4765383833790464        3.5049845653206888        2.1151760096270289E-002
   5.4766299791395134        3.5050431866075167        2.1151127406138545E-002
   5.4767214488301033        3.5051017272095568        2.1150495614036039E-002
   5.4768127927919270        3.5051601873450147        2.1149864717493239E-002
   5.4769040113651251        3.5052185672318732        2.1149234714046627E-002
   5.4769951048879983        3.5052768670866290        2.1148605601246939E-002
   5.4770860736984730        3.5053350871250761        2.1147977376649491E-002
   5.4771769181318710        3.5053932275624078        2.1147350037824839E-002
   5.4772676385227648        3.5054512886126381        2.1146723582351444E-002
   5.4773582352043038        3.5055092704889934        2.1146098007817769E-002
   5.4774487085088008        3.5055671734038216        2.1145473311819686E-002
   5.4775390587666752        3.5056249975688845        2.1144849491964723E-002
   5.4776292863068461        3.5056827431947832        2.1144226545871943E-002
   5.4777193914575122        3.5057404104912524        2.1143604471167202E-002
   5.4778093745458669        3.5057979996675490        2.1142983265483323E-002
   5.4778992358961780        3.5058555109317830        2.1142362926471581E-002
   5.4779889758330702        3.5059129444912096        2.1141743451784711E-002
   5.4780785946789319        3.5059703005526188        2.1141124839088414E-002
   5.4781680927556513        3.5060275793216653        2.1140507086054913E-002
   5.4782574703829905        3.5060847810032585        2.1139890190369697E-002
   5.4783467278801288        3.5061419058015644        2.1139274149723983E-002
   5.4784358655648013        3.5061989539198199        2.1138658961819472E-002
   5.4785248837534066        3.5062559255604318        2.1138044624367535E-002
   5.4786137827610100        3.5063128209251717        2.1137431135088584E-002
   5.4787025629015398        3.5063696402150839        2.1136818491711382E-002
   5.4787912244876056        3.5064263836303944        2.1136206691974226E-002
   5.4788797678306924        3.5064830513702283        2.1135595733624873E-002
   5.4789681932414513        3.5065396436331864        2.1134985614417297E-002
   5.4790565010286620        3.5065961606169673        2.1134376332117989E-002
   5.4791446915000925        3.5066526025187512        2.1133767884500488E-002
   5.4792327649624104        3.5067089695347295        2.1133160269347324E-002
   5.4793207217210931        3.5067652618602976        2.1132553484449847E-002
   5.4794085620804331        3.5068214796902488        2.1131947527607570E-002
   5.4794962863435455        3.5068776232186822        2.1131342396628443E-002
   5.4795838948124667        3.5069336926386296        2.1130738089329516E-002
   5.4796713877875005        3.5069896881427192        2.1130134603538069E-002
   5.4797587655683557        3.5070456099225189        2.1129531937088091E-002
   5.4798460284534896        3.5071014581689179        2.1128930087822309E-002
   5.4799331767402100        3.5071572330725056        2.1128329053590481E-002
   5.4800202107244926        3.5072129348225403        2.1127728832253521E-002
   5.4801071307014544        3.5072685636077994        2.1127129421678534E-002
   5.4801939369648913        3.5073241196163956        2.1126530819741630E-002
   5.4802806298073783        3.5073796030355910        2.1125933024328025E-002
   5.4803672095205540        3.5074350140521764        2.1125336033329441E-002
   5.4804536763950313        3.5074903528518195        2.1124739844646623E-002
   5.4805400307201264        3.5075456196199100        2.1124144456187967E-002
   5.4806262727838604        3.5076008145408148        2.1123549865871866E-002
   5.4807124028734320        3.5076559377981633        2.1122956071623497E-002
   5.4807984212750380        3.5077109895753136        2.1122363071374252E-002
   5.4808843282736888        3.5077659700545207        2.1121770863065215E-002
   5.4809701241529387        3.5078208794174035        2.1121179444647031E-002
   5.4810558091960946        3.5078757178449491        2.1120588814073974E-002
   5.4811413836846450        3.5079304855176066        2.1119998969311354E-002
   5.4812268478990100        3.5079851826148296        2.1119409908333234E-002
   5.4813122021191889        3.5080398093156333        2.1118821629117577E-002
   5.4813974466233821        3.5080943657983203        2.1118234129653784E-002
   5.4814825816893791        3.5081488522404847        2.1117647407935921E-002
   5.4815676075933650        3.5082032688191056        2.1117061461968265E-002
   5.4816525246109400        3.5082576157102765        2.1116476289761134E-002
   5.4817373330163868        3.5083118930897585        2.1115891889332775E-002
   5.4818220330829508        3.5083661011323413        2.1115308258709952E-002
   5.4819066250832131        3.5084202400123954        2.1114725395924426E-002
   5.4819911092881783        3.5084743099035105        2.1114143299018506E-002
   5.4820754859682852        3.5085283109786802        2.1113561966039588E-002
   5.4821597553926829        3.5085822434103968        2.1112981395043313E-002
   5.4822439178297797        3.5086361073701973        2.1112401584092378E-002
   5.4823279735467949        3.5086899030291234        2.1111822531257242E-002
   5.4824119228099422        3.5087436305575417        2.1111244234615786E-002
   5.4824957658847113        3.5087972901252376        2.1110666692251680E-002
   5.4825795030350513        3.5088508819014188        2.1110089902258319E-002
   5.4826631345243761        3.5089044060546266        2.1109513862734207E-002
   5.4827466606152955        3.5089578627528297        2.1108938571783972E-002
   5.4828300815689843        3.5090112521631545        2.1108364027522284E-002
   5.4829133976458237        3.5090645744523425        2.1107790228069294E-002
   5.4829966091051316        3.5091178297863901        2.1107217171553064E-002
   5.4830797162055305        3.5091710183307319        2.1106644856107235E-002
   5.4831627192045884        3.5092241402503346        2.1106073279872416E-002
   5.4832456183590050        3.5092771957091577        2.1105502440997025E-002
   5.4833284139240757        3.5093301848709686        2.1104932337637314E-002
   5.4834111061548656        3.5093831078986235        2.1104362967953903E-002
   5.4834936953049542        3.5094359649547915        2.1103794330115635E-002
   5.4835761816271589        3.5094887562010562        2.1103226422298851E-002
   5.4836585653735401        3.5095414817987294        2.1102659242684819E-002
   5.4837408467951345        3.5095941419085821        2.1102092789461881E-002
   5.4838230261419607        3.5096467366904007        2.1101527060826800E-002
   5.4839051036631128        3.5096992663038846        2.1100962054981506E-002
   5.4839870796067638        3.5097517309078428        2.1100397770135577E-002
   5.4840689542202607        3.5098041306606449        2.1099834204504377E-002
   5.4841507277503041        3.5098564657198659        2.1099271356309273E-002
   5.4842324004422416        3.5099087362428234        2.1098709223779415E-002
   5.4843139725410506        3.5099609423860469        2.1098147805148584E-002
   5.4843954442902731        3.5100130843057240        2.1097587098659012E-002
   5.4844768159330899        3.5100651621570802        2.1097027102558057E-002
   5.4845580877113429        3.5101171760950947        2.1096467815100738E-002
   5.4846392598660767        3.5101691262742341        2.1095909234547936E-002
   5.4847203326378935        3.5102210128481897        2.1095351359165463E-002
   5.4848013062660721        3.5102728359701461        2.1094794187227539E-002
   5.4848821809891906        3.5103245957928713        2.1094237717013464E-002
   5.4849629570450436        3.5103762924686315        2.1093681946808256E-002
   5.4850436346704683        3.5104279261489282        2.1093126874904378E-002
   5.4851242141013481        3.5104794969846771        2.1092572499601111E-002
   5.4852046955727927        3.5105310051264755        2.1092018819202835E-002
   5.4852850793194072        3.5105824507244283        2.1091465832018319E-002
   5.4853653655747650        3.5106338339277978        2.1090913536364303E-002
   5.4854455545715020        3.5106851548856217        2.1090361930563170E-002
   5.4855256465411442        3.5107364137461894        2.1089811012945384E-002
   5.4856056417151642        3.5107876106573936        2.1089260781843252E-002
   5.4856855403233178        3.5108387457666472        2.1088711235599290E-002
   5.4857653425951405        3.5108898192207079        2.1088162372559473E-002
   5.4858450487590709        3.5109408311656827        2.1087614191077499E-002
   5.4859246590433317        3.5109917817476410        2.1087066689508552E-002
   5.4860041736744476        3.5110426711116562        2.1086519866219559E-002
   5.4860835928787317        3.5110934994025063        2.1085973719579723E-002
   5.4861629168818542        3.5111442667643269        2.1085428247963726E-002
   5.4862421459080606        3.5111949733411372        2.1084883449753868E-002
   5.4863212801809604        3.5112456192758836        2.1084339323339241E-002
   5.4864003199238773        3.5112962047112255        2.1083795867111545E-002
   5.4864792653588959        3.5113467297896235        2.1083253079469476E-002
   5.4865581167073012        3.5113971946528206        2.1082710958818172E-002
   5.4866368741900997        3.5114475994418464        2.1082169503566693E-002
   5.4867155380270720        3.5114979442974499        2.1081628712131251E-002
   5.4867941084370351        3.5115482293599301        2.1081088582934490E-002
   5.4868725856387108        3.5115984547690511        2.1080549114401506E-002
   5.4869509698496053        3.5116486206639577        2.1080010304965563E-002
   5.4870292612864429        3.5116987271835236        2.1079472153064886E-002
   5.4871074601654310        3.5117487744660933        2.1078934657142182E-002
   5.4871855667018306        3.5117987626493137        2.1078397815647281E-002
   5.4872635811103034        3.5118486918706506        2.1077861627033779E-002
   5.4873415036044015        3.5118985622670484        2.1077326089762632E-002
   5.4874193343975124        3.5119483739746737        2.1076791202298311E-002
   5.4874970737020909        3.5119981271295182        2.1076256963110697E-002
   5.4875747217295769        3.5120478218671436        2.1075723370676269E-002
   5.4876522786908284        3.5120974583223412        2.1075190423477021E-002
   5.4877297447962929        3.5121470366297327        2.1074658119997793E-002
   5.4878071202551570        3.5121965569234295        2.1074126458731461E-002
   5.4878844052764588        3.5122460193369500        2.1073595438173751E-002
   5.4879616000678979        3.5122954240033928        2.1073065056828544E-002
   5.4880387048370318        3.5123447710555227        2.1072535313201728E-002
   5.4881157197900858        3.5123940606256028        2.1072006205807542E-002
   5.4881926451333172        3.5124432928453966        2.1071477733161929E-002
   5.4882694810717441        3.5124924678460845        2.1070949893788962E-002
   5.4883462278099957        3.5125415857586062        2.1070422686215659E-002
   5.4884228855518096        3.5125906467133232        2.1069896108975469E-002
   5.4884994545001167        3.5126396508401889        2.1069370160607330E-002
   5.4885759348576375        3.5126885982689209        2.1068844839652219E-002
   5.4886523268258705        3.5127374891284950        2.1068320144659668E-002
   5.4887286306057703        3.5127863235477390        2.1067796074182594E-002
   5.4888048463976684        3.5128351016546580        2.1067272626779810E-002
   5.4888809744014404        3.5128838235771127        2.1066749801013064E-002
   5.4889570148160916        3.5129324894424827        2.1066227595450120E-002
   5.4890329678398420        3.5129810993776696        2.1065706008664347E-002
   5.4891088336703824        3.5130296535092658        2.1065185039232919E-002
   5.4891846125046238        3.5130781519633043        2.1064664685738827E-002
   5.4892603045389530        3.5131265948653456        2.1064144946769361E-002
   5.4893359099692356        3.5131749823406464        2.1063625820915574E-002
   5.4894114289901479        3.5132233145140774        2.1063107306775773E-002
   5.4894868617963519        3.5132715915099579        2.1062589402950339E-002
   5.4895622085811597        3.5133198134522248        2.1062072108047666E-002
   5.4896374695379571        3.5133679804646016        2.1061555420676732E-002
   5.4897126448590354        3.5134160926700986        2.1061039339454326E-002
   5.4897877347363488        3.5134641501914325        2.1060523863000068E-002
   5.4898627393606798        3.5135121531510278        2.1060008989940440E-002
   5.4899376589226438        3.5135601016707683        2.1059494718904708E-002
   5.4900124936121912        3.5136079958720821        2.1058981048527027E-002
   5.4900872436184445        3.5136558358760275        2.1058467977447013E-002
   5.4901619091299478        3.5137036218035420        2.1057955504307734E-002
   5.4902364903348388        3.5137513537746989        2.1057443627757178E-002
   5.4903109874204343        3.5137990319094539        2.1056932346447947E-002
   5.4903854005734001        3.5138466563273982        2.1056421659037219E-002
   5.4904597299799169        3.5138942271475129        2.1055911564186659E-002
   5.4905339758253540        3.5139417444885006        2.1055402060563038E-002
   5.4906081382944381        3.5139892084687872        2.1054893146837343E-002
   5.4906822175717478        3.5140366192061929        2.1054384821683422E-002
   5.4907562138408110        3.5140839768184295        2.1053877083780825E-002
   5.4908301272846840        3.5141312814226069        2.1053369931813528E-002
   5.4909039580857888        3.5141785331353996        2.1052863364470181E-002
   5.4909777064262446        3.5142257320732124        2.1052357380442005E-002
   5.4910513724868846        3.5142728783520187        2.1051851978428068E-002
   5.4911249564488180        3.5143199720876073        2.1051347157126903E-002
   5.4911984584917928        3.5143670133951730        2.1050842915245775E-002
   5.4912718787955885        3.5144140023894028        2.1050339251493595E-002
   5.4913452175387940        3.5144609391849664        2.1049836164585386E-002
   5.4914184748997092        3.5145078238960270        2.1049333653239383E-002
   5.4914916510564256        3.5145546566361627        2.1048831716176882E-002
   5.4915647461855270        3.5146014375189374        2.1048330352126821E-002
   5.4916377604642097        3.5146481666572518        2.1047829559817443E-002
   5.4917106940681659        3.5146948441638326        2.1047329337985081E-002
   5.4917835471728900        3.5147414701509083        2.1046829685368831E-002
   5.4918563199532739        3.5147880447302926        2.1046330600712228E-002
   5.4919290125834470        3.5148345680137107        2.1045832082763036E-002
   5.4920016252375081        3.5148810401121513        2.1045334130271685E-002
   5.4920741580880685        3.5149274611365975        2.1044836741996090E-002
   5.4921466113084421        3.5149738311975427        2.1044339916692498E-002
   5.4922189850701377        3.5150201504050731        2.1043843653127430E-002
   5.4922912795448022        3.5150664188688681        2.1043347950068243E-002
   5.4923634949034961        3.5151126366983645        2.1042852806286112E-002
   5.4924356313165346        3.5151588040027573        2.1042358220556816E-002
   5.4925076889539719        3.5152049208906786        2.1041864191659376E-002
   5.4925796679849608        3.5152509874704405        2.1041370718378430E-002
   5.4926515685783164        3.5152970038501175        2.1040877799501204E-002
   5.4927233909021194        3.5153429701373060        2.1040385433820211E-002
   5.4927951351240356        3.5153888864393679        2.1039893620130933E-002
   5.4928668014115631        3.5154347528633498        2.1039402357230855E-002
   5.4929383899311466        3.5154805695157458        2.1038911643924543E-002
   5.4930099008485866        3.5155263365028979        2.1038421479020374E-002
   5.4930813343298377        3.5155720539308377        2.1037931861327141E-002
   5.4931526905398114        3.5156177219051283        2.1037442789660406E-002
   5.4932239696430187        3.5156633405311846        2.1036954262838355E-002
   5.4932951718034930        3.5157089099138750        2.1036466279683384E-002
   5.4933662971845498        3.5157544301577639        2.1035978839022564E-002
   5.4934373459492702        3.5157999013671910        2.1035491939685000E-002
   5.4935083182601820        3.5158453236461140        2.1035005580503887E-002
   5.4935792142788662        3.5158906970980306        2.1034519760318674E-002
   5.4936500341669108        3.5159360218264557        2.1034034477968915E-002
   5.4937207780854385        3.5159812979343670        2.1033549732298314E-002
   5.4937914461946287        3.5160265255243659        2.1033065522156537E-002
   5.4938620386545169        3.5160717046986782        2.1032581846395327E-002
   5.4939325556242808        3.5161168355594725        2.1032098703870974E-002
   5.4940029972631139        3.5161619182083066        2.1031616093441795E-002
   5.4940733637291199        3.5162069527466038        2.1031134013972025E-002
   5.4941436551803422        3.5162519392753389        2.1030652464327792E-002
   5.4942138717742139        3.5162968778954324        2.1030171443378567E-002
   5.4942840136675581        3.5163417687071221        2.1029690949999090E-002
   5.4943540810168274        3.5163866118106730        2.1029210983066031E-002
   5.4944240739780259        3.5164314073057490        2.1028731541460313E-002
   5.4944939927062411        3.5164761552918855        2.1028252624067892E-002
   5.4945638373568242        3.5165208558682552        2.1027774229774785E-002
   5.4946336080842109        3.5165655091335912        2.1027296357473014E-002
   5.4947033050420844        3.5166101151867371        2.1026819006058111E-002
   5.4947729283843163        3.5166546741257845        2.1026342174427219E-002
   5.4948424782637932        3.5166991860486250        2.1025865861483087E-002
   5.4949119548331229        3.5167436510529493        2.1025390066130644E-002
   5.4949813582443241        3.5167880692361715        2.1024914787278724E-002
   5.4950506886492185        3.5168324406952727        2.1024440023838652E-002
   5.4951199461987299        3.5168767655269595        2.1023965774727177E-002
   5.4951891310436656        3.5169210438277432        2.1023492038862383E-002
   5.4952582433342512        3.5169652756937055        2.1023018815166734E-002
   5.4953272832201332        3.5170094612206575        2.1022546102566517E-002
   5.4953962508507672        3.5170536005042168        2.1022073899989738E-002
   5.4954651463750350        3.5170976936396547        2.1021602206368447E-002
   5.4955339699411638        3.5171417407219741        2.1021131020638930E-002
   5.4956027216972743        3.5171857418457546        2.1020660341739439E-002
   5.4956714017904522        3.5172296971053889        2.1020190168614058E-002
   5.4957400103682215        3.5172736065950807        2.1019720500205490E-002
   5.4958085475769183        3.5173174704086159        2.1019251335463691E-002
   5.4958770135623922        3.5173612886394396        2.1018782673342236E-002
   5.4959454084707779        3.5174050613808130        2.1018314512794057E-002
   5.4960137324470324        3.5174487887257362        2.1017846852778799E-002
   5.4960819856360912        3.5174924707667952        2.1017379692257671E-002
   5.4961501681823313        3.5175361075963951        2.1016913030195351E-002
   5.4962182802293444        3.5175796993066064        2.1016446865561526E-002
   5.4962863219211657        3.5176232459893200        2.1015981197324486E-002
   5.4963542934005094        3.5176667477360937        2.1015516024460147E-002
   5.4964221948101528        3.5177102046382318        2.1015051345945057E-002
