   5.0000000000000000        3.2000000000000002        2.4850894632206754E-002
   5.0216148437474297        3.2138334999945388        2.4663745953456582E-002
   5.0358698777295965        3.2229567217446808        2.4541421780717467E-002
   5.0464854150896246        3.2297506656524977        2.4450891412235779E-002
   5.0549330755100108        3.2351571683186231        2.4379189841655449E-002
   5.0619432807630913        3.2396436996786306        2.4319917180228065E-002
   5.0679311382196239        3.2434759284539787        2.4269451809942860E-002
   5.0731549640356874        3.2468191769773753        2.4225547958070422E-002
   5.0777863489095791        3.2497832632971333        2.4186718293722636E-002
   5.0819450370304766        3.2524448236965040        2.4151927590030962E-002
   5.0857178815675521        3.2548594441993108        2.4120426707183732E-002
   5.0891698675836654        3.2570687152487658        2.4091656287938735E-002
   5.0923508769457202        3.2591045612414549        2.4065187783535821E-002
   5.0953000267245026        3.2609920171020303        2.4040685707609647E-002
   5.0980485551928370        3.2627510753225271        2.4017882571753128E-002
   5.1006218020710756        3.2643979533275393        2.3996561715745275E-002
   5.1030406038322633        3.2659459864539664        2.3976545228055177E-002
   5.1053222997547261        3.2674062718458279        2.3957685248439036E-002
   5.1074814721008481        3.2687881421467195        2.3939857577673126E-002
   5.1095305004374234        3.2700995202826881        2.3922956897704566E-002
   5.1114799834400495        3.2713471894019488        2.3906893138862777E-002
   5.1133390643864054        3.2725370012081338        2.3891588679540058E-002
   5.1151156856249003        3.2736740388024801        2.3876976159355093E-002
   5.1168167897816916        3.2747627454623798        2.3862996751681922E-002
   5.1184484805568431        3.2758070275591078        2.3849598784433958E-002
   5.1200161524753760        3.2768103375860362        2.3836736628224088E-002
   5.1215245964982019        3.2777757417606446        2.3824369792089625E-002
   5.1229780867059898        3.2787059754943542        2.3812462181965487E-002
   5.1243804519593086        3.2796034892564783        2.3800981488134192E-002
   5.1257351355787213        3.2804704867737016        2.3789898675469517E-002
   5.1270452453559914        3.2813089570308769        2.3779187556621350E-002
   5.1283135957026555        3.2821207012538780        2.3768824432507697E-002
   5.1295427434109344        3.2829073557871502        2.3758787787570783E-002
   5.1307350181124400        3.2836704115949309        2.3749058030325811E-002
   5.1318925483767872        3.2844112309635607        2.3739617271224717E-002
   5.1330172841681536        3.2851310618700111        2.3730449131649713E-002
   5.1341110162576200        3.2858310504068142        2.3721538578886227E-002
   5.1351753930640625        3.2865122515632890        2.3712871783030845E-002
   5.1362119353319269        3.2871756386147455        2.3704435992378939E-002
   5.1372220489657803        3.2878221113399846        2.3696219424494590E-002
   5.1382070362908170        3.2884525032287559        2.3688211170699445E-002
   5.1391681059726917        3.2890675878242717        2.3680401112004857E-002
   5.1401063817681187        3.2896680843336412        2.3672779844930436E-002
   5.1410229102914498        3.2902546625888429        2.3665338615771091E-002
   5.1419186679021953        3.2908279474596185        2.3658069262278949E-002
   5.1427945668504593        3.2913885227860877        2.3650964161674830E-002
   5.1436514607567583        3.2919369348860994        2.3644016184306720E-002
   5.1444901495248354        3.2924736956979586        2.3637218652130795E-002
   5.1453113837509745        3.2929992856028960        2.3630565301457560E-002
   5.1461158686859871        3.2935141559619008        2.3624050249487941E-002
   5.1469042678155121        3.2940187314042100        2.3617667964103629E-002
   5.1476772060798535        3.2945134118941106        2.3611413236673227E-002
   5.1484352728096496        3.2949985746005943        2.3605281157329943E-002
   5.1491790243669096        3.2954745755970132        2.3599267092667301E-002
   5.1499089865620267        3.2959417514017160        2.3593366665395240E-002
   5.1506256568454720        3.2964004203827648        2.3587575735868671E-002
   5.1513295063064373        3.2968508840371644        2.3581890385255950E-002
   5.1520209815017335        3.2972934281615771        2.3576306900143187E-002
   5.1527005061266946        3.2977283239215036        2.3570821758474435E-002
   5.1533684825492436        3.2981558288318547        2.3565431616652782E-002
   5.1540252932129675        3.2985761876565114        2.3560133297735490E-002
   5.1546713019298975        3.2989896332355650        2.3554923780567914E-002
   5.1553068550711991        3.2993963872457059        2.3549800189784791E-002
   5.1559322826600411        3.2997966609031870        2.3544759786616184E-002
   5.1565478993865002        3.3001906556084801        2.3539799960384092E-002
   5.1571540055388123        3.3005785635454421        2.3534918220672451E-002
   5.1577508878664871        3.3009605682356509        2.3530112190076457E-002
   5.1583388203843263        3.3013368450473859        2.3525379597479117E-002
   5.1589180651119975        3.3017075616729672        2.3520718271833187E-002
   5.1594888727632036        3.3020728785697249        2.3516126136383538E-002
   5.1600514833878739        3.3024329493692632        2.3511601203291620E-002
   5.1606061269642733        3.3027879212578974        2.3507141568667560E-002
   5.1611530239558077        3.3031379353329147        2.3502745407907057E-002
   5.1616923858292809        3.3034831269321931        2.3498410971359390E-002
   5.1622244155345598        3.3038236259435183        2.3494136580302340E-002
   5.1627493079557700        3.3041595570935138        2.3489920623165499E-002
   5.1632672503335861        3.3044910402151078        2.3485761552007541E-002
   5.1637784226575283        3.3048181905024951        2.3481657879219891E-002
   5.1642829980371232        3.3051411187450030        2.3477608174437000E-002
   5.1647811430446575        3.3054599315504678        2.3473611061655106E-002
   5.1652730180430346        3.3057747315495538        2.3469665216513176E-002
   5.1657587774887324        3.3060856175946522        2.3465769363742589E-002
   5.1662385702167350        3.3063926849403540        2.3461922274793330E-002
   5.1667125397108000        3.3066960254169913        2.3458122765575049E-002
   5.1671808243567758        3.3069957275905595        2.3454369694350056E-002
   5.1676435576812878        3.3072918769179149        2.3450661959732055E-002
   5.1681008685738199        3.3075845558890768        2.3446998498831258E-002
   5.1685528815022801        3.3078738441629771        2.3443378285465093E-002
   5.1689997167092603        3.3081598186950751        2.3439800328512575E-002
   5.1694414904015877        3.3084425538579247        2.3436263670336490E-002
   5.1698783149313741        3.3087221215571239        2.3432767385274455E-002
   5.1703102989615246        3.3089985913364988        2.3429310578260972E-002
   5.1707375476263620        3.3092720304820502        2.3425892383485001E-002
   5.1711601626816330        3.3095425041176112        2.3422511963141008E-002
   5.1715782426488923        3.3098100752967881        2.3419168506228383E-002
   5.1719918829494773        3.3100748050889894        2.3415861227434099E-002
   5.1724011760345787        3.3103367526633685        2.3412589366047634E-002
   5.1728062115052618        3.3105959753644356        2.3409352184965572E-002
   5.1732070762296072        3.3108525287882382        2.3406148969712683E-002
   5.1736038544529626        3.3111064668509975        2.3402979027531596E-002
   5.1739966279001450        3.3113578418570908        2.3399841686522430E-002
   5.1743854758769672        3.3116067045623190        2.3396736294805227E-002
   5.1747704753640180        3.3118531042334802        2.3393662219741460E-002
   5.1751517011056345        3.3120970887079930        2.3390618847184217E-002
   5.1755292256970886        3.3123387044463026        2.3387605580766285E-002
   5.1759031196638787        3.3125779965854072        2.3384621841230264E-002
   5.1762734515431621        3.3128150089882769        2.3381667065762939E-002
   5.1766402879537612        3.3130497842913349        2.3378740707402573E-002
   5.1770036936694188        3.3132823639498623        2.3375842234436645E-002
   5.1773637316859951        3.3135127882804709        2.3372971129845616E-002
   5.1777204632843343        3.3137410965031870        2.3370126890773706E-002
   5.1780739480925950        3.3139673267803218        2.3367309028015423E-002
   5.1784242441466626        3.3141915162546418        2.3364517065516410E-002
   5.1787714079435885        3.3144137010843084        2.3361750539926431E-002
   5.1791154944974558        3.3146339164784577        2.3359009000137106E-002
   5.1794565573897273        3.3148521967292437        2.3356292006864589E-002
   5.1797946488191418        3.3150685752437199        2.3353599132236075E-002
   5.1801298196480019        3.3152830845742085        2.3350929959403015E-002
   5.1804621194481921        3.3154957564465475        2.3348284082164165E-002
   5.1807915965440223        3.3157066217881122        2.3345661104608145E-002
   5.1811182980536046        3.3159157107542891        2.3343060640770474E-002
   5.1814422699290592        3.3161230527545800        2.3340482314299152E-002
   5.1817635569934026        3.3163286764757154        2.3337925758150458E-002
   5.1820822029786351        3.3165326099060626        2.3335390614273758E-002
   5.1823982505597774        3.3167348803578025        2.3332876533327798E-002
   5.1827117413895580        3.3169355144884825        2.3330383174396129E-002
   5.1830227161292308        3.3171345383215471        2.3327910204728478E-002
   5.1833312144810044        3.3173319772667416        2.3325457299473953E-002
   5.1836372752188593        3.3175278561387058        2.3323024141430369E-002
   5.1839409362140332        3.3177221991757264        2.3320610420823402E-002
   5.1842422344660415        3.3179150300571791        2.3318215835059733E-002
   5.1845412061284417        3.3181063719207580        2.3315840088510925E-002
   5.1848378865322227        3.3182962473792936        2.3313482892312540E-002
   5.1851323102130760        3.3184846785349249        2.3311143964151307E-002
   5.1854245109340393        3.3186716869962276        2.3308823028067957E-002
   5.1857145217079568        3.3188572938919156        2.3306519814273872E-002
   5.1860023748205615        3.3190415198840628        2.3304234058966134E-002
   5.1862881018513649        3.3192243851834653        2.3301965504147613E-002
   5.1865717336920438        3.3194059095618975        2.3299713897472561E-002
   5.1868533005701156        3.3195861123637527        2.3297478992064902E-002
   5.1871328320639760        3.3197650125198392        2.3295260546377664E-002
   5.1874103571242509        3.3199426285581808        2.3293058324027907E-002
   5.1876859040890100        3.3201189786154250        2.3290872093664212E-002
   5.1879595007027186        3.3202940804480670        2.3288701628814055E-002
   5.1882311741316878        3.3204679514425384        2.3286546707755134E-002
   5.1885009509805515        3.3206406086261091        2.3284407113378248E-002
   5.1887688573072577        3.3208120686751630        2.3282282633068169E-002
   5.1890349186379519        3.3209823479271621        2.3280173058572003E-002
   5.1892991599819522        3.3211514623873599        2.3278078185886154E-002
   5.1895616058445695        3.3213194277392111        2.3275997815142245E-002
   5.1898222802404446        3.3214862593524148        2.3273931750498821E-002
   5.1900812067079469        3.3216519722918156        2.3271879800024178E-002
   5.1903384083211108        3.3218165813241889        2.3269841775600777E-002
   5.1905939077008316        3.3219801009271883        2.3267817492826165E-002
   5.1908477270275357        3.3221425452962063        2.3265806770913326E-002
   5.1910998880521966        3.3223039283517437        2.3263809432598558E-002
   5.1913504121070204        3.3224642637469173        2.3261825304050888E-002
   5.1915993201170556        3.3226235648733113        2.3259854214782355E-002
   5.1918466326098605        3.3227818448687847        2.3257895997562294E-002
   5.1920923697257626        3.3229391166227500        2.3255950488337521E-002
   5.1923365512264112        3.3230953927830527        2.3254017526156405E-002
   5.1925791965060464        3.3232506857615993        2.3252096953082373E-002
   5.1928203245987898        3.3234050077406905        2.3250188614127247E-002
   5.1930599541886648        3.3235583706783074        2.3248292357173152E-002
   5.1932981036179475        3.3237107863130690        2.3246408032905085E-002
   5.1935347908947689        3.3238622661702486        2.3244535494743944E-002
   5.1937700337021990        3.3240128215671065        2.3242674598773789E-002
   5.1940038494052132        3.3241624636168861        2.3240825203685915E-002
   5.1942362550576240        3.3243112032345508        2.3238987170716870E-002
   5.1944672674116807        3.3244590511413552        2.3237160363575864E-002
   5.1946969029228853        3.3246060178687871        2.3235344648401261E-002
   5.1949251777586678        3.3247521137635609        2.3233539893691806E-002
   5.1951521078033460        3.3248973489921485        2.3231745970260342E-002
   5.1953777086657507        3.3250417335438636        2.3229962751177918E-002
   5.1956019956858217        3.3251852772366499        2.3228190111713946E-002
   5.1958249839393957        3.3253279897189634        2.3226427929300651E-002
   5.1960466882462741        3.3254698804753327        2.3224676083465980E-002
   5.1962671231740352        3.3256109588291904        2.3222934455800176E-002
   5.1964863030444812        3.3257512339464301        2.3221202929905094E-002
   5.1967042419399085        3.3258907148393502        2.3219481391343097E-002
   5.1969209537065133        3.3260294103700154        2.3217769727604313E-002
   5.1971364519618213        3.3261673292533742        2.3216067828052026E-002
   5.1973507500975114        3.3263044800602919        2.3214375583894439E-002
   5.1975638612867217        3.3264408712214495        2.3212692888128186E-002
   5.1977757984864716        3.3265765110295775        2.3211019635515185E-002
   5.1979865744446974        3.3267114076427236        2.3209355722530075E-002
   5.1981962017016805        3.3268455690874350        2.3207701047339331E-002
   5.1984046925979213        3.3269790032612456        2.3206055509746852E-002
   5.1986120592761313        3.3271117179354044        2.3204419011171658E-002
   5.1988183136859263        3.3272437207579979        2.3202791454609087E-002
   5.1990234675881002        3.3273750192551637        2.3201172744601230E-002
   5.1992275325580328        3.3275056208362184        2.3199562787198223E-002
   5.1994305199908268        3.3276355327932245        2.3197961489929777E-002
   5.1996324411039128        3.3277647623053763        2.3196368761773736E-002
   5.1998333069404863        3.3278933164407354        2.3194784513129407E-002
   5.2000331283739092        3.3280212021582218        2.3193208655784725E-002
   5.2002319161109627        3.3281484263101500        2.3191641102887808E-002
   5.2004296806956134        3.3282749956441133        2.3190081768918080E-002
   5.2006264325106297        3.3284009168057063        2.3188530569666431E-002
   5.2008221817832636        3.3285261963400097        2.3186987422197089E-002
   5.2010169385858322        3.3286508406936242        2.3185452244836102E-002
   5.2012107128413776        3.3287748562170916        2.3183924957129998E-002
   5.2014035143247046        3.3288982491663917        2.3182405479833742E-002
   5.2015953526656986        3.3290210257046913        2.3180893734884956E-002
   5.2017862373527120        3.3291431919046275        2.3179389645375893E-002
   5.2019761777353031        3.3292647537493942        2.3177893135533416E-002
   5.2021651830260511        3.3293857171355130        2.3176404130698023E-002
   5.2023532623043209        3.3295060878734124        2.3174922557299919E-002
   5.2025404245172533        3.3296258716898306        2.3173448342844065E-002
   5.2027266784848170        3.3297450742288963        2.3171981415877271E-002
   5.2029120328995599        3.3298637010544496        2.3170521705980530E-002
   5.2030964963308328        3.3299817576506321        2.3169069143742508E-002
   5.2032800772261369        3.3300992494235762        2.3167623660745273E-002
   5.2034627839142429        3.3302161817038920        2.3166185189537229E-002
   5.2036446246065866        3.3303325597468869        2.3164753663623822E-002
   5.2038256073997298        3.3304483887345699        2.3163329017445972E-002
   5.2040057402776316        3.3305636737765152        2.3161911186363567E-002
   5.2041850311140108        3.3306784199117976        2.3160500106634761E-002
   5.2043634876734250        3.3307926321099370        2.3159095715405881E-002
   5.2045411176145020        3.3309063152720908        2.3157697950688508E-002
   5.2047179284905312        3.3310194742328956        2.3156306751348974E-002
   5.2048939277528712        3.3311321137606584        2.3154922057088075E-002
   5.2050691227509285        3.3312442385594152        2.3153543808433215E-002
   5.2052435207360155        3.3313558532697480        2.3152171946713405E-002
   5.2054171288616633        3.3314669624701145        2.3150806414052195E-002
   5.2055899541860500        3.3315775706776209        2.3149447153350829E-002
   5.2057620036729260        3.3316876823493065        2.3148094108277919E-002
   5.2059332841942298        3.3317973018831357        2.3146747223250837E-002
   5.2061038025317314        3.3319064336191055        2.3145406443422025E-002
   5.2062735653770762        3.3320150818400633        2.3144071714675377E-002
   5.2064425793355982        3.3321232507735536        2.3142742983597833E-002
   5.2066108509256503        3.3322309445911609        2.3141420197485021E-002
   5.2067783865816928        3.3323381674108363        2.3140103304315252E-002
   5.2069451926544863        3.3324449232976354        2.3138792252745333E-002
   5.2071112754146194        3.3325512162640538        2.3137486992089257E-002
   5.2072766410507203        3.3326570502713784        2.3136187472322909E-002
   5.2074412956738199        3.3327624292303759        2.3134893644056857E-002
   5.2076052453171862        3.3328673570020944        2.3133605458534011E-002
   5.2077684959369188        3.3329718373989006        2.3132322867622145E-002
   5.2079310534156855        3.3330758741853717        2.3131045823789529E-002
   5.2080929235612317        3.3331794710784157        2.3129774280112422E-002
   5.2082541121091763        3.3332826317491406        2.3128508190252375E-002
   5.2084146247241341        3.3333853598226937        2.3127247508450237E-002
   5.2085744670004388        3.3334876588795934        2.3125992189516949E-002
   5.2087336444634742        3.3335895324556732        2.3124742188826014E-002
   5.2088921625708560        3.3336909840441256        2.3123497462299233E-002
   5.2090500267128492        3.3337920170950457        2.3122257966405668E-002
   5.2092072422152356        3.3338926350164555        2.3121023658141674E-002
   5.2093638143383352        3.3339928411751854        2.3119794495032892E-002
   5.2095197482793321        3.3340926388973746        2.3118570435119137E-002
   5.2096750491724979        3.3341920314690832        2.3117351436950703E-002
   5.2098297220910990        3.3342910221370121        2.3116137459574825E-002
   5.2099837720477069        3.3343896141089711        2.3114928462531988E-002
   5.2101372039947371        3.3344878105551765        2.3113724405848000E-002
   5.2102900228267774        3.3345856146078505        2.3112525250022151E-002
   5.2104422333804861        3.3346830293622576        2.3111330956023836E-002
   5.2105938404355596        3.3347800578773668        2.3110141485284428E-002
   5.2107448487152119        3.3348767031763824        2.3108956799692566E-002
   5.2108952628884158        3.3349729682471474        2.3107776861579866E-002
   5.2110450875697456        3.3350688560430095        2.3106601633718513E-002
   5.2111943273196957        3.3351643694830857        2.3105431079318228E-002
   5.2113429866472165        3.3352595114525205        2.3104265162011008E-002
   5.2114910700088171        3.3353542848040245        2.3103103845850403E-002
   5.2116385818103659        3.3354486923570574        2.3101947095304106E-002
   5.2117855264072279        3.3355427368992303        2.3100794875248010E-002
   5.2119319081056785        3.3356364211861784        2.3099647150958507E-002
   5.2120777311631334        3.3357297479428203        2.3098503888106546E-002
   5.2122229997888390        3.3358227198633319        2.3097365052753598E-002
   5.2123677181450052        3.3359153396112320        2.3096230611344856E-002
   5.2125118903474617        3.3360076098207263        2.3095100530700598E-002
   5.2126555204653950        3.3360995330963172        2.3093974778018774E-002
   5.2127986125238097        3.3361911120137848        2.3092853320857646E-002
   5.2129411705027842        3.3362823491203559        2.3091736127139113E-002
   5.2130831983384258        3.3363732469350986        2.3090623165141780E-002
   5.2132246999239236        3.3364638079496460        2.3089514403492353E-002
   5.2133656791093506        3.3365540346282341        2.3088409811166367E-002
   5.2135061397032594        3.3366439294083001        2.3087309357477034E-002
   5.2136460854726856        3.3367334947005101        2.3086213012074891E-002
   5.2137855201437118        3.3368227328901221        2.3085120744939683E-002
   5.2139244474025706        3.3369116463356674        2.3084032526378664E-002
   5.2140628708959618        3.3370002373712961        2.3082948327016434E-002
   5.2142007942309192        3.3370885083057837        2.3081868117798870E-002
   5.2143382209765479        3.3371764614229775        2.3080791869981861E-002
   5.2144751546639805        3.3372640989828950        2.3079719555127387E-002
   5.2146115987864423        3.3373514232214938        2.3078651145103834E-002
   5.2147475568011696        3.3374384363507712        2.3077586612074815E-002
   5.2148830321282515        3.3375251405600559        2.3076525928500860E-002
   5.2150180281515510        3.3376115380151146        2.3075469067137293E-002
   5.2151525482207957        3.3376976308595392        2.3074416001017548E-002
   5.2152865956504106        3.3377834212144974        2.3073366703460392E-002
   5.2154201737198669        3.3378689111789148        2.3072321148067166E-002
   5.2155532856749875        3.3379541028304063        2.3071279308711095E-002
   5.2156859347288105        3.3380389982248020        2.3070241159534041E-002
   5.2158181240604140        3.3381235993969600        2.3069206674949952E-002
   5.2159498568167271        3.3382079083609280        2.3068175829634132E-002
   5.2160811361124120        3.3382919271102085        2.3067148598522817E-002
   5.2162119650310137        3.3383756576181263        2.3066124956805347E-002
   5.2163423466244065        3.3384591018376617        2.3065104879927641E-002
   5.2164722839130873        3.3385422617026523        2.3064088343586267E-002
   5.2166017798882454        3.3386251391267789        2.3063075323720355E-002
   5.2167308375107755        3.3387077360052775        2.3062065796510878E-002
   5.2168594597113405        3.3387900542137143        2.3061059738384550E-002
   5.2169876493920997        3.3388720956093714        2.3060057125999171E-002
   5.2171154094261301        3.3389538620310599        2.3059057936247403E-002
   5.2172427426574766        3.3390353552993490        2.3058062146255529E-002
   5.2173696519033621        3.3391165772166871        2.3057069733370662E-002
   5.2174961399525692        3.3391975295680361        2.3056080675167363E-002
   5.2176222095660929        3.3392782141207777        2.3055094949444233E-002
   5.2177478634788095        3.3393586326249287        2.3054112534213755E-002
   5.2178731043984685        3.3394387868136572        2.3053133407705994E-002
   5.2179979350065313        3.3395186784028787        2.3052157548365225E-002
   5.2181223579586922        3.3395983090924761        2.3051184934842626E-002
   5.2182463758852871        3.3396776805656869        2.3050215545996094E-002
   5.2183699913908974        3.3397567944893014        2.3049249360891599E-002
   5.2184932070552570        3.3398356525143629        2.3048286358795619E-002
   5.2186160254335530        3.3399142562763560        2.3047326519172663E-002
   5.2187384490561142        3.3399926073947910        2.3046369821688388E-002
   5.2188604804299050        3.3400707074740930        2.3045416246198078E-002
   5.2189821220381054        3.3401485581032815        2.3044465772750013E-002
   5.2191033763399943        3.3402261608565498        2.3043518381583923E-002
   5.2192242457722200        3.3403035172930435        2.3042574053124709E-002
   5.2193447327481772        3.3403806289576283        2.3041632767983041E-002
   5.2194648396591639        3.3404574973805654        2.3040694506950010E-002
   5.2195845688736586        3.3405341240778772        2.3039759250999770E-002
   5.2197039227382689        3.3406105105514157        2.3038826981283907E-002
   5.2198229035782777        3.3406866582892207        2.3037897679127121E-002
   5.2199415136974050        3.3407625687653884        2.3036971326028874E-002
   5.2200597553777612        3.3408382434408126        2.3036047903660969E-002
   5.2201776308805812        3.3409136837626603        2.3035127393865252E-002
   5.2202951424466555        3.3409888911648165        2.3034209778649558E-002
   5.2204122922964675        3.3410638670684221        2.3033295040184990E-002
   5.2205290826295583        3.3411386128814424        2.3032383160810851E-002
   5.2206455156262033        3.3412131299991992        2.3031474123023435E-002
   5.2207615934471514        3.3412874198043228        2.3030567909477540E-002
   5.2208773182328914        3.3413614836671810        2.3029664502988951E-002
   5.2209926921050185        3.3414353229454452        2.3028763886528317E-002
   5.2211077171664506        3.3415089389847088        2.3027866043217732E-002
   5.2212223955010657        3.3415823331188093        2.3026970956331477E-002
   5.2213367291741024        3.3416555066695834        2.3026078609294641E-002
   5.2214507202328413        3.3417284609470932        2.3025188985678454E-002
   5.2215643707058588        3.3418011972497563        2.3024302069203917E-002
   5.2216776826040805        3.3418737168644754        2.3023417843735409E-002
   5.2217906579207884        3.3419460210671383        2.3022536293278835E-002
   5.2219032986315330        3.3420181111219924        2.3021657401984256E-002
   5.2220156066951668        3.3420899882826101        2.3020781154136701E-002
   5.2221275840528181        3.3421616537913543        2.3019907534163640E-002
   5.2222392326290095        3.3422331088799648        2.3019036526626693E-002
   5.2223505543313768        3.3423043547694875        2.3018168116223356E-002
   5.2224615510514063        3.3423753926701143        2.3017302287783425E-002
   5.2225722246637769        3.3424462237819430        2.3016439026269913E-002
   5.2226825770273706        3.3425168492946282        2.3015578316774591E-002
   5.2227926099849826        3.3425872703877673        2.3014720144518209E-002
   5.2229023253640410        3.3426574882302771        2.3013864494848657E-002
   5.2230117249759518        3.3427275039818745        2.3013011353239268E-002
   5.2231208106165399        3.3427973187919018        2.3012160705290503E-002
   5.2232295840671235        3.3428669338001624        2.3011312536720972E-002
   5.2233380470933986        3.3429363501369314        2.3010466833373565E-002
   5.2234462014459657        3.3430055689226030        2.3009623581213667E-002
   5.2235540488613896        3.3430745912682469        2.3008782766321328E-002
   5.2236615910609068        3.3431434182760640        2.3007944374896710E-002
   5.2237688297522036        3.3432120510384937        2.3007108393253387E-002
   5.2238757666281215        3.3432804906389415        2.3006274807822885E-002
   5.2239824033675282        3.3433487381520508        2.3005443605148813E-002
   5.2240887416351045        3.3434167946434385        2.3004614771888983E-002
   5.2241947830825595        3.3434846611698772        2.3003788294807953E-002
   5.2243005293471665        3.3435523387792081        2.3002964160785414E-002
   5.2244059820531517        3.3436198285112297        2.3002142356805300E-002
   5.2245111428113846        3.3436871313964560        2.3001322869961864E-002
   5.2246160132194275        3.3437542484576208        2.3000505687454032E-002
   5.2247205948615836        3.3438211807087028        2.2999690796588531E-002
   5.2248248893099083        3.3438879291555397        2.2998878184772090E-002
   5.2249288981232844        3.3439544947960864        2.2998067839515614E-002
   5.2250326228478157        3.3440208786197099        2.2997259748434421E-002
   5.2251360650173932        3.3440870816082322        2.2996453899241404E-002
   5.2252392261534677        3.3441531047354869        2.2995650279749827E-002
   5.2253421077651785        3.3442189489670509        2.2994848877873508E-002
   5.2254447113498186        3.3442846152611927        2.2994049681620825E-002
   5.2255470383925235        3.3443501045686004        2.2993252679097423E-002
   5.2256490903669111        3.3444154178321979        2.2992457858503231E-002
   5.2257508687343313        3.3444805559873951        2.2991665208135705E-002
   5.2258523749447647        3.3445455199622476        2.2990874716384276E-002
   5.2259536104373590        3.3446103106773570        2.2990086371727659E-002
   5.2260545766387443        3.3446749290463735        2.2989300162741401E-002
   5.2261552749654570        3.3447393759753807        2.2988516078086583E-002
   5.2262557068222515        3.3448036523636513        2.2987734106516458E-002
   5.2263558736029809        3.3448677591033724        2.2986954236872515E-002
   5.2264557766907869        3.3449316970794634        2.2986176458084057E-002
   5.2265554174580346        3.3449954671704041        2.2985400759165570E-002
   5.2266547972663338        3.3450590702477090        2.2984627129218446E-002
   5.2267539174666426        3.3451225071759945        2.2983855557430134E-002
   5.2268527793998736        3.3451857788132959        2.2983086033069658E-002
   5.2269513843962372        3.3452488860111327        2.2982318545490932E-002
   5.2270497337761785        3.3453118296143187        2.2981553084128279E-002
   5.2271478288494739        3.3453746104611946        2.2980789638500539E-002
   5.2272456709160782        3.3454372293838546        2.2980028198205552E-002
   5.2273432612663013        3.3454996872078748        2.2979268752920130E-002
   5.2274406011800751        3.3455619847527065        2.2978511292402651E-002
   5.2275376919281218        3.3456241228314862        2.2977755806487303E-002
   5.2276345347716324        3.3456861022511779        2.2977002285085289E-002
   5.2277311309618604        3.3457479238128776        2.2976250718185945E-002
   5.2278274817407091        3.3458095883112944        2.2975501095855361E-002
   5.2279235883408184        3.3458710965353839        2.2974753408233579E-002
   5.2280194519859799        3.3459324492683202        2.2974007645532396E-002
   5.2281150738902404        3.3459936472870604        2.2973263798041831E-002
   5.2282104552589690        3.3460546913629718        2.2972521856121985E-002
   5.2283055972882870        3.3461155822616413        2.2971781810206805E-002
   5.2284005011654804        3.3461763207431714        2.2971043650800767E-002
   5.2284951680694824        3.3462369075618268        2.2970307368477459E-002
   5.2285895991701485        3.3462973434663303        2.2969572953882435E-002
   5.2286837956288172        3.3463576291998334        2.2968840397730259E-002
   5.2287777585981523        3.3464177655003691        2.2968109690803731E-002
   5.2288714892223789        3.3464777531000158        2.2967380823955511E-002
   5.2289649886378449        3.3465375927259142        2.2966653788101407E-002
   5.2290582579718095        3.3465972850995911        2.2965928574229414E-002
   5.2291512983440454        3.3466568309377296        2.2965205173388153E-002
   5.2292441108658698        3.3467162309515763        2.2964483576694256E-002
   5.2293366966404600        3.3467754858472278        2.2963763775329611E-002
   5.2294290567630037        3.3468345963257575        2.2963045760540042E-002
   5.2295211923211715        3.3468935630829435        2.2962329523633664E-002
   5.2296131043942315        3.3469523868098698        2.2961615055983608E-002
   5.2297047940546273        3.3470110681924945        2.2960902349020807E-002
   5.2297962623663032        3.3470696079118536        2.2960191394242515E-002
   5.2298875103857254        3.3471280066443407        2.2959482183205648E-002
   5.2299785391621052        3.3471862650611990        2.2958774707527326E-002
   5.2300693497371498        3.3472443838291932        2.2958068958883877E-002
   5.2301599431448951        3.3473023636101811        2.2957364929013190E-002
   5.2302503204123942        3.3473602050613902        2.2956662609709997E-002
   5.2303404825591615        3.3474179088354585        2.2955961992828729E-002
   5.2304304305980116        3.3474754755803198        2.2955263070279279E-002
   5.2305201655343456        3.3475329059394774        2.2954565834029939E-002
   5.2306096883662905        3.3475902005519655        2.2953870276106788E-002
   5.2306990000853064        3.3476473600520027        2.2953176388591495E-002
   5.2307881016759339        3.3477043850698807        2.2952484163619603E-002
   5.2308769941156239        3.3477612762313069        2.2951793593383740E-002
   5.2309656783753384        3.3478180341576751        2.2951104670129327E-002
   5.2310541554191445        3.3478746594657940        2.2950417386157784E-002
   5.2311424262047348        3.3479311527684645        2.2949731733821577E-002
   5.2312304916827168        3.3479875146743607        2.2949047705528549E-002
   5.2313183527975138        3.3480437457878369        2.2948365293737612E-002
   5.2314060104868085        3.3480998467089642        2.2947684490961680E-002
   5.2314934656819814        3.3481558180339475        2.2947005289763737E-002
   5.2315807193081616        3.3482116603546270        2.2946327682758325E-002
   5.2316677722842844        3.3482673742592732        2.2945651662608386E-002
   5.2317546255224618        3.3483229603317097        2.2944977222031825E-002
   5.2318412799291707        3.3483784191520303        2.2944304353792390E-002
   5.2319277364046988        3.3484337512963291        2.2943633050703696E-002
   5.2320139958428982        3.3484889573368850        2.2942963305629869E-002
   5.2321000591320619        3.3485440378418181        2.2942295111481954E-002
   5.2321859271540747        3.3485989933759481        2.2941628461219540E-002
   5.2322716007852117        3.3486538244999267        2.2940963347849376E-002
   5.2323570808958140        3.3487085317707179        2.2940299764425482E-002
   5.2324423683503376        3.3487631157416309        2.2939637704048731E-002
   5.2325274640075508        3.3488175769621256        2.2938977159866446E-002
   5.2326123687203605        3.3488719159783651        2.2938318125071359E-002
   5.2326970833361539        3.3489261333324287        2.2937660592902542E-002
   5.2327816086967740        3.3489802295632316        2.2937004556642219E-002
   5.2328659456383413        3.3490342052058137        2.2936350009619300E-002
   5.2329500949914491        3.3490880607917406        2.2935696945206842E-002
   5.2330340575812819        3.3491417968492043        2.2935045356821053E-002
   5.2331178342275875        3.3491954139029048        2.2934395237921797E-002
   5.2332014257450874        3.3492489124741516        2.2933746582010035E-002
   5.2332848329426405        3.3493022930805267        2.2933099382633541E-002
   5.2333680566240917        3.3493555562367896        2.2932453633379059E-002
   5.2334510975880972        3.3494087024538084        2.2931809327877015E-002
   5.2335339566280199        3.3494617322393183        2.2931166459799392E-002
   5.2336166345323347        3.3495146460980187        2.2930525022857161E-002
   5.2336991320838715        3.3495674445310919        2.2929885010806107E-002
   5.2337814500608726        3.3496201280364475        2.2929246417440156E-002
   5.2338635892365968        3.3496726971088218        2.2928609236593189E-002
   5.2339455503790724        3.3497251522398739        2.2927973462140025E-002
   5.2340273342514250        3.3497774939181393        2.2927339087994811E-002
   5.2341089416120612        3.3498297226289120        2.2926706108110362E-002
   5.2341903732143482        3.3498818388543410        2.2926074516479624E-002
   5.2342716298070808        3.3499338430738130        2.2925444307131712E-002
   5.2343527121343074        3.3499857357632612        2.2924815474135253E-002
   5.2344336209350795        3.3500375173958323        2.2924188011597506E-002
   5.2345143569440618        3.3500891884415553        2.2923561913662065E-002
   5.2345949208909976        3.3501407493675774        2.2922937174510993E-002
   5.2346753135013868        3.3501922006381162        2.2922313788361258E-002
   5.2347555354957400        3.3502435427144825        2.2921691749468728E-002
   5.2348355875901831        3.3502947760551045        2.2921071052124736E-002
   5.2349154704968441        3.3503459011152659        2.2920451690654892E-002
   5.2349951849227585        3.3503969183477662        2.2919833659422770E-002
   5.2350747315706805        3.3504478282024475        2.2919216952827060E-002
   5.2351541111391882        3.3504986311263569        2.2918601565300439E-002
   5.2352333243222953        3.3505493275636993        2.2917987491311877E-002
   5.2353123718101848        3.3505999179559991        2.2917374725361973E-002
   5.2353912542882632        3.3506504027419104        2.2916763261988840E-002
   5.2354699724378220        3.3507007823576589        2.2916153095762920E-002
   5.2355485269360722        3.3507510572364332        2.2915544221288896E-002
   5.2356269184558952        3.3508012278091028        2.2914936633204538E-002
   5.2357051476662244        3.3508512945037521        2.2914330326180232E-002
   5.2357832152316597        3.3509012577456998        2.2913725294921018E-002
   5.2358611218131221        3.3509511179577971        2.2913121534161935E-002
   5.2359388680671923        3.3510008755603771        2.2912519038671829E-002
   5.2360164546464194        3.3510505309711376        2.2911917803252045E-002
   5.2360938821996950        3.3511000846050907        2.2911317822734572E-002
   5.2361711513715257        3.3511495368749959        2.2910719091984427E-002
   5.2362482628028877        3.3511988881910346        2.2910121605896221E-002
   5.2363252171307773        3.3512481389608975        2.2909525359396180E-002
   5.2364020149884425        3.3512972895896667        2.2908930347441372E-002
   5.2364786570050050        3.3513463404803132        2.2908336565019984E-002
   5.2365551438061697        3.3513952920330992        2.2907744007149514E-002
   5.2366314760138426        3.3514441446460070        2.2907152668877363E-002
   5.2367076542461612        3.3514928987145525        2.2906562545281332E-002
   5.2367836791172504        3.3515415546320737        2.2905973631469900E-002
   5.2368595512379263        3.3515901127893417        2.2905385922579739E-002
   5.2369352712155912        3.3516385735750522        2.2904799413774553E-002
   5.2370108396535118        3.3516869373753697        2.2904214100250647E-002
   5.2370862571517947        3.3517352045742141        2.2903629977230527E-002
   5.2371615243066714        3.3517833755533459        2.2903047039966550E-002
   5.2372366417113296        3.3518314506921798        2.2902465283736954E-002
   5.2373116099546655        3.3518794303680699        2.2901884703851773E-002
   5.2373864296230517        3.3519273149558582        2.2901305295644638E-002
   5.2374611012988872        3.3519751048283584        2.2900727054479070E-002
   5.2375356255612289        3.3520228003562380        2.2900149975745413E-002
   5.2376100029857460        3.3520704019079686        2.2899574054861236E-002
   5.2376842341448793        3.3521179098497074        2.2898999287270880E-002
   5.2377583196074662        3.3521653245457790        2.2898425668445820E-002
   5.2378322599394300        3.3522126463582915        2.2897853193882191E-002
   5.2379060557032062        3.3522598756471531        2.2897281859103929E-002
   5.2379797074580283        3.3523070127701522        2.2896711659660840E-002
   5.2380532157596260        3.3523540580832383        2.2896142591129327E-002
   5.2381265811609721        3.3524010119400076        2.2895574649110056E-002
   5.2381998042115123        3.3524478746923769        2.2895007829229808E-002
   5.2382728854574561        3.3524946466900065        2.2894442127141919E-002
   5.2383458254425834        3.3525413282805117        2.2893877538521082E-002
   5.2384186247068252        3.3525879198096735        2.2893314059070406E-002
   5.2384912837874653        3.3526344216211261        2.2892751684515912E-002
   5.2385638032182449        3.3526808340567626        2.2892190410609994E-002
   5.2386361835303674        3.3527271574565525        2.2891630233126570E-002
   5.2387084252517342        3.3527733921582947        2.2891071147866093E-002
   5.2387805289074878        3.3528195384980237        2.2890513150651184E-002
   5.2388524950195778        3.3528655968097612        2.2889956237329839E-002
   5.2389243241070416        3.3529115674256604        2.2889400403773425E-002
   5.2389960166860261        3.3529574506762132        2.2888845645875761E-002
   5.2390675732697431        3.3530032468899389        2.2888291959554514E-002
   5.2391389943688749        3.3530489563933985        2.2887739340748843E-002
   5.2392102804908225        3.3530945795113372        2.2887187785423108E-002
   5.2392814321401771        3.3531401165668879        2.2886637289563486E-002
   5.2393524498188668        3.3531855678811366        2.2886087849178709E-002
   5.2394233340260490        3.3532309337735180        2.2885539460299285E-002
   5.2394940852577445        3.3532762145617649        2.2884992118979635E-002
   5.2395647040075630        3.3533214105616000        2.2884445821295223E-002
   5.2396351907665268        3.3533665220872604        2.2883900563341650E-002
   5.2397055460223259        3.3534115494510610        2.2883356341240273E-002
   5.2397757702606755        3.3534564929635997        2.2882813151130051E-002
   5.2398458639643781        3.3535013529338960        2.2882270989172185E-002
   5.2399158276132800        3.3535461296692741        2.2881729851550740E-002
   5.2399856616849867        3.3535908234751863        2.2881189734469363E-002
   5.2400553666540572        3.3536354346556037        2.2880650634154315E-002
   5.2401249429930985        3.3536799635125849        2.2880112546849990E-002
   5.2401943911716433        3.3537244103468562        2.2879575468822983E-002
   5.2402637116566764        3.3537687754572545        2.2879039396361208E-002
   5.2403329049127114        3.3538130591411797        2.2878504325771862E-002
   5.2404019714017487        3.3538572616941034        2.2877970253383357E-002
   5.2404709115834773        3.3539013834103946        2.2877437175541328E-002
   5.2405397259148536        3.3539454245824531        2.2876905088613977E-002
   5.2406084148503709        3.3539893855012219        2.2876373988988806E-002
   5.2406769788422620        3.3540332664559473        2.2875843873072288E-002
   5.2407454183398290        3.3540770677345022        2.2875314737292488E-002
   5.2408137337907066        3.3541207896230838        2.2874786578093095E-002
   5.2408819256398189        3.3541644324064732        2.2874259391938313E-002
   5.2409499943294584        3.3542079963679217        2.2873733175312758E-002
   5.2410179402997379        3.3542514817889129        2.2873207924719845E-002
   5.2410857639885418        3.3542948889497302        2.2872683636680054E-002
   5.2411534658312346        3.3543382181290951        2.2872160307733772E-002
   5.2412210462609830        3.3543814696041165        2.2871637934439724E-002
   5.2412885057085870        3.3544246436504848        2.2871116513375200E-002
   5.2413558446024977        3.3544677405426047        2.2870596041135498E-002
   5.2414230633691359        3.3545107605532971        2.2870076514333190E-002
   5.2414901624324788        3.3545537039538704        2.2869557929600180E-002
   5.2415571422143810        3.3545965710141927        2.2869040283585638E-002
   5.2416240031341639        3.3546393620028829        2.2868523572957603E-002
   5.2416907456094801        3.3546820771870149        2.2868007794399275E-002
   5.2417573700553568        3.3547247168323104        2.2867492944613564E-002
   5.2418238768848164        3.3547672812032081        2.2866979020319464E-002
   5.2418902665086478        3.3548097705625088        2.2866466018254525E-002
   5.2419565393358463        3.3548521851718696        2.2865953935170706E-002
   5.2420226957727767        3.3548945252915101        2.2865442767840017E-002
   5.2420887362238568        3.3549367911802204        2.2864932513050690E-002
   5.2421546610916874        3.3549789830956129        2.2864423167605622E-002
   5.2422204707762852        3.3550211012937075        2.2863914728328018E-002
   5.2422861656758784        3.3550631460296034        2.2863407192054645E-002
   5.2423517461869196        3.3551051175565858        2.2862900555638936E-002
   5.2424172127033160        3.3551470161270940        2.2862394815951780E-002
   5.2424825656172871        3.3551888419920113        2.2861889969879291E-002
   5.2425478053185950        3.3552305954009727        2.2861386014325982E-002
   5.2426129321956365        3.3552722766022529        2.2860882946209152E-002
   5.2426779466345570        3.3553138858431333        2.2860380762462440E-002
   5.2427428490193249        3.3553554233693732        2.2859879460037286E-002
   5.2428076397321028        3.3553968894255748        2.2859379035899598E-002
   5.2428723191530793        3.3554382842550137        2.2858879487031265E-002
   5.2429368876605409        3.3554796080998246        2.2858380810429114E-002
   5.2430013456309448        3.3555208612008900        2.2857883003104911E-002
   5.2430656934387523        3.3555620437979079        2.2857386062086003E-002
   5.2431299314565587        3.3556031561293396        2.2856889984414798E-002
   5.2431940600548703        3.3556441984322403        2.2856394767150592E-002
   5.2432580796027066        3.3556851709428579        2.2855900407364137E-002
   5.2433219904670203        3.3557260738959318        2.2855406902143292E-002
   5.2433857930125942        3.3557669075251719        2.2854914248591925E-002
   5.2434494876031090        3.3558076720630901        2.2854422443824598E-002
   5.2435130745998642        3.3558483677410060        2.2853931484973583E-002
   5.2435765543624901        3.3558889947891735        2.2853441369184539E-002
   5.2436399272488474        3.3559295534364937        2.2852952093618005E-002
   5.2437031936152092        3.3559700439109323        2.2852463655446978E-002
   5.2437663538157464        3.3560104664392343        2.2851976051860717E-002
   5.2438294082030099        3.3560508212470479        2.2851489280061678E-002
   5.2438923571278782        3.3560911085588727        2.2851003337265946E-002
   5.2439552009392214        3.3561313285980678        2.2850518220705090E-002
   5.2440179399846683        3.3561714815870887        2.2850033927621062E-002
   5.2440805746096277        3.3562115677470326        2.2849550455273225E-002
   5.2441431051579395        3.3562515872980492        2.2849067800933286E-002
   5.2442055319720566        3.3562915404591163        2.2848585961885100E-002
   5.2442678553924775        3.3563314274481626        2.2848104935427372E-002
   5.2443300757581612        3.3563712484821311        2.2847624718871102E-002
   5.2443921934061919        3.3564110037768704        2.2847145309541839E-002
   5.2444542086720762        3.3564506935470275        2.2846666704778428E-002
   5.2445161218900411        3.3564903180063972        2.2846188901930138E-002
   5.2445779333921827        3.3565298773678136        2.2845711898361695E-002
   5.2446396435092222        3.3565693718427005        2.2845235691450718E-002
   5.2447012525702839        3.3566088016417615        2.2844760278586531E-002
   5.2447627609028498        3.3566481669747019        2.2844285657171365E-002
   5.2448241688328849        3.3566874680499494        2.2843811824620641E-002
   5.2448854766847868        3.3567267050751735        2.2843338778361446E-002
   5.2449466847811115        3.3567658782569487        2.2842866515835204E-002
   5.2450077934433805        3.3568049878008188        2.2842395034492993E-002
   5.2450688029909518        3.3568440339113597        2.2841924331801586E-002
   5.2451297137424477        3.3568830167922403        2.2841454405235315E-002
   5.2451905260140110        3.3569219366461174        2.2840985252286047E-002
   5.2452512401209495        3.3569607936745829        2.2840516870454380E-002
   5.2453118563768459        3.3569995880783412        2.2840049257253820E-002
   5.2453723750937336        3.3570383200572125        2.2839582410209884E-002
   5.2454327965823309        3.3570769898099151        2.2839116326859494E-002
   5.2454931211518261        3.3571155975342952        2.2838651004751426E-002
   5.2455533491097714        3.3571541434273890        2.2838186441446629E-002
   5.2456134807623194        3.3571926276850914        2.2837722634518085E-002
   5.2456735164142856        3.3572310505024414        2.2837259581549481E-002
   5.2457334563691571        3.3572694120735727        2.2836797280135317E-002
   5.2457933009287654        3.3573077125916617        2.2836335727882889E-002
   5.2458530503935199        3.3573459522491023        2.2835874922410397E-002
   5.2459127050624144        3.3573841312371746        2.2835414861348054E-002
   5.2459722652331484        3.3574222497464419        2.2834955542336020E-002
   5.2460317312020219        3.3574603079664764        2.2834496963025985E-002
   5.2460911032639448        3.3574983060861427        2.2834039121080063E-002
   5.2461503817123907        3.3575362442931036        2.2833582014172807E-002
   5.2462095668395134        3.3575741227743250        2.2833125639988794E-002
   5.2462686589359349        3.3576119417160237        2.2832669996223964E-002
   5.2463276582910856        3.3576497013033975        2.2832215080584691E-002
   5.2463865651932657        3.3576874017206850        2.2831760890787259E-002
   5.2464453799289368        3.3577250431515564        2.2831307424560347E-002
   5.2465041027835575        3.3577626257785682        2.2830854679642364E-002
   5.2465627340413121        3.3578001497835528        2.2830402653781581E-002
   5.2466212739850659        3.3578376153474592        2.2829951344736924E-002
   5.2466797228959905        3.3578750226504113        2.2829500750279806E-002
   5.2467380810543887        3.3579123718718780        2.2829050868189028E-002
   5.2467963487392133        3.3579496631901309        2.2828601696255321E-002
   5.2468545262279092        3.3579868967830686        2.2828153232279293E-002
   5.2469126137971287        3.3580240728272934        2.2827705474070755E-002
   5.2469706117215971        3.3580611914989880        2.2827258419451869E-002
   5.2470285202753688        3.3580982529734302        2.2826812066251968E-002
   5.2470863397308589        3.3581352574249439        2.2826366412313007E-002
   5.2471440703594991        3.3581722050272282        2.2825921455484836E-002
   5.2472017124313135        3.3582090959532005        2.2825477193628072E-002
   5.2472592662152477        3.3582459303748369        2.2825033624612842E-002
   5.2473167319788550        3.3582827084635563        2.2824590746319151E-002
   5.2473741099886224        3.3583194303897388        2.2824148556636791E-002
   5.2474314005096598        3.3583560963232153        2.2823707053465335E-002
   5.2474886038061319        3.3583927064328951        2.2823266234713053E-002
   5.2475457201408382        3.3584292608870920        2.2822826098298079E-002
   5.2476027497754334        3.3584657598532077        2.2822386642148310E-002
   5.2476596929703279        3.3585022034979488        2.2821947864201192E-002
   5.2477165499849603        3.3585385919873327        2.2821509762402197E-002
   5.2477733210774833        3.3585749254865838        2.2821072334706913E-002
   5.2478300065048789        3.3586112041600851        2.2820635579080567E-002
   5.2478866065229095        3.3586474281716479        2.2820199493497367E-002
   5.2479431213864443        3.3586835976841978        2.2819764075939806E-002
   5.2479995513489346        3.3587197128601494        2.2819329324400194E-002
   5.2480558966628452        3.3587557738610396        2.2818895236879619E-002
   5.2481121575795528        3.3587917808476901        2.2818461811387903E-002
   5.2481683343491952        3.3588277339802657        2.2818029045944248E-002
   5.2482244272209408        3.3588636334181703        2.2817596938576080E-002
   5.2482804364427835        3.3588994793201583        2.2817165487319834E-002
   5.2483363622616022        3.3589352718442318        2.2816734690220955E-002
   5.2483922049232712        3.3589710111476978        2.2816304545333073E-002
   5.2484479646722990        3.3590066973872252        2.2815875050719820E-002
   5.2485036417527278        3.3590423307187418        2.2815446204450248E-002
   5.2485592364069831        3.3590779112974922        2.2815018004604913E-002
   5.2486147488766655        3.3591134392780408        2.2814590449271536E-002
   5.2486701794020352        3.3591489148142757        2.2814163536547818E-002
   5.2487255282228027        3.3591843380595163        2.2813737264536706E-002
   5.2487807955770336        3.3592197091663096        2.2813311631353139E-002
   5.2488359817023582        3.3592550282865363        2.2812886635117016E-002
   5.2488910868350374        3.3592902955713635        2.2812462273958486E-002
   5.2489461112101763        3.3593255111715088        2.2812038546015875E-002
   5.2490010550621991        3.3593606752368266        2.2811615449434500E-002
   5.2490559186241779        3.3593957879165202        2.2811192982369607E-002
   5.2491107021284629        3.3594308493593537        2.2810771142982203E-002
   5.2491654058063730        3.3594658597132390        2.2810349929442159E-002
   5.2492200298880496        3.3595008191255511        2.2809929339927922E-002
   5.2492745746029774        3.3595357277429767        2.2809509372624194E-002
