   5.0000000000000000        3.2000000000000002        2.4850894632206754E-002
   5.0864593749684559        3.2553339999827262        2.4114242618411646E-002
   5.1278680055391561        3.2818355235408867        2.3772464413373239E-002
   5.1549151877093724        3.2991457201224366        2.3552957476140179E-002
   5.1749327164266248        3.3119569385094336        2.3392366959763614E-002
   5.1907904483097207        3.3221058869161393        2.3266260503293043E-002
   5.2039031883131956        3.3304980405286209        2.3162718360539441E-002
   5.2150710043701372        3.3376454428181157        2.3075054344044617E-002
   5.2247898287617041        3.3438654904304359        2.2999151354890588E-002
   5.2333880372171508        3.3493683438386528        2.2932298603752080E-002
   5.2410941639138562        3.3543002649226903        2.2872618705031929E-002
   5.2480735799887928        3.3587670912088057        2.2818759005902255E-002
   5.2544497625602364        3.3628478480562443        2.2769713425663210E-002
   5.2603173159810463        3.3666030822484272        2.2724713832452531E-002
   5.2657503044568204        3.3700801948773389        2.2683160790262141E-002
   5.2708077844811987        3.3733169820971112        2.2644577733577705E-002
   5.2755375943204816        3.3763440603961796        2.2608579675963823E-002
   5.2799790199252570        3.3791865727830523        2.2574851259322921E-002
   5.2841647143406227        3.3818654172062654        2.2543130991665883E-002
   5.2881221079345728        3.3843981491068944        2.2513199694923946E-002
   5.2918744632662102        3.3867996565229834        2.2484871883895446E-002
   5.2954416767803654        3.3890826731698915        2.2457989228584281E-002
   5.2988408968148573        3.3912581739920400        2.2432415524749096E-002
   5.3020870062506775        3.3933356840285431        2.2408032773903262E-002
   5.3051930037500457        3.3953235224284821        2.2384738092519459E-002
   5.3081703081945069        3.3972289972731367        2.2362441248390180E-002
   5.3110290040816501        3.3990585626405223        2.2341062678022251E-002
   5.3137780411390461        3.4008179463591253        2.2320531876559815E-002
   5.3164253980008196        3.4025122547525948        2.2300786079642053E-002
   5.3189782174537434        3.4041460592036992        2.2281769175799063E-002
   5.3214429189582511        3.4057234681657849        2.2263430802907182E-002
   5.3238252928768270        3.4072481874713962        2.2245725592558423E-002
   5.3261305798693304        3.4087235711481667        2.2228612534221422E-002
   5.3283635381719456        3.4101526644611022        2.2212054437192409E-002
   5.3305285008849363        3.4115382405953594        2.2196017472893643E-002
   5.3326294250334012        3.4128828320498750        2.2180470783452842E-002
   5.3346699337529504        3.4141887576313672        2.2165386145519918E-002
   5.3366533527320943        3.4154581457758146        2.2150737680170861E-002
   5.3385827418128180        3.4166929547884153        2.2136501601565550E-002
   5.3404609225253070        3.4178949904460598        2.2122655998296801E-002
   5.3422905021450813        3.4190659214013226        2.2109180642463026E-002
   5.3440738947874298        3.4202072926950655        2.2096056822398940E-002
   5.3458133399918051        3.4213205376241840        2.2083267195587963E-002
   5.3475109190936916        3.4224069882510406        2.2070795659006871E-002
   5.3491685697684233        3.4234678846821636        2.2058627234270753E-002
   5.3507880989054053        3.4245043833282440        2.2046747965876936E-002
   5.3523711940870689        3.4255175642433495        2.2035144830649875E-002
   5.3539194338506597        3.4265084376912625        2.2023805656847074E-002
   5.3554342968492126        3.4274779500097186        2.2012719051982627E-002
   5.3569171700909717        3.4284269888842549        2.2001874337977199E-002
   5.3583693563320232        3.4293563880802806        2.1991261493009690E-002
   5.3597920807578427        3.4302669317118148        2.1980871099040695E-002
   5.3611864969885792        3.4311593581000639        2.1970694294595194E-002
   5.3625536925504012        3.4320343632584578        2.1960722731896733E-002
   5.3638946937977900        3.4328926040578711        2.1950948538211595E-002
   5.3652104704263879        3.4337347011004145        2.1941364280549772E-002
   5.3665019395393205        3.4345612413325894        2.1931962933780750E-002
   5.3677699693767584        3.4353727804282821        2.1922737851467752E-002
   5.3690153827234894        3.4361698449685751        2.1913682739230778E-002
   5.3702389600145759        3.4369529344333762        2.1904791630463737E-002
   5.3714414421831478        3.4377225230196924        2.1896058864110186E-002
   5.3726235332786434        3.4384790613202094        2.1887479064224027E-002
   5.3737859028683204        3.4392229778581327        2.1879047121247643E-002
   5.3749291882456252        3.4399546804997923        2.1870758174801816E-002
   5.3760539964650640        3.4406745577613260        2.1862607597820959E-002
   5.3771609062234358        3.4413829800068938        2.1854590981929448E-002
   5.3782504695934756        3.4420803005625951        2.1846704123939055E-002
   5.3793232136225422        3.4427668567417236        2.1838943013408770E-002
   5.3803796418293715        3.4434429707931415        2.1831303821051005E-002
   5.3814202355683696        3.4441089507870126        2.1823782888087673E-002
   5.3824454553178711        3.4447650914276235        2.1816376716294161E-002
   5.3834557418611757        3.4454116748158117        2.1809081958812031E-002
   5.3844515173935275        3.4460489711568472        2.1801895411569013E-002
   5.3854331865487355        3.4466772394173777        2.1794814005322523E-002
   5.3864011373590284        3.4472967279367186        2.1787834798235831E-002
   5.3873557421473226        3.4479076750013067        2.1780954968958325E-002
   5.3882973583596137        3.4485103093779093        2.1774171810182097E-002
   5.3892263293478209        3.4491048508112465        2.1767482722600030E-002
   5.3901429850997058        3.4496915104931478        2.1760885209257109E-002
   5.3910476429209684        3.4502704914983480        2.1754376870282258E-002
   5.3919406080716898        3.4508419891949607        2.1747955397961091E-002
   5.3928221743715694        3.4514061916264591        2.1741618572084235E-002
   5.3936926247607841        3.4519632798751614        2.1735364255603955E-002
   5.3945522318298771        3.4525134283981584        2.1729190390558539E-002
   5.3954012583153697        3.4530568053484139        2.1723094994238242E-002
   5.3962399575699980        3.4535935728713039        2.1717076155577664E-002
   5.3970685740039537        3.4541238873888696        2.1711132031751901E-002
   5.3978873434949319        3.4546478998626489        2.1705260845015992E-002
   5.3986964937858488        3.4551657560480904        2.1699460879648302E-002
   5.3994962448480628        3.4556775967278841        2.1693730479150894E-002
   5.4002868092344780        3.4561835579346414        2.1688068043547913E-002
   5.4010683924040137        3.4566837711630534        2.1682472026874899E-002
   5.4018411930382220        3.4571783635699562        2.1676940934757784E-002
   5.4026054033317283        3.4576674581580447        2.1671473322187624E-002
   5.4033612092728873        3.4581511739607169        2.1666067791350548E-002
   5.4041087909043846        3.4586296262051373        2.1660722989638642E-002
   5.4048483225768420        3.4591029264752935        2.1655437607704355E-002
   5.4055799731824887        3.4595711828627791        2.1650210377663310E-002
   5.4063039063827780        3.4600345001102406        2.1645040071358611E-002
   5.4070202808187400        3.4604929797500370        2.1639925498734731E-002
   5.4077292503196768        3.4609467202300297        2.1634865506267715E-002
   5.4084309640864872        3.4613958170406844        2.1629858975525374E-002
   5.4091255668813032        3.4618403628285432        2.1624904821745169E-002
   5.4098131991981946        3.4622804475115783        2.1620001992506899E-002
   5.4104939974331216        3.4627161583811819        2.1615149466457321E-002
   5.4111680940351601        3.4631475802065470        2.1610346252126267E-002
   5.4118356176608655        3.4635747953278955        2.1605591386767296E-002
   5.4124966933203034        3.4639978837499950        2.1600883935243509E-002
   5.4131514425053791        3.4644169232281290        2.1596222989031050E-002
   5.4137999833251724        3.4648319893537121        2.1591607665191970E-002
   5.4144424306315813        3.4652431556299299        2.1587037105431649E-002
   5.4150788961338288        3.4656504935513111        2.1582510475202914E-002
   5.4157094885123618        3.4660540726742197        2.1578026962845605E-002
   5.4163343135312676        3.4664539606857900        2.1573585778741539E-002
   5.4169534741342860        3.4668502234718535        2.1569186154558124E-002
   5.4175670705498531        3.4672429251774064        2.1564827342473093E-002
   5.4181752003835379        3.4676321282705946        2.1560508614453897E-002
   5.4187779587090077        3.4680178935981427        2.1556229261574383E-002
   5.4193754381521311        3.4684002804412679        2.1551988593366676E-002
   5.4199677289775900        3.4687793465693626        2.1547785937169703E-002
   5.4205549191671292        3.4691551482910992        2.1543620637530039E-002
   5.4211370944942736        3.4695277405003999        2.1539492055639022E-002
   5.4217143385996716        3.4698971767268083        2.1535399568754277E-002
   5.4222867330564863        3.4702635091795218        2.1531342569693381E-002
   5.4228543574455026        3.4706267887884219        2.1527320466289961E-002
   5.4234172894122032        3.4709870652470061        2.1523332680935855E-002
   5.4239756047315835        3.4713443870511158        2.1519378650099352E-002
   5.4245293773692582        3.4716988015387815        2.1515457823859802E-002
   5.4250786795343453        3.4720503549247610        2.1511569665501998E-002
   5.4256235817388418        3.4723990923354862        2.1507713651077842E-002
   5.4261641528472744        3.4727450578444121        2.1503889269016724E-002
   5.4267004601282958        3.4730882945048340        2.1500096019735460E-002
   5.4272325693064980        3.4734288443782022        2.1496333415262671E-002
   5.4277605446012442        3.4737667485675989        2.1492600978912712E-002
   5.4282844487825388        3.4741020472434796        2.1488898244900013E-002
   5.4288043432058197        3.4744347796741999        2.1485224758044694E-002
   5.4293202878580518        3.4747649842514341        2.1481580073438766E-002
   5.4298323413970033        3.4750926985163151        2.1477963756145108E-002
   5.4303405611907625        3.4754179591838730        2.1474375380901498E-002
   5.4308450033531210        3.4757408021686258        2.1470814531842432E-002
   5.4313457227836750        3.4760612626041647        2.1467280802217322E-002
   5.4318427731987287        3.4763793748695320        2.1463773794133712E-002
   5.4323362071662267        3.4766951726088711        2.1460293118302571E-002
   5.4328260761403024        3.4770086887519689        2.1456838393783272E-002
   5.4333124304873595        3.4773199555337300        2.1453409247775054E-002
   5.4337953195208728        3.4776290045157006        2.1450005315358827E-002
   5.4342747915308749        3.4779358666019342        2.1446626239284342E-002
   5.4347508938079336        3.4782405720588874        2.1443271669772470E-002
   5.4352236726735130        3.4785431505327975        2.1439941264294216E-002
   5.4356931735056238        3.4788436310657538        2.1436634687377970E-002
   5.4361594407651523        3.4791420421116284        2.1433351610414274E-002
   5.4366225180172769        3.4794384115526169        2.1430091711483662E-002
   5.4370824479573727        3.4797327667148981        2.1426854675165363E-002
   5.4375392724357479        3.4800251343808672        2.1423640192363209E-002
   5.4379930324768804        3.4803155408075570        2.1420447960139647E-002
   5.4384437683020437        3.4806040117357919        2.1417277681562846E-002
   5.4388915193498022        3.4808905724059098        2.1414129065543842E-002
   5.4393363242955282        3.4811752475712177        2.1411001826686149E-002
   5.4397782210728254        3.4814580615085449        2.1407895685135479E-002
   5.4402172468907652        3.4817390380320266        2.1404810366440437E-002
   5.4406534382534373        3.4820182005036560        2.1401745601412232E-002
   5.4410868309746991        3.4822955718452775        2.1398701126004099E-002
   5.4415174601994840        3.4825711745488315        2.1395676681163867E-002
   5.4419453604171899        3.4828450306880381        2.1392672012721763E-002
   5.4423705654784804        3.4831171619273196        2.1389686871270196E-002
   5.4427931086129782        3.4833875895335638        2.1386721012030409E-002
   5.4432130224416619        3.4836563343844698        2.1383774194756632E-002
   5.4436303389936720        3.4839234169780160        2.1380846183614917E-002
   5.4440450897189194        3.4841888574419979        2.1377936747082941E-002
   5.4444573055010030        3.4844526755429643        2.1375045657850401E-002
   5.4448670166758193        3.4847148906942280        2.1372172692694234E-002
   5.4452742530362830        3.4849755219653265        2.1369317632418571E-002
   5.4456790438535450        3.4852345880878945        2.1366480261724257E-002
   5.4460814178820716        3.4854921074663370        2.1363660369143531E-002
   5.4464814033771010        3.4857480981832749        2.1360857746930022E-002
   5.4468790281040915        3.4860025780084438        2.1358072190977725E-002
   5.4472743193469242        3.4862555644040918        2.1355303500757542E-002
   5.4476673039246579        3.4865070745341273        2.1352551479199493E-002
   5.4480580081978216        3.4867571252688228        2.1349815932641288E-002
   5.4484464580793572        3.4870057331929281        2.1347096670743065E-002
   5.4488326790468768        3.4872529146119740        2.1344393506401528E-002
   5.4492166961498212        3.4874986855577692        2.1341706255692167E-002
   5.4495985340192776        3.4877430617943865        2.1339034737796747E-002
   5.4499782168788116        3.4879860588246276        2.1336378774924541E-002
   5.4503557685521891        3.4882276918960047        2.1333738192250522E-002
   5.4507312124724629        3.4884679760053183        2.1331112817851512E-002
   5.4511045716911397        3.4887069259052965        2.1328502482635400E-002
   5.4514758688840121        3.4889445561088963        2.1325907020294518E-002
   5.4518451263614693        3.4891808808944194        2.1323326267234304E-002
   5.4522123660757895        3.4894159143117318        2.1320760062513579E-002
   5.4525776096282437        3.4896496701858788        2.1318208247794110E-002
   5.4529408782784667        3.4898821621224365        2.1315670667273533E-002
   5.4533021929481285        3.4901134035112147        2.1313147167651897E-002
   5.4536615742311625        3.4903434075319812        2.1310637598059349E-002
   5.4540190423980270        3.4905721871588469        2.1308141810017781E-002
   5.4543746174043575        3.4907997551627425        2.1305659657386830E-002
   5.4547283188973212        3.4910261241183109        2.1303190996307401E-002
   5.4550801662212223        3.4912513064055841        2.1300735685165464E-002
   5.4554301784238630        3.4914753142151675        2.1298293584541144E-002
   5.4557783742612740        3.4916981595512402        2.1295864557172823E-002
   5.4561247722067350        3.4919198542365351        2.1293448467893883E-002
   5.4564693904540356        3.4921404099151583        2.1291045183604796E-002
   5.4568122469235636        3.4923598380553416        2.1288654573231640E-002
   5.4571533592670916        3.4925781499556052        2.1286276507680155E-002
   5.4574927448747612        3.4927953567444332        2.1283910859799710E-002
   5.4578304208787474        3.4930114693871337        2.1281557504340912E-002
   5.4581664041594076        3.4932264986868251        2.1279216317919618E-002
   5.4585007113490160        3.4934404552882432        2.1276887178984034E-002
   5.4588333588376781        3.4936533496808959        2.1274569967773157E-002
   5.4591643627765665        3.4938651922021466        2.1272264566288737E-002
   5.4594937390855929        3.4940759930399463        2.1269970858246501E-002
   5.4598215034533322        3.4942857622352208        2.1267688729066803E-002
   5.4601476713447656        3.4944945096856044        2.1265418065822449E-002
   5.4604722580044074        3.4947022451479755        2.1263158757213164E-002
   5.4607952784612941        3.4949089782401055        2.1260910693533711E-002
   5.4611167475311095        3.4951147184447540        2.1258673766648493E-002
   5.4614366798215546        3.4953194751109256        2.1256447869959155E-002
   5.4617550897373359        3.4955232574570148        2.1254232898368100E-002
   5.4620719914820368        3.4957260745733389        2.1252028748259461E-002
   5.4623873990618499        3.4959279354243429        2.1249835317471908E-002
   5.4627013262903157        3.4961288488502138        2.1247652505268406E-002
   5.4630137867905288        3.4963288235703502        2.1245480212312672E-002
   5.4633247940007923        3.4965278681846068        2.1243318340635694E-002
   5.4636343611747957        3.4967259911761190        2.1241166793624273E-002
   5.4639425013884573        3.4969232009127342        2.1239025475981204E-002
   5.4642492275399794        3.4971195056494744        2.1236894293715641E-002
   5.4645545523554615        3.4973149135306829        2.1234773154107139E-002
   5.4648584883893818        3.4975094325923917        2.1232661965694344E-002
   5.4651610480300654        3.4977030707627974        2.1230560638245025E-002
   5.4654622435026825        3.4978958358648211        2.1228469082731870E-002
   5.4657620868690504        3.4980877356191398        2.1226387211322469E-002
   5.4660605900339414        3.4982787776448161        2.1224314937344897E-002
   5.4663577647455606        3.4984689694601694        2.1222252175281283E-002
   5.4666536226009219        3.4986583184869904        2.1220198840726769E-002
   5.4669481750436484        3.4988468320505519        2.1218154850398987E-002
   5.4672414333720774        3.4990345173809008        2.1216120122092869E-002
   5.4675334087385146        3.4992213816154001        2.1214094574675088E-002
   5.4678241121520648        3.4994074318004600        2.1212078128063465E-002
   5.4681135544829331        3.4995926748919617        2.1210070703203302E-002
   5.4684017464603123        3.4997771177576973        2.1208072222068962E-002
   5.4686886986811540        3.4999607671792581        2.1206082607613624E-002
   5.4689744216067115        3.5001436298518764        2.1204101783785723E-002
   5.4692589255679058        3.5003257123872711        2.1202129675492488E-002
   5.4695422207670994        3.5005070213144451        2.1200166208587713E-002
   5.4698243172790884        3.5006875630819589        2.1198211309858637E-002
   5.4701052250535600        3.5008673440571845        2.1196264907015240E-002
   5.4703849539182441        3.5010463705302661        2.1194326928661290E-002
   5.4706635135790531        3.5012246487138241        2.1192397304293623E-002
   5.4709409136251201        3.5014021847429047        2.1190475964276596E-002
   5.4712171635264149        3.5015789846800662        2.1188562839836871E-002
   5.4714922726401669        3.5017550545125746        2.1186657863039794E-002
   5.4717662502079447        3.5019304001562053        2.1184760966790863E-002
   5.4720391053627120        3.5021050274553436        2.1182872084799916E-002
   5.4723108471265869        3.5022789421840494        2.1180991151587905E-002
   5.4725814844134462        3.5024521500475818        2.1179118102468513E-002
   5.4728510260319672        3.5026246566834156        2.1177252873529184E-002
   5.4731194806862167        3.5027964676620016        2.1175395401625035E-002
   5.4733868569767132        3.5029675884882243        2.1173545624368285E-002
   5.4736531634040739        3.5031380246016499        2.1171703480108807E-002
   5.4739184083692871        3.5033077813788940        2.1169868907924588E-002
   5.4741826001737408        3.5034768641333573        2.1168041847621690E-002
   5.4744457470227763        3.5036452781168439        2.1166222239710986E-002
   5.4747078570284771        3.5038130285206801        2.1164410025390271E-002
   5.4749689382072688        3.5039801204754153        2.1162605146556275E-002
   5.4752289984847762        3.5041465590533183        2.1160807545772303E-002
   5.4754880456952595        3.5043123492682784        2.1159017166270663E-002
   5.4757460875833708        3.5044774960768645        2.1157233951940038E-002
   5.4760031318068050        3.5046420043795945        2.1155457847307896E-002
   5.4762591859354508        3.5048058790214953        2.1153688797542231E-002
   5.4765142574544567        3.5049691247933379        2.1151926748432061E-002
   5.4767683537645002        3.5051317464312537        2.1150171646386686E-002
   5.4770214821822778        3.5052937486190876        2.1148423438425299E-002
   5.4772736499457588        3.5054551359877606        2.1146682072152683E-002
   5.4775248642096104        3.5056159131169062        2.1144947495775897E-002
   5.4777751320513106        3.5057760845355763        2.1143219658071567E-002
   5.4780244604692818        3.5059356547231588        2.1141498508391563E-002
   5.4782728563850904        3.5060946281089351        2.1139783996653116E-002
   5.4785203266438236        3.5062530090747748        2.1138076073327943E-002
   5.4787668780169074        3.5064108019535483        2.1136374689432944E-002
   5.4790125172017703        3.5065680110322344        2.1134679796521557E-002
   5.4792572508235056        3.5067246405501002        2.1132991346680844E-002
   5.4795010854353974        3.5068806947017728        2.1131309292518791E-002
   5.4797440275203222        3.5070361776358512        2.1129633587161283E-002
   5.4799860834910277        3.5071910934570587        2.1127964184243571E-002
   5.4802272596923771        3.5073454462261680        2.1126301037898997E-002
   5.4804675624020307        3.5074992399603637        2.1124644102754112E-002
   5.4807069978302403        3.5076524786344705        2.1122993333925345E-002
   5.4809455721222564        3.5078051661812917        2.1121348687005739E-002
   5.4811832913583132        3.5079573064921599        2.1119710118062865E-002
   5.4814201615542570        3.5081089034176940        2.1118077583632957E-002
   5.4816561886641111        3.5082599607678975        2.1116451040707612E-002
   5.4818913785787258        3.5084104823133284        2.1114830446736340E-002
   5.4821257371287357        3.5085604717853949        2.1113215759610778E-002
   5.4823592700842694        3.5087099328768594        2.1111606937664094E-002
   5.4825919831550820        3.5088588692416938        2.1110003939670462E-002
   5.4828238819919672        3.5090072844972751        2.1108406724830824E-002
   5.4830549721894117        3.5091551822235805        2.1106815252762142E-002
   5.4832852592837780        3.5093025659638735        2.1105229483503688E-002
   5.4835147487548799        3.5094494392251683        2.1103649377507576E-002
   5.4837434460269066        3.5095958054793157        2.1102074895630464E-002
   5.4839713564697492        3.5097416681628189        2.1100505999127300E-002
   5.4841984853988457        3.5098870306774823        2.1098942649649722E-002
   5.4844248380762766        3.5100318963910548        2.1097384809238329E-002
   5.4846504197116381        3.5101762686376530        2.1095832440316764E-002
   5.4848752354622770        3.5103201507179707        2.1094285505689599E-002
   5.4850992904335243        3.5104635458996927        2.1092743968539541E-002
   5.4853225896815996        3.5106064574183122        2.1091207792410423E-002
   5.4855451382117524        3.5107488884775275        2.1089676941214688E-002
   5.4857669409799072        3.5108908422494256        2.1088151379224492E-002
   5.4859880028936763        3.5110323218742541        2.1086631071067168E-002
   5.4862083288129453        3.5111733304626433        2.1085115981715124E-002
   5.4864279235494369        3.5113138710939333        2.1083606076492917E-002
   5.4866467918681030        3.5114539468179689        2.1082101321064542E-002
   5.4868649384886981        3.5115935606552546        2.1080601681425008E-002
   5.4870823680841037        3.5117327155964997        2.1079107123909646E-002
   5.4872990852831034        3.5118714146041814        2.1077617615175421E-002
   5.4875150946699049        3.5120096606114775        2.1076133122206318E-002
   5.4877304007840682        3.5121474565246142        2.1074653612306090E-002
   5.4879450081226340        3.5122848052213920        2.1073179053092247E-002
   5.4881589211400268        3.5124217095523163        2.1071709412492704E-002
   5.4883721442481610        3.5125581723413157        2.1070244658742809E-002
   5.4885846818165449        3.5126941963850653        2.1068784760386657E-002
   5.4887965381741566        3.5128297844540946        2.1067329686264284E-002
   5.4890077176099190        3.5129649392928957        2.1065879405508737E-002
   5.4892182243717915        3.5130996636200305        2.1064433887549954E-002
   5.4894280626678311        3.5132339601296056        2.1062993102104733E-002
   5.4896372366672406        3.5133678314892123        2.1061557019177859E-002
   5.4898457505012068        3.5135012803427634        2.1060125609048901E-002
   5.4900536082617810        3.5136343093096012        2.1058698842280253E-002
   5.4902608140038804        3.5137669209845837        2.1057276689706896E-002
   5.4904673717447441        3.5138991179387515        2.1055859122436731E-002
   5.4906732854653262        3.5140309027195995        2.1054446111842765E-002
   5.4908785591091691        3.5141622778517281        2.1053037629566326E-002
   5.4910831965847464        3.5142932458361438        2.1051633647507638E-002
   5.4912872017650933        3.5144238091516731        2.1050234137823042E-002
   5.4914905784878218        3.5145539702542576        2.1048839072926869E-002
   5.4916933305555204        3.5146837315775921        2.1047448425487347E-002
   5.4918954617374736        3.5148130955341332        2.1046062168414866E-002
   5.4920969757687077        3.5149420645140093        2.1044680274869849E-002
   5.4922978763501833        3.5150706408864032        2.1043302718257308E-002
   5.4924981671514352        3.5151988269990309        2.1041929472215441E-002
   5.4926978518077219        3.5153266251787532        2.1040560510627415E-002
   5.4928969339224682        3.5154540377321832        2.1039195807607408E-002
   5.4930954170674253        3.5155810669449710        2.1037835337501878E-002
   5.4932933047826475        3.5157077150831544        2.1036479074885282E-002
   5.4934906005779558        3.5158339843918833        2.1035126994556799E-002
   5.4936873079315935        3.5159598770978766        2.1033779071539013E-002
   5.4938834302911257        3.5160853954079552        2.1032435281077941E-002
   5.4940789710748827        3.5162105415088858        2.1031095598636348E-002
   5.4942739336698736        3.5163353175696286        2.1029759999896733E-002
   5.4944683214356251        3.5164597257398715        2.1028428460747071E-002
   5.4946621377019031        3.5165837681504217        2.1027100957290493E-002
   5.4948553857697657        3.5167074469139568        2.1025777465837683E-002
   5.4950480689122356        3.5168307641250349        2.1024457962903462E-002
   5.4952401903733197        3.5169537218601068        2.1023142425211288E-002
   5.4954317533703207        3.5170763221780712        2.1021830829680233E-002
   5.4956227610926671        3.5171985671202783        2.1020523153430452E-002
   5.4958132167029321        3.5173204587107176        2.1019219373777522E-002
   5.4960031233360311        3.5174419989558361        2.1017919468236758E-002
   5.4961924841014973        3.5175631898458066        2.1016623414508096E-002
   5.4963813020823054        3.5176840333536177        2.1015331190484463E-002
   5.4965695803356915        3.5178045314356123        2.1014042774246025E-002
   5.4967573218921641        3.5179246860318409        2.1012758144063722E-002
   5.4969445297588200        3.5180444990664075        2.1011477278381967E-002
   5.4971312069156655        3.5181639724469238        2.1010200155838099E-002
   5.4973173563194520        3.5182831080652122        2.1008926755241405E-002
   5.4975029809012561        3.5184019077976449        2.1007657055583731E-002
   5.4976880835695727        3.5185203735053041        2.1006391036023805E-002
   5.4978726672071945        3.5186385070332546        2.1005128675904549E-002
   5.4980567346739369        3.5187563102119417        2.1003869954735372E-002
   5.4982402888061728        3.5188737848564600        2.1002614852196594E-002
   5.4984233324167171        3.5189909327674118        2.1001363348137195E-002
   5.4986058682962922        3.5191077557301789        2.1000115422569895E-002
   5.4987878992118304        3.5192242555162978        2.0998871055674950E-002
   5.4989694279089774        3.5193404338825554        2.0997630227790730E-002
   5.4991504571102210        3.5194562925714838        2.0996392919421163E-002
   5.4993309895166860        3.5195718333118502        2.0995159111225365E-002
   5.4995110278074790        3.5196870578179298        2.0993928784022987E-002
   5.4996905746400833        3.5198019677908587        2.0992701918787972E-002
   5.4998696326510892        3.5199165649177302        2.0991478496647745E-002
   5.5000482044555437        3.5200308508725948        2.0990258498883127E-002
   5.5002262926475041        3.5201448273155593        2.0989041906928366E-002
   5.5004038998014444        3.5202584958941223        2.0987828702360049E-002
   5.5005810284707417        3.5203718582424455        2.0986618866906614E-002
   5.5007576811889036        3.5204849159819944        2.0985412382440331E-002
   5.5009338604694245        3.5205976707214939        2.0984209230977997E-002
   5.5011095688056395        3.5207101240567122        2.0983009394682246E-002
   5.5012848086716000        3.5208222775707578        2.0981812855856298E-002
   5.5014595825219219        3.5209341328347068        2.0980619596942612E-002
   5.5016338927919737        3.5210456914075534        2.0979429600522098E-002
   5.5018077418985687        3.5211569548356532        2.0978242849312333E-002
   5.5019811322398064        3.5212679246540186        2.0977059326164265E-002
   5.5021540661942492        3.5213786023852576        2.0975879014069394E-002
   5.5023265461241166        3.5214889895401922        2.0974701896142287E-002
   5.5024985743712742        3.5215990876184731        2.0973527955638015E-002
   5.5026701532609206        3.5217088981076867        2.0972357175936974E-002
   5.5028412851000859        3.5218184224846332        2.0971189540548132E-002
   5.5030119721776396        3.5219276622142677        2.0970025033112155E-002
   5.5031822167657847        3.5220366187504757        2.0968863637391720E-002
   5.5033520211188947        3.5221452935363406        2.0967705337276207E-002
   5.5035213874746702        3.5222536880040831        2.0966550116776235E-002
   5.5036903180538026        3.5223618035745039        2.0965397960026912E-002
   5.5038588150598047        3.5224696416582404        2.0964248851284697E-002
   5.5040268806799908        3.5225772036550418        2.0963102774924816E-002
   5.5041945170849749        3.5226844909545258        2.0961959715441285E-002
   5.5043617264298019        3.5227915049354568        2.0960819657443584E-002
   5.5045285108531194        3.5228982469661716        2.0959682585659261E-002
   5.5046948724765157        3.5230047184053270        2.0958548484934784E-002
   5.5048608134074302        3.5231109206011770        2.0957417340223571E-002
   5.5050263357368623        3.5232168548923180        2.0956289136594749E-002
   5.5051914415404886        3.5233225226066449        2.0955163859230876E-002
   5.5053561328783189        3.5234279250630625        2.0954041493424249E-002
   5.5055204117959677        3.5235330635702802        2.0952922024574407E-002
   5.5056842803233392        3.5236379394277084        2.0951805438191671E-002
   5.5058477404750930        3.5237425539250613        2.0950691719896015E-002
   5.5060107942525365        3.5238469083426063        2.0949580855407126E-002
   5.5061734436415177        3.5239510039514075        2.0948472830553722E-002
   5.5063356906135175        3.5240548420132516        2.0947367631268487E-002
   5.5064975371251439        3.5241584237805719        2.0946265243590622E-002
   5.5066589851200094        3.5242617504973239        2.0945165653654074E-002
   5.5068200365266335        3.5243648233976392        2.0944068847701721E-002
   5.5069806932603145        3.5244676437073337        2.0942974812071618E-002
   5.5071409572224583        3.5245702126430363        2.0941883533202858E-002
   5.5073008303007054        3.5246725314130578        2.0940794997632239E-002
   5.5074603143688927        3.5247746012166790        2.0939709191996583E-002
   5.5076194112879620        3.5248764232448582        2.0938626103026065E-002
   5.5077781229054459        3.5249779986801482        2.0937545717546937E-002
   5.5079364510559010        3.5250793286964583        2.0936468022480111E-002
   5.5080943975602423        3.5251804144594425        2.0935393004843077E-002
   5.5082519642277274        3.5252812571265708        2.0934320651740102E-002
   5.5084091528537344        3.5253818578470475        2.0933250950373097E-002
   5.5085659652214281        3.5254822177623466        2.0932183888031908E-002
   5.5087224031014044        3.5255823380053521        2.0931119452098617E-002
   5.5088784682519556        3.5256822197016682        2.0930057630042152E-002
   5.5090341624185601        3.5257818639682950        2.0928998409424814E-002
   5.5091894873353748        3.5258812719152406        2.0927941777890008E-002
   5.5093444447244151        3.5259804446440484        2.0926887723170716E-002
   5.5094990362947414        3.5260793832487876        2.0925836233090314E-002
   5.5096532637442479        3.5261780888164229        2.0924787295552746E-002
   5.5098071287591530        3.5262765624261148        2.0923740898547084E-002
   5.5099606330139430        3.5263748051494361        2.0922697030147094E-002
   5.5101137781720828        3.5264728180505913        2.0921655678507067E-002
   5.5102665658845931        3.5265706021867800        2.0920616831867540E-002
   5.5104189977922742        3.5266681586076536        2.0919580478546144E-002
   5.5105710755238304        3.5267654883559825        2.0918546606944623E-002
   5.5107228006973266        3.5268625924669599        2.0917515205543830E-002
   5.5108741749198309        3.5269594719693202        2.0916486262902000E-002
   5.5110251997870527        3.5270561278844923        2.0915459767659066E-002
   5.5111758768844901        3.5271525612268104        2.0914435708530396E-002
   5.5113262077867669        3.5272487730043216        2.0913414074307475E-002
   5.5114761940577237        3.5273447642174953        2.0912394853861423E-002
   5.5116258372505085        3.5274405358609253        2.0911378036137220E-002
   5.5117751389082583        3.5275360889218916        2.0910363610154827E-002
   5.5119241005640385        3.5276314243813118        2.0909351565006541E-002
   5.5120727237394407        3.5277265432137948        2.0908341889863499E-002
   5.5122210099474902        3.5278214463868043        2.0907334573964206E-002
   5.5123689606900577        3.5279161348620476        2.0906329606622715E-002
   5.5125165774594267        3.5280106095943435        2.0905326977224487E-002
   5.5126638617379298        3.5281048715325620        2.0904326675225248E-002
   5.5128108149978843        3.5281989216189391        2.0903328690153326E-002
   5.5129574387024070        3.5282927607898631        2.0902333011603283E-002
   5.5131037343043188        3.5283863899751919        2.0901339629243284E-002
   5.5132497032475420        3.5284798100988901        2.0900348532806305E-002
   5.5133953469664467        3.5285730220790770        2.0899359712093155E-002
   5.5135406668862181        3.5286660268276373        2.0898373156971819E-002
   5.5136856644217662        3.5287588252499811        2.0897388857383452E-002
   5.5138303409791183        3.5288514182466924        2.0896406803330530E-002
   5.5139746979557769        3.5289438067118288        2.0895426984880342E-002
   5.5141187367402118        3.5290359915338438        2.0894449392164536E-002
   5.5142624587115003        3.5291279735951973        2.0893474015382059E-002
   5.5144058652396906        3.5292197537729795        2.0892500844795402E-002
   5.5145489576860154        3.5293113329385237        2.0891529870730757E-002
   5.5146917374032522        3.5294027119577391        2.0890561083575218E-002
   5.5148342057355029        3.5294938916902936        2.0889594473780328E-002
   5.5149763640184055        3.5295848729910939        2.0888630031856460E-002
   5.5151182135786323        3.5296756567096104        2.0887667748377269E-002
   5.5152597557343848        3.5297662436893491        2.0886707613978924E-002
   5.5154009917960334        3.5298566347687528        2.0885749619354226E-002
   5.5155419230648981        3.5299468307806725        2.0884793755260034E-002
   5.5156825508347387        3.5300368325534048        2.0883840012506899E-002
   5.5158228763909660        3.5301266409091694        2.0882888381967512E-002
   5.5159629010101394        3.5302162566657120        2.0881938854574150E-002
   5.5161026259624375        3.5303056806349287        2.0880991421310991E-002
   5.5162420525081837        3.5303949136241783        2.0880046073226761E-002
   5.5163811819011599        3.5304839564354751        2.0879102801421245E-002
   5.5165200153864085        3.5305728098659501        2.0878161597054416E-002
   5.5166585542015643        3.5306614747077507        2.0877222451340310E-002
   5.5167967995771887        3.5307499517479379        2.0876285355545688E-002
   5.5169347527350121        3.5308382417688051        2.0875350300997502E-002
   5.5170724148899497        3.5309263455480546        2.0874417279072612E-002
   5.5172097872493229        3.5310142638579975        2.0873486281203966E-002
   5.5173468710126370        3.5311019974664295        2.0872557298878960E-002
   5.5174836673723355        3.5311895471368033        2.0871630323635228E-002
   5.5176201775135780        3.5312769136272926        2.0870705347064585E-002
   5.5177564026142942        3.5313640976916623        2.0869782360810045E-002
   5.5178923438446885        3.5314511000790261        2.0868861356568943E-002
   5.5180280023681236        3.5315379215338809        2.0867942326088535E-002
   5.5181633793410354        3.5316245627964182        2.0867025261165427E-002
   5.5182984759123004        3.5317110246018690        2.0866110153650610E-002
   5.5184332932242510        3.5317973076815012        2.0865196995441471E-002
   5.5185678324123142        3.5318834127619656        2.0864285778485550E-002
   5.5187020946053362        3.5319693405653303        2.0863376494778808E-002
   5.5188360809242711        3.5320550918095250        2.0862469136370566E-002
   5.5189697924842775        3.5321406672079618        2.0861563695354551E-002
   5.5191032303932710        3.5322260674699786        2.0860660163874476E-002
   5.5192363957529249        3.5323112933000540        2.0859758534121624E-002
   5.5193692896583135        3.5323963453994702        2.0858858798331416E-002
   5.5195019131975531        3.5324812244644428        2.0857960948790857E-002
   5.5196342674522585        3.5325659311876429        2.0857064977831654E-002
   5.5197663534981309        3.5326504662570124        2.0856170877831010E-002
   5.5198981724040612        3.5327348303568726        2.0855278641212477E-002
   5.5200297252327157        3.5328190241672814        2.0854388260445139E-002
   5.5201610130407168        3.5329030483641981        2.0853499728042166E-002
   5.5202920368776152        3.5329869036197810        2.0852613036564837E-002
   5.5204227977875471        3.5330705906021480        2.0851728178615320E-002
   5.5205532968083384        3.5331541099754067        2.0850845146840793E-002
   5.5206835349718197        3.5332374623999496        2.0849963933931071E-002
   5.5208135133030698        3.5333206485318165        2.0849084532624136E-002
   5.5209432328219243        3.5334036690240538        2.0848206935694721E-002
   5.5210726945420898        3.5334865245248803        2.0847331135964143E-002
   5.5212018994713175        3.5335692156795755        2.0846457126293679E-002
   5.5213308486115791        3.5336517431293109        2.0845584899587277E-002
   5.5214595429585804        3.5337341075114441        2.0844714448792965E-002
   5.5215879835029931        3.5338163094596782        2.0843845766896459E-002
   5.5217161712289116        3.5338983496042187        2.0842978846927991E-002
   5.5218441071153466        3.5339802285714055        2.0842113681956358E-002
   5.5219717921354716        3.5340619469842647        2.0841250265090722E-002
   5.5220992272567999        3.5341435054618779        2.0840388589481753E-002
   5.5222264134416124        3.5342249046203253        2.0839528648316615E-002
   5.5223533516464762        3.5343061450712714        2.0838670434825624E-002
   5.5224800428218934        3.5343872274236898        2.0837813942278603E-002
   5.5226064879142962        3.5344681522827130        2.0836959163978833E-002
   5.5227326878630860        3.5345489202499176        2.0836106093276359E-002
   5.5228586436037981        3.5346295319239993        2.0835254723550713E-002
   5.5229843560656677        3.5347099878993680        2.0834405048226902E-002
   5.5231098261727087        3.5347902887677294        2.0833557060765336E-002
   5.5232350548443954        3.5348704351175884        2.0832710754660078E-002
   5.5233600429944065        3.5349504275336265        2.0831866123446771E-002
   5.5234847915314376        3.5350302665973725        2.0831023160696641E-002
   5.5236093013592340        3.5351099528872241        2.0830181860016270E-002
   5.5237335733762443        3.5351894869780849        2.0829342215050357E-002
   5.5238576084760380        3.5352688694419019        2.0828504219478051E-002
   5.5239814075470859        3.5353481008471732        2.0827667867015474E-002
   5.5241049714726662        3.5354271817594833        2.0826833151414544E-002
   5.5242283011315392        3.5355061127410137        2.0826000066461216E-002
   5.5243513973974681        3.5355848943510755        2.0825168605976097E-002
   5.5244742611389999        3.5356635271457475        2.0824338763816640E-002
   5.5245968932206448        3.5357420116777716        2.0823510533871763E-002
   5.5247192945012547        3.5358203484973365        2.0822683910067214E-002
   5.5248414658355811        3.5358985381512094        2.0821858886360747E-002
   5.5249634080731669        3.5359765811833905        2.0821035456745414E-002
   5.5250851220592638        3.5360544781345027        2.0820213615247007E-002
   5.5252066086342317        3.5361322295426940        2.0819393355924184E-002
   5.5253278686342036        3.5362098359426506        2.0818574672868267E-002
   5.5254489028904823        3.5362872978664979        2.0817757560203373E-002
   5.5255697122294514        3.5363646158435684        2.0816942012087527E-002
   5.5256902974734823        3.5364417903997931        2.0816128022710174E-002
   5.5258106594404639        3.5365188220586012        2.0815315586291645E-002
   5.5259307989438309        3.5365957113405617        2.0814504697084124E-002
   5.5260507167919721        3.5366724587635265        2.0813695349374016E-002
   5.5261704137898802        3.5367490648421529        2.0812887537475511E-002
   5.5262898907374369        3.5368255300885449        2.0812081255736789E-002
   5.5264091484304396        3.5369018550121463        2.0811276498535442E-002
   5.5265281876608752        3.5369780401195108        2.0810473260277847E-002
   5.5266470092154618        3.5370540859144461        2.0809671535405694E-002
   5.5267656138776609        3.5371299928982780        2.0808871318385512E-002
   5.5268840024263408        3.5372057615693739        2.0808072603716539E-002
   5.5270021756358094        3.5372813924235325        2.0807275385929341E-002
   5.5271201342770722        3.5373568859539994        2.0806479659579741E-002
   5.5272378791165035        3.5374322426511178        2.0805685419256238E-002
   5.5273554109162468        3.5375074630030809        2.0804892659575736E-002
   5.5274727304349751        3.5375825474950919        2.0804101375182536E-002
   5.5275898384270601        3.5376574966098695        2.0803311560750670E-002
   5.5277067356425977        3.5377323108276668        2.0802523210983762E-002
   5.5278234228279262        3.5378069906261649        2.0801736320612853E-002
   5.5279399007254062        3.5378815364806107        2.0800950884397002E-002
   5.5280561700734472        3.5379559488634689        2.0800166897124238E-002
   5.5281722316067761        3.5380302282450469        2.0799384353608310E-002
   5.5282880860565822        3.5381043750929031        2.0798603248689849E-002
   5.5284037341493297        3.5381783898723489        2.0797823577240443E-002
   5.5285191766083601        3.5382522730460995        2.0797045334156061E-002
   5.5286344141530686        3.5383260250746544        2.0796268514359818E-002
   5.5287494474990471        3.5383996464160710        2.0795493112801957E-002
   5.5288642773581111        3.5384731375257372        2.0794719124460403E-002
   5.5289789044382038        3.5385464988572326        2.0793946544338596E-002
   5.5290933294445015        3.5386197308610181        2.0793175367464178E-002
   5.5292075530772733        3.5386928339860160        2.0792405588894398E-002
   5.5293215760344250        3.5387658086784204        2.0791637203707580E-002
   5.5294353990090066        3.5388386553820759        2.0790870207013847E-002
   5.5295490226911514        3.5389113745386100        2.0790104593945452E-002
   5.5296624477677376        3.5389839665875682        2.0789340359657977E-002
   5.5297756749214573        3.5390564319660678        2.0788577499335818E-002
   5.5298887048322687        3.5391287711088157        2.0787816008185182E-002
   5.5300015381757524        3.5392009844487164        2.0787055881440076E-002
   5.5301141756246794        3.5392730724160533        2.0786297114357300E-002
   5.5302266178483190        3.5393450354390974        2.0785539702217904E-002
   5.5303388655122250        3.5394168739440017        2.0784783640328475E-002
   5.5304509192788487        3.5394885883545792        2.0784028924018937E-002
   5.5305627798073225        3.5395601790926703        2.0783275548642403E-002
   5.5306744477531291        3.5396316465778028        2.0782523509577804E-002
   5.5307859237687103        3.5397029912276761        2.0781772802225495E-002
   5.5308972085030179        3.5397742134577035        2.0781023422010780E-002
   5.5310083026018866        3.5398453136811434        2.0780275364381724E-002
   5.5311192067081700        3.5399162923089960        2.0779528624808797E-002
   5.5312299214609419        3.5399871497507189        2.0778783198786524E-002
   5.5313404474961043        3.5400578864134191        2.0778039081832997E-002
   5.5314507854468715        3.5401285027018679        2.0777296269487554E-002
   5.5315609359433209        3.5401989990193301        2.0776554757310335E-002
   5.5316708996117185        3.5402693757669925        2.0775814540887286E-002
   5.5317806770755826        3.5403396333437445        2.0775075615825690E-002
   5.5318902689551237        3.5404097721466554        2.0774337977755426E-002
   5.5319996758680752        3.5404797925708706        2.0773601622325256E-002
   5.5321088984286684        3.5405496950095072        2.0772866545208095E-002
   5.5322179372477693        3.5406194798537824        2.0772132742099887E-002
   5.5323267929337039        3.5406891474929099        2.0771400208716026E-002
   5.5324354660921626        3.5407586983142267        2.0770668940791388E-002
   5.5325439573249495        3.5408281327032056        2.0769938934086251E-002
   5.5326522672313834        3.5408974510431213        2.0769210184380646E-002
   5.5327603964075118        3.5409666537158664        2.0768482687475574E-002
   5.5328683454472740        3.5410357411011586        2.0767756439189908E-002
   5.5329761149408014        3.5411047135771261        2.0767031435366658E-002
   5.5330837054759225        3.5411735715195172        2.0766307671868232E-002
   5.5331911176371520        3.5412423153027408        2.0765585144578071E-002
   5.5332983520065078        3.5413109452991924        2.0764863849398775E-002
   5.5334054091629570        3.5413794618796066        2.0764143782253695E-002
   5.5335122896834559        3.5414478654126125        2.0763424939083286E-002
   5.5336189941406966        3.5415161562653141        2.0762707315854119E-002
   5.5337255231057334        3.5415843348029603        2.0761990908547308E-002
   5.5338318771462989        3.5416524013890673        2.0761275713166178E-002
   5.5339380568281804        3.5417203563853175        2.0760561725730035E-002
   5.5340440627131970        3.5417882001516827        2.0759848942283356E-002
   5.5341498953610291        3.5418559330464352        2.0759137358887087E-002
   5.5342555553294552        3.5419235554261559        2.0758426971617460E-002
   5.5343610431724537        3.5419910676456343        2.0757717776575337E-002
   5.5344663594420194        3.5420584700579902        2.0757009769877155E-002
   5.5345715046870563        3.5421257630146838        2.0756302947660218E-002
   5.5346764794542898        3.5421929468656375        2.0755597306077907E-002
   5.5347812842873871        3.5422600219589091        2.0754892841304908E-002
   5.5348859197279774        3.5423269886408155        2.0754189549531940E-002
   5.5349903863145524        3.5423938472562768        2.0753487426969957E-002
   5.5350946845837061        3.5424605981484909        2.0752786469845193E-002
   5.5351988150685925        3.5425272416589424        2.0752086674406506E-002
   5.5353027783008306        3.5425937781276367        2.0751388036915584E-002
   5.5354065748089623        3.5426602078928857        2.0750690553654912E-002
   5.5355102051190253        3.5427265312910956        2.0749994220925702E-002
   5.5356136697544542        3.5427927486581066        2.0749299035044265E-002
   5.5357169692369830        3.5428588603269868        2.0748604992344433E-002
   5.5358201040852171        3.5429248666297020        2.0747912089179268E-002
   5.5359230748154253        3.5429907678970132        2.0747220321917576E-002
   5.5360258819414421        3.5430565644577126        2.0746529686946725E-002
   5.5361285259750135        3.5431222566392946        2.0745840180668929E-002
   5.5362310074253669        3.5431878447674152        2.0745151799504927E-002
   5.5363333267990082        3.5432533291665589        2.0744464539892933E-002
   5.5364354846003954        3.5433187101594994        2.0743778398287040E-002
   5.5365374813320587        3.5433839880676365        2.0743093371155645E-002
   5.5366393174932993        3.5434491632107870        2.0742409454988245E-002
   5.5367409935817378        3.5435142359074097        2.0741726646287394E-002
   5.5368425100924519        3.5435792064742881        2.0741044941573760E-002
   5.5369438675185325        3.5436440752270846        2.0740364337381773E-002
   5.5370450663505562        3.5437088424795840        2.0739684830264466E-002
   5.5371461070765937        3.5437735085442483        2.0739006416791703E-002
   5.5372469901832062        3.5438380737324411        2.0738329093544759E-002
   5.5373477161540405        3.5439025383535672        2.0737652857125637E-002
   5.5374482854707159        3.5439669027161660        2.0736977704149485E-002
   5.5375486986128317        3.5440311671270508        2.0736303631247198E-002
   5.5376489560575486        3.5440953318917519        2.0735630635066039E-002
   5.5377490582802507        3.5441593973140915        2.0734958712267781E-002
   5.5378490057536913        3.5442233636969473        2.0734287859530440E-002
   5.5379487989484399        3.5442872313416127        2.0733618073548100E-002
   5.5380484383333242        3.5443510005480201        2.0732949351028120E-002
   5.5381479243751164        3.5444146716146427        2.0732281688692900E-002
   5.5382472575382247        3.5444782448389294        2.0731615083280048E-002
   5.5383464382848135        3.5445417205168832        2.0730949531543068E-002
   5.5384454670752437        3.5446050989428564        2.0730285030249911E-002
   5.5385443443676543        3.5446683804099859        2.0729621576183566E-002
   5.5386430706184022        3.5447315652104137        2.0728959166139375E-002
   5.5387416462812222        3.5447946536347588        2.0728297796930584E-002
   5.5388400718083011        3.5448576459720211        2.0727637465383517E-002
   5.5389383476497587        3.5449205425104391        2.0726978168337462E-002
   5.5390364742535514        3.5449833435368578        2.0726319902647009E-002
   5.5391344520658023        3.5450460493366309        2.0725662665180802E-002
   5.5392322815306008        3.5451086601940514        2.0725006452821156E-002
   5.5393299630895898        3.5451711763918299        2.0724351262467623E-002
   5.5394274971833521        3.5452335982117362        2.0723697091028417E-002
   5.5395248842497278        3.5452959259342887        2.0723043935429376E-002
   5.5396221247248860        3.5453581598384445        2.0722391792609793E-002
   5.5397192190431195        3.5454203002022400        2.0721740659521436E-002
   5.5398161676371718        3.5454823473023747        2.0721090533128268E-002
   5.5399129709371993        3.5455443014144299        2.0720441410410691E-002
   5.5400096293719328        3.5456061628126636        2.0719793288360665E-002
   5.5401061433678525        3.5456679317700188        2.0719146163985579E-002
   5.5402025133499295        3.5457296085585481        2.0718500034303439E-002
   5.5402987397409040        3.5457911934488973        2.0717854896347868E-002
   5.5403948229622371        3.5458526867105209        2.0717210747162925E-002
   5.5404907634327607        3.5459140886114811        2.0716567583810113E-002
   5.5405865615699428        3.5459753994192860        2.0715925403359814E-002
   5.5406822177896862        3.5460366193998549        2.0715284202895406E-002
   5.5407777325055063        3.5460977488179424        2.0714643979515855E-002
   5.5408731061293750        3.5461587879372471        2.0714004730331390E-002
   5.5409683390715188        3.5462197370203143        2.0713366452464726E-002
   5.5410634317404313        3.5462805963284389        2.0712729143051320E-002
   5.5411583845429844        3.5463413661219820        2.0712092799237861E-002
   5.5412531978836110        3.5464020466600656        2.0711457418187088E-002
   5.5413478721660718        3.5464626382007869        2.0710822997068733E-002
   5.5414424077911928        3.5465231410010167        2.0710189533070873E-002
   5.5415368051588354        3.5465835553166123        2.0709557023389932E-002
   5.5416310646673868        3.5466438814021140        2.0708925465234007E-002
   5.5417251867128465        3.5467041195112654        2.0708294855825624E-002
   5.5418191716897596        3.5467642698965061        2.0707665192398871E-002
   5.5419130199913269        3.5468243328093862        2.0707036472197543E-002
   5.5420067320080850        3.5468843085001645        2.0706408692482720E-002
   5.5421003081299602        3.5469441972182216        2.0705781850521660E-002
   5.5421937487448449        3.5470039992118618        2.0705155943595215E-002
   5.5422870542389147        3.5470637147280133        2.0704530968997235E-002
   5.5423802249970420        3.5471233440131500        2.0703906924029757E-002
   5.5424732614015877        3.5471828873121773        2.0703283806012159E-002
   5.5425661638343389        3.5472423448691499        2.0702661612269770E-002
   5.5426589326748905        3.5473017169272771        2.0702040340141507E-002
   5.5427515683013677        3.5473610037283194        2.0701419986978310E-002
   5.5428440710903297        3.5474202055133039        2.0700800550141413E-002
   5.5429364414165789        3.5474793225222250        2.0700182027004136E-002
   5.5430286796537738        3.5475383549940496        2.0699564414948964E-002
   5.5431207861735263        3.5475973031666226        2.0698947711372123E-002
   5.5432127613461208        3.5476561672769740        2.0698331913679244E-002
   5.5433046055401149        3.5477149475611225        2.0697717019287798E-002
   5.5433963191227544        3.5477736442539793        2.0697103025625479E-002
   5.5434879024594741        3.5478322575895560        2.0696489930131897E-002
   5.5435793559146118        3.5478907878007679        2.0695877730255784E-002
   5.5436706798505115        3.5479492351196398        2.0695266423458654E-002
   5.5437618746285349        3.5480075997775109        2.0694656007209340E-002
   5.5438529406077670        3.5480658820041397        2.0694046478992863E-002
   5.5439438781466244        3.5481240820289086        2.0693437836299147E-002
   5.5440346876017621        3.5481822000799297        2.0692830076630909E-002
   5.5441253693278840        3.5482402363846477        2.0692223197502725E-002
   5.5442159236789470        3.5482981911693474        2.0691617196436821E-002
   5.5443063510069699        3.5483560646593575        2.0691012070968077E-002
   5.5443966516629404        3.5484138570791548        2.0690407818639414E-002
   5.5444868259958264        3.5484715686522694        2.0689804437006801E-002
   5.5445768743535773        3.5485291996012891        2.0689201923634420E-002
   5.5446667970826340        3.5485867501479644        2.0688600276096741E-002
   5.5447565945280362        3.5486442205130140        2.0687999491978557E-002
   5.5448462670332326        3.5487016109163281        2.0687399568875258E-002
   5.5449358149406791        3.5487589215770701        2.0686800504389716E-002
   5.5450252385909584        3.5488161527132882        2.0686202296137612E-002
   5.5451145383234781        3.5488733045421164        2.0685604941743509E-002
   5.5452037144761812        3.5489303772798775        2.0685008438841929E-002
   5.5452927673858481        3.5489873711421858        2.0684412785075584E-002
   5.5453816973878087        3.5490442863433622        2.0683817978098526E-002
   5.5454705048158530        3.5491011230972247        2.0683224015574170E-002
   5.5455591900027255        3.5491578816166980        2.0682630895174116E-002
   5.5456477532792530        3.5492145621138200        2.0682038614582277E-002
   5.5457361949757189        3.5492711647995505        2.0681447171488940E-002
   5.5458245154205024        3.5493276898841652        2.0680856563596008E-002
   5.5459127149409646        3.5493841375770665        2.0680266788613375E-002
   5.5460007938628690        3.5494405080870775        2.0679677844260787E-002
   5.5460887525108760        3.5494968016217667        2.0679089728267524E-002
   5.5461765912080621        3.5495530183880355        2.0678502438372919E-002
   5.5462643102765110        3.5496091585921214        2.0677915972323518E-002
   5.5463519100373171        3.5496652224390215        2.0677330327874832E-002
   5.5464393908095273        3.5497212101332707        2.0676745502793959E-002
   5.5465267529115039        3.5497771218786554        2.0676161494854031E-002
   5.5466139966599624        3.5498329578778307        2.0675578301839893E-002
   5.5467011223709433        3.5498887183329049        2.0674995921541747E-002
   5.5467881303584692        3.5499444034448633        2.0674414351763249E-002
   5.5468750209357056        3.5500000134142486        2.0673833590313943E-002
   5.5469617944144884        3.5500555484408736        2.0673253635012385E-002
   5.5470484511057121        3.5501110087232495        2.0672674483685993E-002
   5.5471349913184733        3.5501663944594548        2.0672096134172511E-002
   5.5472214153611299        3.5502217058468504        2.0671518584315835E-002
   5.5473077235407331        3.5502769430817964        2.0670941831969554E-002
   5.5473939161629389        3.5503321063600386        2.0670365874996207E-002
   5.5474799935324901        3.5503871958765210        2.0669790711265540E-002
   5.5475659559527459        3.5504422118253895        2.0669216338656763E-002
   5.5476518037257829        3.5504971544001864        2.0668642755057441E-002
   5.5477375371525914        3.5505520237933781        2.0668069958364007E-002
   5.5478231565330800        3.5506068201969292        2.0667497946479995E-002
   5.5479086621658942        3.5506615438019264        2.0666926717318051E-002
   5.5479940543483242        3.5507161947987727        2.0666356268799747E-002
   5.5480793333770704        3.5507707733770943        2.0665786598852268E-002
   5.5481644995471111        3.5508252797259359        2.0665217705413165E-002
   5.5482495531522789        3.5508797140334778        2.0664649586428472E-002
   5.5483344944856414        3.5509340764868527        2.0664082239851476E-002
   5.5484193238392239        3.5509883672730926        2.0663515663641132E-002
   5.5485040415033549        3.5510425865780948        2.0662949855768314E-002
   5.5485886477674251        3.5510967345871904        2.0662384814210500E-002
   5.5486731429199896        3.5511508114849595        2.0661820536951810E-002
   5.5487575272483918        3.5512048174551407        2.0661257021985110E-002
   5.5488418010385860        3.5512587526808237        2.0660694267312225E-002
   5.5489259645757958        3.5513126173446383        2.0660132270940258E-002
   5.5490100181439601        3.5513664116281025        2.0659571030886194E-002
   5.5490939620257356        3.5514201357124691        2.0659010545174310E-002
   5.5491777965031597        3.5514737897779791        2.0658450811835309E-002
   5.5492615218568107        3.5515273740042410        2.0657891828909120E-002
   5.5493451383662835        3.5515808885703262        2.0657333594442395E-002
   5.5494286463101927        3.5516343336543983        2.0656776106489562E-002
   5.5495120459659919        3.5516877094342774        2.0656219363112016E-002
   5.5495953376102580        3.5517410160866039        2.0655663362379291E-002
   5.5496785215185085        3.5517942537878655        2.0655108102366766E-002
   5.5497615979646513        3.5518474227134713        2.0654553581161163E-002
   5.5498445672225678        3.5519005230384044        2.0653999796850987E-002
   5.5499274295640753        3.5519535549368544        2.0653446747537347E-002
   5.5500101852606942        3.5520065185825906        2.0652894431324377E-002
   5.5500928345823564        3.5520594141484101        2.0652342846327131E-002
   5.5501753777984275        3.5521122418066033        2.0651791990665226E-002
   5.5502578151769724        3.5521650017288646        2.0651241862466654E-002
   5.5503401469851292        3.5522176940862025        2.0650692459866258E-002
   5.5504223734893889        3.5522703190488514        2.0650143781004673E-002
   5.5505044949543141        3.5523228767865502        2.0649595824033546E-002
   5.5505865116447488        3.5523753674683625        2.0649048587105624E-002
   5.5506684238236179        3.5524277912628608        2.0648502068384596E-002
   5.5507502317528514        3.5524801483376729        2.0647956266042104E-002
   5.5508319356939380        3.5525324388599429        2.0647411178253725E-002
   5.5509135359071964        3.5525846629964244        2.0646866803202130E-002
   5.5509950326516888        3.5526368209128445        2.0646323139079409E-002
   5.5510764261857739        3.5526889127746371        2.0645780184082245E-002
   5.5511577167667463        3.5527409387463975        2.0645237936415265E-002
   5.5512389046511146        3.5527928989922515        2.0644696394288606E-002
   5.5513199900940595        3.5528447936757654        2.0644155555920741E-002
   5.5514009733501650        3.5528966229596768        2.0643615419535851E-002
   5.5514818546732414        3.5529483870064422        2.0643075983362971E-002
   5.5515626343155127        3.5530000859775144        2.0642537245642054E-002
   5.5516433125288911        3.5530517200339791        2.0641999204616002E-002
   5.5517238895638936        3.5531032893364678        2.0641461858536027E-002
   5.5518043656705514        3.5531547940447075        2.0640925205658758E-002
   5.5518847410976004        3.5532062343180657        2.0640389244248370E-002
   5.5519650160932974        3.5532576103151925        2.0639853972573844E-002
   5.5520451909043427        3.5533089221943839        2.0639319388912933E-002
   5.5521252657771463        3.5533601701130428        2.0638785491547816E-002
   5.5522052409568410        3.5534113542280439        2.0638252278768660E-002
   5.5522851166878260        3.5534624746960035        2.0637719748870229E-002
   5.5523648932136815        3.5535135316726549        2.0637187900154164E-002
   5.5524445707769923        3.5535645253132100        2.0636656730928751E-002
   5.5525241496194431        3.5536154557721815        2.0636126239508959E-002
   5.5526036299816433        3.5536663232040144        2.0635596424215429E-002
   5.5526830121039339        3.5537171277621908        2.0635067283373266E-002
   5.5527622962248744        3.5537678695995925        2.0634538815318192E-002
   5.5528414825828536        3.5538185488687706        2.0634011018388049E-002
   5.5529205714156467        3.5538691657216797        2.0633483890925716E-002
   5.5529995629592603        3.5539197203095920        2.0632957431284831E-002
   5.5530784574494509        3.5539702127832786        2.0632431637822062E-002
   5.5531572551211950        3.5540206432931876        2.0631906508899067E-002
   5.5532359562079812        3.5540710119888264        2.0631382042887697E-002
   5.5533145609431473        3.5541213190193859        2.0630858238161812E-002
   5.5533930695588172        3.5541715645335636        2.0630335093102810E-002
   5.5534714822866160        3.5542217486794789        2.0629812606096525E-002
   5.5535497993571408        3.5542718716045862        2.0629290775535960E-002
   5.5536280210001410        3.5543219334561202        2.0628769599819140E-002
   5.5537061474445233        3.5543719343803910        2.0628249077351158E-002
   5.5537841789183560        3.5544218745234923        2.0627729206542041E-002
   5.5538621156488706        3.5544717540310393        2.0627209985807540E-002
   5.5539399578625561        3.5545215730478192        2.0626691413569716E-002
   5.5540177057852471        3.5545713317184084        2.0626173488254674E-002
   5.5540953596418667        3.5546210301865608        2.0625656208295630E-002
   5.5541729196563399        3.5546706685957363        2.0625139572131700E-002
   5.5542503860521260        3.5547202470889272        2.0624623578205926E-002
   5.5543277590512554        3.5547697658084858        2.0624108224970333E-002
   5.5544050388759132        3.5548192248963888        2.0623593510877648E-002
   5.5544822257468613        3.5548686244938028        2.0623079434390085E-002
   5.5545593198844978        3.5549179647417852        2.0622565993972213E-002
   5.5546363215078074        3.5549672457807624        2.0622053188097449E-002
   5.5547132308355023        3.5550164677504452        2.0621541015242991E-002
   5.5547900480855006        3.5550656307904407        2.0621029473890374E-002
   5.5548667734747568        3.5551147350395578        2.0620518562528400E-002
   5.5549434072196116        3.5551637806362439        2.0620008279650159E-002
   5.5550199495353629        3.5552127677184151        2.0619498623755561E-002
   5.5550964006372228        3.5552616964235426        2.0618989593346539E-002
   5.5551727607390182        3.5553105668886569        2.0618481186933213E-002
   5.5552490300538899        3.5553593792500884        2.0617973403031321E-002
   5.5553252087945557        3.5554081336439896        2.0617466240159449E-002
   5.5554012971725326        3.5554568302059915        2.0616959696843681E-002
   5.5554772953992657        3.5555054690711181        2.0616453771612576E-002
   5.5555532036848359        3.5555540503738761        2.0615948463002999E-002
   5.5556290222386524        3.5556025742485153        2.0615443769555996E-002
   5.5557047512700599        3.5556510408286850        2.0614939689815044E-002
   5.5557803909867056        3.5556994502474377        2.0614436222333700E-002
   5.5558559415963478        3.5557478026374887        2.0613933365666300E-002
   5.5559314033053990        3.5557960981313022        2.0613431118374569E-002
   5.5560067763200465        3.5558443368606660        2.0612929479023604E-002
   5.5560820608454797        3.5558925189568646        2.0612428446185004E-002
   5.5561572570863262        3.5559406445509381        2.0611928018434034E-002
   5.5562323652463084        3.5559887137733401        2.0611428194352271E-002
   5.5563073855288474        3.5560367267540283        2.0610928972524496E-002
   5.5563823181359542        3.5560846836226347        2.0610430351543363E-002
   5.5564571632696014        3.5561325845082132        2.0609932330003751E-002
   5.5565319211308681        3.5561804295395807        2.0609434906505717E-002
   5.5566065919202883        3.5562282188447245        2.0608938079654669E-002
   5.5566811758372552        3.5562759525515699        2.0608441848061845E-002
   5.5567556730810468        3.5563236307875554        2.0607946210340761E-002
   5.5568300838498912        3.5563712536795511        2.0607451165111850E-002
   5.5569044083413965        3.5564188213540300        2.0606956710999956E-002
   5.5569786467526381        3.5564663339371534        2.0606462846633609E-002
   5.5570527992796528        3.5565137915544360        2.0605969570648454E-002
   5.5571268661183728        3.5565611943310853        2.0605476881681822E-002
   5.5572008474636139        3.5566085423920022        2.0604984778377487E-002
   5.5572747435097529        3.5566558358615308        2.0604493259383221E-002
   5.5573485544503942        3.5567030748636288        2.0604002323351866E-002
   5.5574222804784572        3.5567502595217002        2.0603511968941418E-002
   5.5574959217865985        3.5567973899588505        2.0603022194812255E-002
   5.5575694785662906        3.5568444662979712        2.0602532999631235E-002
   5.5576429510087486        3.5568914886611545        2.0602044382069102E-002
   5.5577163393042612        3.5569384571701987        2.0601556340802095E-002
   5.5577896436426126        3.5569853719466931        2.0601068874509708E-002
   5.5578628642129182        3.5570322331116011        2.0600581981876722E-002
   5.5579360012036263        3.5570790407857644        2.0600095661591680E-002
   5.5580090548027732        3.5571257950891515        2.0599609912347931E-002
   5.5580820251973160        3.5571724961416953        2.0599124732844275E-002
   5.5581549125740537        3.5572191440627940        2.0598640121782117E-002
   5.5582277171190473        3.5572657389715632        2.0598156077867406E-002
   5.5583004390174526        3.5573122809865025        2.0597672599812482E-002
   5.5583730784541094        3.5573587702259162        2.0597189686331993E-002
   5.5584456356131255        3.5574052068076631        2.0596707336145610E-002
   5.5585181106781301        3.5574515908492428        2.0596225547976587E-002
   5.5585905038317769        3.5574979224675465        2.0595744320554842E-002
   5.5586628152564934        3.5575442017794416        2.0595263652611669E-002
   5.5587350451340711        3.5575904289010252        2.0594783542883899E-002
   5.5588071936454160        3.5576366039482892        2.0594303990113114E-002
   5.5588792609711328        3.5576827270367910        2.0593824993043828E-002
   5.5589512472911959        3.5577287982815720        2.0593346550425322E-002
   5.5590231527847047        3.5577748177974073        2.0592868661012034E-002
   5.5590949776302976        3.5578207856986426        2.0592391323562095E-002
   5.5591667220063199        3.5578667020993593        2.0591914536836037E-002
   5.5592383860902492        3.5579125671131302        2.0591438299600241E-002
   5.5593099700590285        3.5579583808532669        2.0590962610624611E-002
   5.5593814740890650        3.5580041434325760        2.0590487468683340E-002
   5.5594528983562377        3.5580498549635236        2.0590012872554339E-002
   5.5595242430354839        3.5580955155582377        2.0589538821021210E-002
   5.5595955083016255        3.5581411253285915        2.0589065312869075E-002
   5.5596666943287971        3.5581866843859586        2.0588592346888025E-002
   5.5597378012902832        3.5582321928412965        2.0588119921873631E-002
   5.5598088293590946        3.5582776508053127        2.0587648036623725E-002
   5.5598797787075602        3.5583230583884644        2.0587176689940315E-002
   5.5599506495075772        3.5583684157003903        2.0586705880630118E-002
   5.5600214419303651        3.5584137228509709        2.0586235607502546E-002
   5.5600921561465517        3.5584589799493531        2.0585765869372229E-002
   5.5601627923262571        3.5585041871044392        2.0585296665057103E-002
   5.5602333506390131        3.5585493444246450        2.0584827993379587E-002
   5.5603038312542532        3.5585944520183079        2.0584359853162985E-002
   5.5603742343400979        3.5586395099932808        2.0583892243238477E-002
   5.5604445600646537        3.5586845184569351        2.0583425162438947E-002
   5.5605148085950447        3.5587294775164047        2.0582958609602856E-002
   5.5605849800985458        3.5587743872785871        2.0582492583568833E-002
   5.5606550747409687        3.5588192478499026        2.0582027083184084E-002
   5.5607250926885232        3.5588640593363761        2.0581562107295313E-002
   5.5607950341064436        3.5589088218437195        2.0581097654754969E-002
   5.5608648991591565        3.5589535354775750        2.0580633724419723E-002
   5.5609346880112467        3.5589982003427902        2.0580170315148083E-002
   5.5610044008258503        3.5590428165442272        2.0579707425805553E-002
   5.5610740377667502        3.5590873841862778        2.0579245055256202E-002
   5.5611435989962033        3.5591319033730282        2.0578783202372396E-002
   5.5612130846762318        3.5591763742082594        2.0578321866028742E-002
   5.5612824949686237        3.5592207967952878        2.0577861045102536E-002
   5.5613518300342939        3.5592651712373682        2.0577400738475558E-002
   5.5614210900338463        3.5593094976370527        2.0576940945033380E-002
   5.5614902751274151        3.5593537760969145        2.0576481663663916E-002
   5.5615593854744292        3.5593980067190674        2.0576022893259969E-002
   5.5616284212338529        3.5594421896052482        2.0575564632717858E-002
   5.5616973825645850        3.5594863248568176        2.0575106880935556E-002
   5.5617662696242673        3.5595304125750014        2.0574649636817519E-002
   5.5618350825704805        3.5595744528606508        2.0574192899269841E-002
   5.5619038215604277        3.5596184458140865        2.0573736667202153E-002
   5.5619724867505393        3.5596623915357353        2.0573280939527618E-002
   5.5620410782966330        3.5597062901253369        2.0572825715164528E-002
   5.5621095963547109        3.5597501416825006        2.0572370993030879E-002
   5.5621780410794521        3.5597939463063892        2.0571916772052438E-002
   5.5622464126256448        3.5598377040958797        2.0571463051155505E-002
   5.5623147111470752        3.5598814151496425        2.0571009829271899E-002
   5.5623829367977198        3.5599250795660646        2.0570557105333585E-002
   5.5624510897303221        3.5599686974430127        2.0570104878280072E-002
   5.5625191700978185        3.5600122688781504        2.0569653147050761E-002
   5.5625871780522322        3.5600557939690192        2.0569201910589904E-002
   5.5626551137452287        3.5600992728125656        2.0568751167845400E-002
   5.5627229773281188        3.5601427055055366        2.0568300917767603E-002
   5.5627907689515430        3.5601860921445598        2.0567851159310563E-002
   5.5628584887657908        3.5602294328255937        2.0567401891432181E-002
   5.5629261369207219        3.5602727276447146        2.0566953113092173E-002
   5.5629937135656107        3.5603159766974120        2.0566504823254988E-002
   5.5630612188492279        3.5603591800789016        2.0566057020888432E-002
   5.5631286529203123        3.5604023378842857        2.0565609704960977E-002
   5.5631960159263967        3.5604454502082392        2.0565162874448231E-002
   5.5632633080151423        3.5604885171450116        2.0564716528326647E-002
   5.5633305293334008        3.5605315387888190        2.0564270665576777E-002
   5.5633976800280749        3.5605745152334540        2.0563825285180370E-002
   5.5634647602451048        3.5606174465723655        2.0563380386124895E-002
   5.5635317701302522        3.5606603328989719        2.0562935967398957E-002
   5.5635987098287103        3.5607031743059601        2.0562492027996183E-002
   5.5636655794851846        3.5607459708861442        2.0562048566912277E-002
   5.5637323792441276        3.5607887227318429        2.0561605583145813E-002
   5.5637991092495067        3.5608314299351926        2.0561163075698351E-002
   5.5638657696444191        3.5608740925879925        2.0560721043576733E-002
   5.5639323605722559        3.5609167107817061        2.0560279485787588E-002
   5.5639988821752322        3.5609592846076943        2.0559838401343556E-002
   5.5640653345957034        3.5610018141568300        2.0559397789258249E-002
   5.5641317179755498        3.5610442995198079        2.0558957648548218E-002
   5.5641980324554803        3.5610867407870685        2.0558517978236452E-002
   5.5642642781769691        3.5611291380487229        2.0558078777343492E-002
   5.5643304552798600        3.5611714913946289        2.0557640044898476E-002
   5.5643965639044541        3.5612138009144712        2.0557201779929049E-002
   5.5644626041902763        3.5612560666973754        2.0556763981468409E-002
   5.5645285762763841        3.5612982888325271        2.0556326648551868E-002
   5.5645944803015253        3.5613404674086326        2.0555889780217843E-002
   5.5646603164039847        3.5613826025142283        2.0555453375507557E-002
