 k   gradient vector, at each step of the optimization (k):

           1  -6.1756696421228809E-003  -3.9524285698682333E-003
           2  -6.0438280310867584E-003  -3.8680499375622368E-003
           3  -5.9597210504821014E-003  -3.8142214713468747E-003
           4  -5.8984677056724000E-003  -3.7750193274564262E-003
           5  -5.8505320001804298E-003  -3.7443404771223001E-003
           6  -5.8112814042440841E-003  -3.7192201032268499E-003
           7  -5.7781258451512557E-003  -3.6980005435463346E-003
           8  -5.7494746538519327E-003  -3.6796637802666084E-003
           9  -5.7242828456323582E-003  -3.6635410196769734E-003
          10  -5.7018281085034605E-003  -3.6491699892352548E-003
          11  -5.6815908797425594E-003  -3.6362181653450489E-003
          12  -5.6631853220128940E-003  -3.6244386069394638E-003
          13  -5.6463172474217754E-003  -3.6136430383499362E-003
          14  -5.6307573626455786E-003  -3.6036847181954695E-003
          15  -5.6163235879666531E-003  -3.5944471015857656E-003
          16  -5.6028689906061661E-003  -3.5858361510950130E-003
          17  -5.5902733059005737E-003  -3.5777749168996844E-003
          18  -5.5784369446523919E-003  -3.5701996416304693E-003
          19  -5.5672764662257441E-003  -3.5630569378128675E-003
          20  -5.5567213444381539E-003  -3.5563016632065409E-003
          21  -5.5467114015291938E-003  -3.5498952980240537E-003
          22  -5.5371949193457788E-003  -3.5438047483812981E-003
          23  -5.5281271266705602E-003  -3.5380013593014252E-003
          24  -5.5194689978064031E-003  -3.5324601558670691E-003
          25  -5.5111863316929938E-003  -3.5271592552693055E-003
          26  -5.5032490081352893E-003  -3.5220793679708439E-003
          27  -5.4956303321768048E-003  -3.5172034111421646E-003
          28  -5.4883065504103649E-003  -3.5125161917761330E-003
          29  -5.4812564510596622E-003  -3.5080041310021548E-003
          30  -5.4744610139915596E-003  -3.5036550448961081E-003
          31  -5.4679030743380016E-003  -3.4994579678235952E-003
          32  -5.4615671655394047E-003  -3.4954029865665827E-003
          33  -5.4554392456298527E-003  -3.4914811157043943E-003
          34  -5.4495065563941354E-003  -3.4876841925783179E-003
          35  -5.4437574514058160E-003  -3.4840047706649552E-003
          36  -5.4381813173362374E-003  -3.4804360394219019E-003
          37  -5.4327683725743777E-003  -3.4769717585748316E-003
          38  -5.4275096875340684E-003  -3.4736061983606458E-003
          39  -5.4223970006977342E-003  -3.4703340750570368E-003
          40  -5.4174226893856743E-003  -3.4671505240415523E-003
          41  -5.4125797309951280E-003  -3.4640510299067937E-003
          42  -5.4078616001568217E-003  -3.4610314276070672E-003
          43  -5.4032622399603266E-003  -3.4580878307063283E-003
          44  -5.3987760131708872E-003  -3.4552166484293676E-003
          45  -5.3943976964562169E-003  -3.4524145227110229E-003
          46  -5.3901223775081417E-003  -3.4496783272733654E-003
          47  -5.3859455071708405E-003  -3.4470051199595067E-003
          48  -5.3818627913103509E-003  -3.4443921882969324E-003
          49  -5.3778702371723771E-003  -3.4418369523230570E-003
          50  -5.3739640760244647E-003  -3.4393370065176699E-003
          51  -5.3701407787582209E-003  -3.4368900941154244E-003
          52  -5.3663970235580576E-003  -3.4344940938668038E-003
          53  -5.3627296765612230E-003  -3.4321469934038926E-003
          54  -5.3591358004893043E-003  -3.4298469105540404E-003
          55  -5.3556126012333080E-003  -3.4275920624820180E-003
          56  -5.3521574480799739E-003  -3.4253807671795569E-003
          57  -5.3487678538557586E-003  -3.4232114272868030E-003
          58  -5.3454414661644632E-003  -3.4210825373868930E-003
          59  -5.3421760430854455E-003  -3.4189926675746852E-003
          60  -5.3389694720684623E-003  -3.4169404610224410E-003
          61  -5.3358197435994202E-003  -3.4149246357655836E-003
          62  -5.3327249449222972E-003  -3.4129439599057767E-003
          63  -5.3296832468185951E-003  -3.4109972832374602E-003
          64  -5.3266929532136799E-003  -3.4090834908915768E-003
          65  -5.3237523988174228E-003  -3.4072015277106125E-003
          66  -5.3208599825093576E-003  -3.4053503934207583E-003
          67  -5.3180142550298317E-003  -3.4035291257424618E-003
          68  -5.3152137564265586E-003  -3.4017368029887677E-003
          69  -5.3124571274073612E-003  -3.3999725595685853E-003
          70  -5.3097430687840778E-003  -3.3982355617626172E-003
          71  -5.3070703199550786E-003  -3.3965250068941867E-003
          72  -5.3044376888191384E-003  -3.3948401250998932E-003
          73  -5.3018440416617695E-003  -3.3931801873744167E-003
          74  -5.2992882595988182E-003  -3.3915444915580640E-003
          75  -5.2967693146891426E-003  -3.3899323581164172E-003
          76  -5.2942861814222865E-003  -3.3883431538203170E-003
          77  -5.2918378930891206E-003  -3.3867762541587732E-003
          78  -5.2894235225387186E-003  -3.3852310514063525E-003
          79  -5.2870421618601395E-003  -3.3837069838785617E-003
          80  -5.2846929732164273E-003  -3.3822035001161523E-003
          81  -5.2823751130537397E-003  -3.3807200727882843E-003
          82  -5.2800877923980753E-003  -3.3792561833667764E-003
          83  -5.2778302356365206E-003  -3.3778113534211952E-003
          84  -5.2756017182617508E-003  -3.3763851031794970E-003
          85  -5.2734015280059086E-003  -3.3749769712177673E-003
          86  -5.2712289578934054E-003  -3.3735865377258300E-003
          87  -5.2690833755969571E-003  -3.3722133526258961E-003
          88  -5.2669641318834337E-003  -3.3708570348751992E-003
          89  -5.2648705888091738E-003  -3.3695171706684189E-003
          90  -5.2628021662701066E-003  -3.3681933868543556E-003
          91  -5.2607583002634009E-003  -3.3668853143800385E-003
          92  -5.2587384335958430E-003  -3.3655925991260029E-003
          93  -5.2567420172915441E-003  -3.3643148941737526E-003
          94  -5.2547685339714477E-003  -3.3630518592219628E-003
          95  -5.2528174915222690E-003  -3.3618031932379296E-003
          96  -5.2508883829831101E-003  -3.3605685668940339E-003
          97  -5.2489807538054064E-003  -3.3593476845213402E-003
          98  -5.2470941390007205E-003  -3.3581402532885294E-003
          99  -5.2452281152991992E-003  -3.3569459893066696E-003
         100  -5.2433822263628291E-003  -3.3557646199307229E-003
         101  -5.2415560683105166E-003  -3.3545958822188489E-003
         102  -5.2397492407130998E-003  -3.3534395100001139E-003
         103  -5.2379613533718051E-003  -3.3522952658570065E-003
         104  -5.2361920254781480E-003  -3.3511628866602847E-003
         105  -5.2344408770770637E-003  -3.3500421605745568E-003
         106  -5.2327075807924528E-003  -3.3489328459619791E-003
         107  -5.2309917549157574E-003  -3.3478347219346944E-003
         108  -5.2292930790722482E-003  -3.3467475748526236E-003
         109  -5.2276112361772662E-003  -3.3456711884194733E-003
         110  -5.2259458955799323E-003  -3.3446053716499878E-003
         111  -5.2242967492771011E-003  -3.3435499108537122E-003
         112  -5.2226634873315317E-003  -3.3425046241110953E-003
         113  -5.2210458302779095E-003  -3.3414693283219722E-003
         114  -5.2194434813951406E-003  -3.3404438250325482E-003
         115  -5.2178561704220765E-003  -3.3394279473845105E-003
         116  -5.2162836323582174E-003  -3.3384215191847922E-003
         117  -5.2147255936907970E-003  -3.3374243788863831E-003
         118  -5.2131817969098800E-003  -3.3364363537157203E-003
         119  -5.2116520174611590E-003  -3.3354572913292485E-003
         120  -5.2101359843256100E-003  -3.3344870338263806E-003
         121  -5.2086334775917767E-003  -3.3335254224135767E-003
         122  -5.2071442526948064E-003  -3.3325723214151924E-003
         123  -5.2056680995612899E-003  -3.3316275804652581E-003
         124  -5.2042047858156968E-003  -3.3306910584224524E-003
         125  -5.2027541043512026E-003  -3.3297626241435715E-003
         126  -5.2013158473404267E-003  -3.3288421300078897E-003
         127  -5.1998898033605388E-003  -3.3279294708795136E-003
         128  -5.1984757739520892E-003  -3.3270244953293370E-003
         129  -5.1970735746498173E-003  -3.3261270918364576E-003
         130  -5.1956830164349120E-003  -3.3252371309874704E-003
         131  -5.1943039183230365E-003  -3.3243545011506412E-003
         132  -5.1929360729830436E-003  -3.3234790934502977E-003
         133  -5.1915793337135602E-003  -3.3226107748324124E-003
         134  -5.1902335055882933E-003  -3.3217494434193465E-003
         135  -5.1888984363855630E-003  -3.3208950016470826E-003
         136  -5.1875739624328374E-003  -3.3200473370598458E-003
         137  -5.1862599171187572E-003  -3.3192063423815982E-003
         138  -5.1849561315462480E-003  -3.3183719278219448E-003
         139  -5.1836624786482360E-003  -3.3175439781127931E-003
         140  -5.1823787751201335E-003  -3.3167224200344996E-003
         141  -5.1811049005553852E-003  -3.3159071358799734E-003
         142  -5.1798407031906774E-003  -3.3150980429015862E-003
         143  -5.1785860360244696E-003  -3.3142950621024947E-003
         144  -5.1773407693135797E-003  -3.3134980867941389E-003
         145  -5.1761047593486681E-003  -3.3127070424801616E-003
         146  -5.1748778807589532E-003  -3.3119218475115195E-003
         147  -5.1736600071543432E-003  -3.3111424013870178E-003
         148  -5.1724510036004158E-003  -3.3103686408663601E-003
         149  -5.1712507510161630E-003  -3.3096004764917603E-003
         150  -5.1700591346919705E-003  -3.3088378407586873E-003
         151  -5.1688760126774730E-003  -3.3080806484341806E-003
         152  -5.1677012922673486E-003  -3.3073288288163203E-003
         153  -5.1665348503429544E-003  -3.3065823059866255E-003
         154  -5.1653765778158743E-003  -3.3058410151092861E-003
         155  -5.1642263680004531E-003  -3.3051048665045982E-003
         156  -5.1630840968398236E-003  -3.3043738263289703E-003
         157  -5.1619496836626646E-003  -3.3036477920586585E-003
         158  -5.1608229948455165E-003  -3.3029267175086626E-003
         159  -5.1597039610746321E-003  -3.3022105325009603E-003
         160  -5.1585924566157002E-003  -3.3014991672169077E-003
         161  -5.1574884046327743E-003  -3.3007925726465720E-003
         162  -5.1563916885404145E-003  -3.3000906803415122E-003
         163  -5.1553022251406341E-003  -3.2993934309083696E-003
         164  -5.1542199406961293E-003  -3.2987007579828587E-003
         165  -5.1531447102457955E-003  -3.2980126168346930E-003
         166  -5.1520764797336402E-003  -3.2973289439356987E-003
         167  -5.1510151362218369E-003  -3.2966496855520227E-003
         168  -5.1499605935005233E-003  -3.2959747857139732E-003
         169  -5.1489127924600579E-003  -3.2953041904407797E-003
         170  -5.1478716238040206E-003  -3.2946378478988462E-003
         171  -5.1468370303010633E-003  -3.2939756962836004E-003
         172  -5.1458089130753523E-003  -3.2933177048596073E-003
         173  -5.1447872012964288E-003  -3.2926638086657628E-003
         174  -5.1437718279043181E-003  -3.2920139700228718E-003
         175  -5.1427626969743259E-003  -3.2913681212999131E-003
         176  -5.1417597495421775E-003  -3.2907262388848974E-003
         177  -5.1407629145957326E-003  -3.2900882653412685E-003
         178  -5.1397721050831574E-003  -3.2894541423113999E-003
         179  -5.1387872757248879E-003  -3.2888238477252678E-003
         180  -5.1378083284871270E-003  -3.2881973259409111E-003
         181  -5.1368352198764592E-003  -3.2875745413816714E-003
         182  -5.1358678621535340E-003  -3.2869554373996602E-003
         183  -5.1349062101699403E-003  -3.2863399776529860E-003
         184  -5.1339501913220840E-003  -3.2857281214523234E-003
         185  -5.1329997511680896E-003  -3.2851198362714115E-003
         186  -5.1320547914316967E-003  -3.2845150688393357E-003
         187  -5.1311152945094883E-003  -3.2839137949631806E-003
         188  -5.1301811868317612E-003  -3.2833159574113808E-003
         189  -5.1292524011390646E-003  -3.2827215407219505E-003
         190  -5.1283288766423045E-003  -3.2821304882113701E-003
         191  -5.1274105758459636E-003  -3.2815427643748301E-003
         192  -5.1264974222211034E-003  -3.2809583508887374E-003
         193  -5.1255893669384456E-003  -3.2803771925032830E-003
         194  -5.1246863473329877E-003  -3.2797992637969642E-003
         195  -5.1237883245884939E-003  -3.2792245317503294E-003
         196  -5.1228952421067987E-003  -3.2786529557852469E-003
         197  -5.1220070464816714E-003  -3.2780845003671259E-003
         198  -5.1211236708531361E-003  -3.2775191476693954E-003
         199  -5.1202450852958431E-003  -3.2769568515689167E-003
         200  -5.1193712215015560E-003  -3.2763975879748063E-003
         201  -5.1185020651622198E-003  -3.2758413213676615E-003
         202  -5.1176375301260528E-003  -3.2752880216357287E-003
         203  -5.1167775928805141E-003  -3.2747376515307970E-003
         204  -5.1159221791683045E-003  -3.2741902046088179E-003
         205  -5.1150712776951808E-003  -3.2736456168817661E-003
         206  -5.1142248181173348E-003  -3.2731038847764573E-003
         207  -5.1133827722288630E-003  -3.2725649725374550E-003
         208  -5.1125450781480042E-003  -3.2720288544096799E-003
         209  -5.1117117163906860E-003  -3.2714954893547869E-003
         210  -5.1108826170005303E-003  -3.2709648760654770E-003
         211  -5.1100577483815992E-003  -3.2704369557448858E-003
         212  -5.1092370751326405E-003  -3.2699117263891722E-003
         213  -5.1084205496203091E-003  -3.2693891497205477E-003
         214  -5.1076081502164864E-003  -3.2688692062880576E-003
         215  -5.1067997922365537E-003  -3.2683518658416220E-003
         216  -5.1059954851055004E-003  -3.2678371085964383E-003
         217  -5.1051951668145221E-003  -3.2673249125490726E-003
         218  -5.1043988059272325E-003  -3.2668152364748637E-003
         219  -5.1036063634009466E-003  -3.2663080667800111E-003
         220  -5.1028177926202350E-003  -3.2658033920542266E-003
         221  -5.1020330650414459E-003  -3.2653011646999433E-003
         222  -5.1012521489613898E-003  -3.2648013819993509E-003
         223  -5.1004750095636573E-003  -3.2643040093697567E-003
         224  -5.0997016089639998E-003  -3.2638090273411700E-003
         225  -5.0989318976920744E-003  -3.2633164145229277E-003
         226  -5.0981658704021392E-003  -3.2628261519159559E-003
         227  -5.0974034588974178E-003  -3.2623382143803716E-003
         228  -5.0966446606752966E-003  -3.2618525792279351E-003
         229  -5.0958894232830954E-003  -3.2613692305576694E-003
         230  -5.0951377344232700E-003  -3.2608881507184130E-003
         231  -5.0943895447458356E-003  -3.2604093117334049E-003
         232  -5.0936448280071165E-003  -3.2599326839001016E-003
         233  -5.0929035338308417E-003  -3.2594582702642452E-003
         234  -5.0921656867821729E-003  -3.2589860378168648E-003
         235  -5.0914312012467142E-003  -3.2585159691428862E-003
         236  -5.0907000580156705E-003  -3.2580480452429920E-003
         237  -5.0899722656978438E-003  -3.2575822412370123E-003
         238  -5.0892477355363053E-003  -3.2571185566204132E-003
         239  -5.0885264930079638E-003  -3.2566569548331827E-003
         240  -5.0878084748711538E-003  -3.2561974237444403E-003
         241  -5.0870936674713004E-003  -3.2557399497799011E-003
         242  -5.0863820506166120E-003  -3.2552845092745659E-003
         243  -5.0856735715746476E-003  -3.2548310901441666E-003
         244  -5.0849682274457719E-003  -3.2543796615730931E-003
         245  -5.0842659828658236E-003  -3.2539302260813654E-003
         246  -5.0835668133833748E-003  -3.2534827588272669E-003
         247  -5.0828706881389189E-003  -3.2530372336257783E-003
         248  -5.0821775829306241E-003  -3.2525936490726080E-003
         249  -5.0814874715621487E-003  -3.2521519851088040E-003
         250  -5.0808003389393340E-003  -3.2517122160497973E-003
         251  -5.0801161549804564E-003  -3.2512743411057914E-003
         252  -5.0794349051364171E-003  -3.2508383321325613E-003
         253  -5.0787565337210381E-003  -3.2504041815814640E-003
         254  -5.0780810399105392E-003  -3.2499718720079458E-003
         255  -5.0774084080134124E-003  -3.2495413848004162E-003
         256  -5.0767386118244912E-003  -3.2491127089432320E-003
         257  -5.0760716058653281E-003  -3.2486858279288859E-003
         258  -5.0754073954256216E-003  -3.2482607372769342E-003
         259  -5.0747459359559094E-003  -3.2478373963822586E-003
         260  -5.0740872162556181E-003  -3.2474158205085609E-003
         261  -5.0734312235011982E-003  -3.2469959844449716E-003
         262  -5.0727779125299593E-003  -3.2465778663024560E-003
         263  -5.0721272760620960E-003  -3.2461614607219498E-003
         264  -5.0714793096737609E-003  -3.2457467569601941E-003
         265  -5.0708339546399334E-003  -3.2453337344889458E-003
         266  -5.0701912430535789E-003  -3.2449223849895211E-003
         267  -5.0695510999202468E-003  -3.2445126991918483E-003
         268  -5.0689135235532689E-003  -3.2441046580711690E-003
         269  -5.0682785108512839E-003  -3.2436982460627832E-003
         270  -5.0676460220122439E-003  -3.2432934554999676E-003
         271  -5.0670160378450844E-003  -3.2428902689897242E-003
         272  -5.0663885598546442E-003  -3.2424886814881640E-003
         273  -5.0657635572734913E-003  -3.2420886782465997E-003
         274  -5.0651410112209456E-003  -3.2416902436424450E-003
         275  -5.0645209014803932E-003  -3.2412933744686806E-003
         276  -5.0639032020860369E-003  -3.2408980445516938E-003
         277  -5.0632879079153545E-003  -3.2405042578749978E-003
         278  -5.0626749815584609E-003  -3.2401119910354052E-003
         279  -5.0620644464173551E-003  -3.2397212419800229E-003
         280  -5.0614562492766252E-003  -3.2393319945646405E-003
         281  -5.0608503711504337E-003  -3.2389442407347131E-003
         282  -5.0602468096225938E-003  -3.2385579583362558E-003
         283  -5.0596455433327180E-003  -3.2381731511130448E-003
         284  -5.0590465497379515E-003  -3.2377898042926065E-003
         285  -5.0584498407481625E-003  -3.2374079023534271E-003
         286  -5.0578553692814934E-003  -3.2370274334887622E-003
         287  -5.0572631138087508E-003  -3.2366483940858091E-003
         288  -5.0566730739834594E-003  -3.2362707709177843E-003
         289  -5.0560852439404851E-003  -3.2358945500521883E-003
         290  -5.0554995855016920E-003  -3.2355197391866750E-003
         291  -5.0549160906525146E-003  -3.2351463051666436E-003
         292  -5.0543347682312483E-003  -3.2347742498797217E-003
         293  -5.0537555634731866E-003  -3.2344035566863943E-003
         294  -5.0531784786900834E-003  -3.2340342217068579E-003
         295  -5.0526034928369701E-003  -3.2336662404313455E-003
         296  -5.0520306107488889E-003  -3.2332995898038948E-003
         297  -5.0514598004607371E-003  -3.2329342685288838E-003
         298  -5.0508910379757389E-003  -3.2325702657399363E-003
         299  -5.0503243432077662E-003  -3.2322075834231591E-003
         300  -5.0497596678460866E-003  -3.2318461870622303E-003
         301  -5.0491970164976861E-003  -3.2314860909179823E-003
         302  -5.0486363794098365E-003  -3.2311272772475416E-003
         303  -5.0480777279443686E-003  -3.2307697412062271E-003
         304  -5.0475210370415358E-003  -3.2304134683873126E-003
         305  -5.0469663392799322E-003  -3.2300584528161254E-003
         306  -5.0464135673489790E-003  -3.2297046834637950E-003
         307  -5.0458627386187919E-003  -3.2293521532569926E-003
         308  -5.0453138426193164E-003  -3.2290008590959429E-003
         309  -5.0447668545146474E-003  -3.2286507838205918E-003
         310  -5.0442217531367645E-003  -3.2283019277871625E-003
         311  -5.0436785481129407E-003  -3.2279542727800944E-003
         312  -5.0431372302368804E-003  -3.2276078226506316E-003
         313  -5.0425977578609643E-003  -3.2272625626792810E-003
         314  -5.0420601382699095E-003  -3.2269184912077221E-003
         315  -5.0415243553830445E-003  -3.2265755834610739E-003
         316  -5.0409903787618565E-003  -3.2262338458501918E-003
         317  -5.0404582315640043E-003  -3.2258932798031911E-003
         318  -5.0399278864002731E-003  -3.2255538500168706E-003
         319  -5.0393993378012843E-003  -3.2252155705671175E-003
         320  -5.0388725523527614E-003  -3.2248784324163549E-003
         321  -5.0383475367557677E-003  -3.2245424215253996E-003
         322  -5.0378242743249896E-003  -3.2242075370220477E-003
         323  -5.0373027567609061E-003  -3.2238737639632793E-003
         324  -5.0367829659858322E-003  -3.2235411005962031E-003
         325  -5.0362648968821176E-003  -3.2232095356428893E-003
         326  -5.0357485482273841E-003  -3.2228790664944051E-003
         327  -5.0352338953793133E-003  -3.2225496855716284E-003
         328  -5.0347209221294721E-003  -3.2222213848757211E-003
         329  -5.0342096298534112E-003  -3.2218941605524788E-003
         330  -5.0337000010632254E-003  -3.2215679992204684E-003
         331  -5.0331920313212751E-003  -3.2212429007759807E-003
         332  -5.0326857155795829E-003  -3.2209188555960568E-003
         333  -5.0321810253391016E-003  -3.2205958490888354E-003
         334  -5.0316779680299063E-003  -3.2202738936874540E-003
         335  -5.0311765184996825E-003  -3.2199529740352694E-003
         336  -5.0306766692778757E-003  -3.2196330743783814E-003
         337  -5.0301784306268187E-003  -3.2193141968831235E-003
         338  -5.0296817710435860E-003  -3.2189963342008042E-003
         339  -5.0291866950739434E-003  -3.2186794831974680E-003
         340  -5.0286931883857452E-003  -3.2183636312131188E-003
         341  -5.0282012177294078E-003  -3.2180487789798280E-003
         342  -5.0277108089226289E-003  -3.2177349177104821E-003
         343  -5.0272219230201066E-003  -3.2174220336716680E-003
         344  -5.0267345893915422E-003  -3.2171101311463794E-003
         345  -5.0262487726002612E-003  -3.2167992095001492E-003
         346  -5.0257644504279105E-003  -3.2164892447789843E-003
         347  -5.0252816369164557E-003  -3.2161802494668238E-003
         348  -5.0248003134172742E-003  -3.2158721989300003E-003
         349  -5.0243204699650058E-003  -3.2155651004091932E-003
         350  -5.0238421191262459E-003  -3.2152589516334803E-003
         351  -5.0233652130878305E-003  -3.2149537361918314E-003
         352  -5.0228897818699655E-003  -3.2146494557850958E-003
         353  -5.0224157904864997E-003  -3.2143461025893830E-003
         354  -5.0219432311176199E-003  -3.2140436730852266E-003
         355  -5.0214721185613152E-003  -3.2137421542166927E-003
         356  -5.0210024302271344E-003  -3.2134415464742921E-003
         357  -5.0205341430340882E-003  -3.2131418500626146E-003
         358  -5.0200672704122781E-003  -3.2128430464043547E-003
         359  -5.0196017929910073E-003  -3.2125451443680213E-003
         360  -5.0191377140750473E-003  -3.2122481294165708E-003
         361  -5.0186750087603677E-003  -3.2119520052361497E-003
         362  -5.0182136933721675E-003  -3.2116567567157181E-003
         363  -5.0177537235873990E-003  -3.2113623823542825E-003
         364  -5.0172951241491490E-003  -3.2110688850203930E-003
         365  -5.0168378684008422E-003  -3.2107762394881900E-003
         366  -5.0163819710070910E-003  -3.2104844573598657E-003
         367  -5.0159273998205637E-003  -3.2101935360709121E-003
         368  -5.0154741547603562E-003  -3.2099034635066728E-003
         369  -5.0150222353534000E-003  -3.2096142365755855E-003
         370  -5.0145716314378315E-003  -3.2093258426321909E-003
         371  -5.0141223371020444E-003  -3.2090382966757391E-003
         372  -5.0136743320816704E-003  -3.2087515762556575E-003
         373  -5.0132276282949710E-003  -3.2084656819225290E-003
         374  -5.0127821907263422E-003  -3.2081806046735553E-003
         375  -5.0123380538374127E-003  -3.2078963585571436E-003
         376  -5.0118951818498543E-003  -3.2076129107888860E-003
         377  -5.0114535572207651E-003  -3.2073302842711951E-003
         378  -5.0110132180202918E-003  -3.2070484550530214E-003
         379  -5.0105740946540739E-003  -3.2067674175906519E-003
         380  -5.0101362384962975E-003  -3.2064871988029889E-003
         381  -5.0096996072114090E-003  -3.2062077459985524E-003
         382  -5.0092642094718811E-003  -3.2059290903221609E-003
         383  -5.0088300302439407E-003  -3.2056512253424720E-003
         384  -5.0083970775283305E-003  -3.2053741210090227E-003
         385  -5.0079653262432621E-003  -3.2050978078595103E-003
         386  -5.0075347790342764E-003  -3.2048222553975607E-003
         387  -5.0071054382281842E-003  -3.2045474656616896E-003
         388  -5.0066772542795655E-003  -3.2042734498630562E-003
         389  -5.0062502757090921E-003  -3.2040001815178704E-003
         390  -5.0058244851340266E-003  -3.2037276667330268E-003
         391  -5.0053998460599450E-003  -3.2034559067344527E-003
         392  -5.0049763826574521E-003  -3.2031848884689152E-003
         393  -5.0045540812590902E-003  -3.2029146080604066E-003
         394  -5.0041329090778968E-003  -3.2026450661328445E-003
         395  -5.0037129128889775E-003  -3.2023762631207334E-003
         396  -5.0032940404916102E-003  -3.2021081898650325E-003
         397  -5.0028763051733136E-003  -3.2018408417094917E-003
         398  -5.0024597105416940E-003  -3.2015742090985241E-003
         399  -5.0020442269632665E-003  -3.2013083058215425E-003
         400  -5.0016298668687691E-003  -3.2010431125348644E-003
         401  -5.0012166047281974E-003  -3.2007786285341041E-003
         402  -5.0008044665529475E-003  -3.2005148623655919E-003
         403  -5.0003934120909331E-003  -3.2002517893980928E-003
         404  -4.9999834573741606E-003  -3.1999894130969450E-003
         405  -4.9995746040307236E-003  -3.1997277367611003E-003
         406  -4.9991668062010297E-003  -3.1994667635244973E-003
         407  -4.9987600980002881E-003  -3.1992064632871044E-003
         408  -4.9983544566234023E-003  -3.1989468624476960E-003
         409  -4.9979499109795520E-003  -3.1986879400008762E-003
         410  -4.9975463998969969E-003  -3.1984296936636287E-003
         411  -4.9971439422955332E-003  -3.1981721257190719E-003
         412  -4.9967425521408150E-003  -3.1979152240916167E-003
         413  -4.9963421863424380E-003  -3.1976590002063283E-003
         414  -4.9959428772983578E-003  -3.1974034369227147E-003
         415  -4.9955445908599263E-003  -3.1971485358753232E-003
         416  -4.9951473399977749E-003  -3.1968942985468843E-003
         417  -4.9947511042602684E-003  -3.1966407072957837E-003
         418  -4.9943559056343572E-003  -3.1963877775180458E-003
         419  -4.9939616946994107E-003  -3.1961354960009275E-003
         420  -4.9935685214550669E-003  -3.1958838493620781E-003
         421  -4.9931763454818378E-003  -3.1956328573075998E-003
         422  -4.9927851498327196E-003  -3.1953824966533960E-003
         423  -4.9923949743650711E-003  -3.1951327820721365E-003
         424  -4.9920057636438728E-003  -3.1948836948205049E-003
         425  -4.9916175570946736E-003  -3.1946352350178883E-003
         426  -4.9912303225809916E-003  -3.1943874026435894E-003
         427  -4.9908440515097473E-003  -3.1941401975379142E-003
         428  -4.9904587684075326E-003  -3.1938936098752147E-003
         429  -4.9900744499673522E-003  -3.1936476439757794E-003
         430  -4.9896910774026148E-003  -3.1934022944960913E-003
         431  -4.9893086793841024E-003  -3.1931575511809666E-003
         432  -4.9889272176202645E-003  -3.1929134179409803E-003
         433  -4.9885467108339984E-003  -3.1926698937881849E-003
         434  -4.9881671345981919E-003  -3.1924269728279210E-003
         435  -4.9877885167925601E-003  -3.1921846538044436E-003
         436  -4.9874108230166924E-003  -3.1919429305536495E-003
         437  -4.9870340664251679E-003  -3.1917017967754728E-003
         438  -4.9866582169555947E-003  -3.1914612603819313E-003
         439  -4.9862833017157151E-003  -3.1912213100361952E-003
         440  -4.9859092902304258E-003  -3.1909819390471138E-003
         441  -4.9855361900901524E-003  -3.1907431645303640E-003
         442  -4.9851640182871420E-003  -3.1905049699795219E-003
         443  -4.9847927389468716E-003  -3.1902673435348903E-003
         444  -4.9844223447145231E-003  -3.1900303019593850E-003
         445  -4.9840528616053861E-003  -3.1897938283586653E-003
         446  -4.9836842579304543E-003  -3.1895579296803826E-003
         447  -4.9833165497584512E-003  -3.1893225887743371E-003
         448  -4.9829497146005762E-003  -3.1890878267530204E-003
         449  -4.9825837633721932E-003  -3.1888536118236405E-003
         450  -4.9822186972214690E-003  -3.1886199600727615E-003
         451  -4.9818544834845371E-003  -3.1883868730824077E-003
         452  -4.9814911517734673E-003  -3.1881543330967753E-003
         453  -4.9811286642441983E-003  -3.1879223510796954E-003
         454  -4.9807670501811098E-003  -3.1876909138478576E-003
         455  -4.9804062809909021E-003  -3.1874600225293035E-003
         456  -4.9800463663878282E-003  -3.1872296733327344E-003
         457  -4.9796873014866447E-003  -3.1869998768044418E-003
         458  -4.9793290715954650E-003  -3.1867706048574998E-003
         459  -4.9789716762981707E-003  -3.1865418726380402E-003
         460  -4.9786151343033241E-003  -3.1863136903898890E-003
         461  -4.9782594063085949E-003  -3.1860860200375006E-003
         462  -4.9779045106965363E-003  -3.1858588908987499E-003
         463  -4.9775504512396367E-003  -3.1856322839666717E-003
         464  -4.9771971977616309E-003  -3.1854062042497981E-003
         465  -4.9768447585304089E-003  -3.1851806470051119E-003
         466  -4.9764931416732827E-003  -3.1849556122171036E-003
         467  -4.9761423358435841E-003  -3.1847310949398937E-003
         468  -4.9757923295285899E-003  -3.1845070852893195E-003
         469  -4.9754431207247353E-003  -3.1842835974573123E-003
         470  -4.9750947169558664E-003  -3.1840606213679075E-003
         471  -4.9747471062485940E-003  -3.1838381468373882E-003
         472  -4.9744002861521648E-003  -3.1836161877858730E-003
         473  -4.9740542589127119E-003  -3.1833947241540943E-003
         474  -4.9737090121004567E-003  -3.1831737696825244E-003
         475  -4.9733645476688869E-003  -3.1829533138042379E-003
         476  -4.9730208722832941E-003  -3.1827333555458819E-003
         477  -4.9726779536741839E-003  -3.1825138938439586E-003
         478  -4.9723357982083272E-003  -3.1822949226930830E-003
         479  -4.9719944412492979E-003  -3.1820764408462565E-003
         480  -4.9716538258156619E-003  -3.1818584518239191E-003
         481  -4.9713139821461715E-003  -3.1816409493507351E-003
         482  -4.9709748869384961E-003  -3.1814239319166351E-003
         483  -4.9706365556123257E-003  -3.1812073930642913E-003
         484  -4.9702989694407635E-003  -3.1809913359686476E-003
         485  -4.9699621289978528E-003  -3.1807757637260111E-003
         486  -4.9696260444613604E-003  -3.1805606647572842E-003
         487  -4.9692906869559256E-003  -3.1803460419881618E-003
         488  -4.9689560761311683E-003  -3.1801318885291839E-003
         489  -4.9686222023135407E-003  -3.1799182071427035E-003
         490  -4.9682890605642713E-003  -3.1797049956427911E-003
         491  -4.9679566409403979E-003  -3.1794922517615551E-003
         492  -4.9676249528659393E-003  -3.1792799682739733E-003
         493  -4.9672939910241935E-003  -3.1790681524996346E-003
         494  -4.9669637450918420E-003  -3.1788567921749353E-003
         495  -4.9666342143735122E-003  -3.1786458944658867E-003
         496  -4.9663054029367376E-003  -3.1784354469431971E-003
         497  -4.9659772903174089E-003  -3.1782254663892118E-003
         498  -4.9656498998774399E-003  -3.1780159353352951E-003
         499  -4.9653231962481816E-003  -3.1778068508769939E-003
         500  -4.9649972221200902E-003  -3.1775982149214181E-003
         501  -4.9646719223180018E-003  -3.1773900293054339E-003
         502  -4.9643473344296680E-003  -3.1771822957961287E-003
         503  -4.9640234274693123E-003  -3.1769749965165663E-003
         504  -4.9637002290426240E-003  -3.1767681477621501E-003
         505  -4.9633777079187060E-003  -3.1765617315009614E-003
         506  -4.9630558670058326E-003  -3.1763557589984900E-003
         507  -4.9627347140078623E-003  -3.1761502169650319E-003
         508  -4.9624142369242936E-003  -3.1759451116315477E-003
         509  -4.9620944383422134E-003  -3.1757404442655547E-003
         510  -4.9617753011264917E-003  -3.1755362013536495E-003
         511  -4.9614568619865641E-003  -3.1753323938302782E-003
         512  -4.9611390692290676E-003  -3.1751290031286510E-003
         513  -4.9608219495456728E-003  -3.1749260449597826E-003
         514  -4.9605055000922693E-003  -3.1747235153441861E-003
         515  -4.9601897080934643E-003  -3.1745214053191658E-003
         516  -4.9598745557418895E-003  -3.1743197205893019E-003
         517  -4.9595600742678245E-003  -3.1741184520541975E-003
         518  -4.9592462407481806E-003  -3.1739175905381232E-003
         519  -4.9589330616471609E-003  -3.1737171563058731E-003
         520  -4.9586205384186009E-003  -3.1735171400607601E-003
         521  -4.9583086330420205E-003  -3.1733175275096364E-003
         522  -4.9579973861352752E-003  -3.1731183288991995E-003
         523  -4.9576867791662179E-003  -3.1729195396514834E-003
         524  -4.9573768082654584E-003  -3.1727211551219755E-003
         525  -4.9570674596072567E-003  -3.1725231804573149E-003
         526  -4.9567587586966215E-003  -3.1723256059602548E-003
         527  -4.9564506865922417E-003  -3.1721284366572448E-003
         528  -4.9561432439701363E-003  -3.1719316725888945E-003
         529  -4.9558364116763795E-003  -3.1717352989327975E-003
         530  -4.9555302148701985E-003  -3.1715393304084728E-003
         531  -4.9552246193968327E-003  -3.1713437570065296E-003
         532  -4.9549196650622730E-003  -3.1711485884059858E-003
         533  -4.9546153076356963E-003  -3.1709537947127776E-003
         534  -4.9543115620543721E-003  -3.1707594003079105E-003
         535  -4.9540084332987330E-003  -3.1705653949380005E-003
         536  -4.9537059163774740E-003  -3.1703717930098804E-003
         537  -4.9534039963127236E-003  -3.1701785594211401E-003
         538  -4.9531026976127350E-003  -3.1699857134074643E-003
         539  -4.9528019704773380E-003  -3.1697932593233976E-003
         540  -4.9525018639968599E-003  -3.1696011866196860E-003
         541  -4.9522023430322946E-003  -3.1694094995406686E-003
         542  -4.9519034119573672E-003  -3.1692181824635522E-003
         543  -4.9516050849818076E-003  -3.1690272543883568E-003
         544  -4.9513073415460365E-003  -3.1688366896652723E-003
         545  -4.9510101758625585E-003  -3.1686465171146846E-003
         546  -4.9507135969392435E-003  -3.1684567060098453E-003
         547  -4.9504176137152257E-003  -3.1682672701972849E-003
         548  -4.9501222052777587E-003  -3.1680782085979648E-003
         549  -4.9498273754372824E-003  -3.1678895200812430E-003
         550  -4.9495331130300522E-003  -3.1677011935312988E-003
         551  -4.9492394217067245E-003  -3.1675132376430709E-003
         552  -4.9489463199553487E-003  -3.1673256461630063E-003
         553  -4.9486537814670325E-003  -3.1671384177526115E-003
         554  -4.9483618046900846E-003  -3.1669515609691712E-003
         555  -4.9480703979446310E-003  -3.1667650495111640E-003
         556  -4.9477795495824839E-003  -3.1665789117327893E-003
         557  -4.9474892727544009E-003  -3.1663931311781838E-003
         558  -4.9471995407221947E-003  -3.1662077062613600E-003
         559  -4.9469103714660607E-003  -3.1660226303673314E-003
         560  -4.9466217380784612E-003  -3.1658379217360949E-003
         561  -4.9463336932811641E-003  -3.1656535587166151E-003
         562  -4.9460461801212842E-003  -3.1654695544800528E-003
         563  -4.9457592063290954E-003  -3.1652859072089164E-003
         564  -4.9454727945368810E-003  -3.1651025900996852E-003
         565  -4.9451869224306682E-003  -3.1649196311539034E-003
         566  -4.9449016025355525E-003  -3.1647370234268494E-003
         567  -4.9446168173694523E-003  -3.1645547549293104E-003
         568  -4.9443325593485181E-003  -3.1643728435759074E-003
         569  -4.9440488507825489E-003  -3.1641912623029947E-003
         570  -4.9437656739676162E-003  -3.1640100339374766E-003
         571  -4.9434830311040545E-003  -3.1638291363080351E-003
         572  -4.9432009093298519E-003  -3.1636485821710837E-003
         573  -4.9429193307083032E-003  -3.1634683642519697E-003
         574  -4.9426382622367706E-003  -3.1632884902326654E-003
         575  -4.9423577308548589E-003  -3.1631089477471095E-003
         576  -4.9420777134161322E-003  -3.1629297443945222E-003
         577  -4.9417982167233310E-003  -3.1627508677149916E-003
         578  -4.9415192575395454E-003  -3.1625723252259605E-003
         579  -4.9412408024879593E-003  -3.1623941194034101E-003
         580  -4.9409628732116698E-003  -3.1622162326418015E-003
         581  -4.9406854462040305E-003  -3.1620386823626064E-003
         582  -4.9404085329666459E-003  -3.1618614608980977E-003
         583  -4.9401321299067033E-003  -3.1616845655476461E-003
         584  -4.9398562383828433E-003  -3.1615079885516156E-003
         585  -4.9395808446399282E-003  -3.1613317421753722E-003
         586  -4.9393059750036834E-003  -3.1611558185811791E-003
         587  -4.9390315955173993E-003  -3.1609802149050537E-003
         588  -4.9387577072834846E-003  -3.1608049382865809E-003
         589  -4.9384843414897687E-003  -3.1606299807639573E-003
         590  -4.9382114589464898E-003  -3.1604553343287886E-003
         591  -4.9379390706284177E-003  -3.1602810009797502E-003
         592  -4.9376671824366697E-003  -3.1601069927369692E-003
         593  -4.9373957750737905E-003  -3.1599332964495886E-003
         594  -4.9371248794729886E-003  -3.1597599240701401E-003
         595  -4.9368544661571321E-003  -3.1595868523017381E-003
         596  -4.9365845357622739E-003  -3.1594140980554446E-003
         597  -4.9363150888692134E-003  -3.1592416530495707E-003
         598  -4.9360461310403664E-003  -3.1590695190307290E-003
         599  -4.9357776526752044E-003  -3.1588976876361931E-003
         600  -4.9355096390682899E-003  -3.1587261706163029E-003
         601  -4.9352421208102735E-003  -3.1585549595365111E-003
         602  -4.9349750881343135E-003  -3.1583840610447463E-003
         603  -4.9347085211218517E-003  -3.1582134515005648E-003
         604  -4.9344424199586944E-003  -3.1580431576526615E-003
         605  -4.9341768100094798E-003  -3.1578731557819753E-003
         606  -4.9339116610891687E-003  -3.1577034574436246E-003
         607  -4.9336469782708973E-003  -3.1575340640737333E-003
         608  -4.9333827766823617E-003  -3.1573649720262257E-003
         609  -4.9331190208974848E-003  -3.1571961675142248E-003
         610  -4.9328557410923462E-003  -3.1570276720756735E-003
         611  -4.9325929269880197E-003  -3.1568594668024146E-003
         612  -4.9323305631877121E-003  -3.1566915580132564E-003
         613  -4.9320686595144443E-003  -3.1565239469443225E-003
         614  -4.9318072257519508E-003  -3.1563566196248535E-003
         615  -4.9315462412842211E-003  -3.1561895923978558E-003
         616  -4.9312857107310032E-003  -3.1560228461620914E-003
         617  -4.9310256336052008E-003  -3.1558564022671049E-003
         618  -4.9307660144347265E-003  -3.1556902466048338E-003
         619  -4.9305068425072708E-003  -3.1555243751521926E-003
         620  -4.9302481121178800E-003  -3.1553587889179588E-003
         621  -4.9299898327126394E-003  -3.1551934888814524E-003
         622  -4.9297319984913804E-003  -3.1550284810623447E-003
         623  -4.9294746086716102E-003  -3.1548637613145708E-003
         624  -4.9292176827126300E-003  -3.1546993102405654E-003
         625  -4.9289611690159730E-003  -3.1545351489820172E-003
         626  -4.9287051072331297E-003  -3.1543712682231980E-003
         627  -4.9284494760949444E-003  -3.1542076738383059E-003
         628  -4.9281943050416208E-003  -3.1540443564452994E-003
         629  -4.9279395523917947E-003  -3.1538813167813744E-003
         630  -4.9276852373402640E-003  -3.1537185555556902E-003
         631  -4.9274313485666698E-003  -3.1535560683677269E-003
         632  -4.9271779001098673E-003  -3.1533938558669897E-003
         633  -4.9269248754725426E-003  -3.1532319237598623E-003
         634  -4.9266722886109121E-003  -3.1530702624732320E-003
         635  -4.9264201280165565E-003  -3.1529088725702711E-003
         636  -4.9261683821256314E-003  -3.1527477647639427E-003
         637  -4.9259170596783041E-003  -3.1525869192120738E-003
         638  -4.9256661693811024E-003  -3.1524263465711007E-003
         639  -4.9254157046297450E-003  -3.1522660523889234E-003
         640  -4.9251656485832318E-003  -3.1521060167232768E-003
         641  -4.9249160200067520E-003  -3.1519462501548691E-003
         642  -4.9246668070647356E-003  -3.1517867530558635E-003
         643  -4.9244180080633337E-003  -3.1516275206745202E-003
         644  -4.9241696212657411E-003  -3.1514685533268628E-003
         645  -4.9239216397920279E-003  -3.1513098564034114E-003
         646  -4.9236740924263299E-003  -3.1511514199691220E-003
         647  -4.9234269416029161E-003  -3.1509932442588284E-003
         648  -4.9231802007203606E-003  -3.1508353294818943E-003
         649  -4.9229338831510800E-003  -3.1506776860335916E-003
         650  -4.9226879562790831E-003  -3.1505202885458963E-003
         651  -4.9224424384979272E-003  -3.1503631575737277E-003
         652  -4.9221973277426157E-003  -3.1502062881202191E-003
         653  -4.9219526167962185E-003  -3.1500496751584476E-003
         654  -4.9217083035078763E-003  -3.1498933187437354E-003
         655  -4.9214644061398739E-003  -3.1497372240202816E-003
         656  -4.9212208917872964E-003  -3.1495813705392796E-003
         657  -4.9209777888663767E-003  -3.1494257889673190E-003
         658  -4.9207350746109544E-003  -3.1492704485697855E-003
         659  -4.9204927620247205E-003  -3.1491153595060036E-003
         660  -4.9202508333676251E-003  -3.1489605268017725E-003
         661  -4.9200093015719353E-003  -3.1488059503430054E-003
         662  -4.9197681641785767E-003  -3.1486516299918952E-003
         663  -4.9195274084417595E-003  -3.1484975399680639E-003
         664  -4.9192870574420317E-003  -3.1483437159428879E-003
         665  -4.9190470932359903E-003  -3.1481901320840173E-003
         666  -4.9188075132091920E-003  -3.1480367984036998E-003
         667  -4.9185683095799007E-003  -3.1478837197723921E-003
         668  -4.9183294847834833E-003  -3.1477308702614294E-003
         669  -4.9180910566168695E-003  -3.1475782752085004E-003
         670  -4.9178530171957984E-003  -3.1474259291575184E-003
         671  -4.9176153380571103E-003  -3.1472738214905816E-003
         672  -4.9173780574336551E-003  -3.1471219569629513E-003
         673  -4.9171411570593767E-003  -3.1469703403125379E-003
         674  -4.9169046186158293E-003  -3.1468189557086169E-003
         675  -4.9166684648452915E-003  -3.1466678129785683E-003
         676  -4.9164326876363577E-003  -3.1465169167974268E-003
         677  -4.9161972839775791E-003  -3.1463662512567002E-003
         678  -4.9159622353923578E-003  -3.1462158364111634E-003
         679  -4.9157275696501915E-003  -3.1460656511606566E-003
         680  -4.9154932939330471E-003  -3.1459157000902839E-003
         681  -4.9152593639301464E-003  -3.1457659980619794E-003
         682  -4.9150258176217715E-003  -3.1456165238956868E-003
         683  -4.9147926260532399E-003  -3.1454672769666509E-003
         684  -4.9145598014129427E-003  -3.1453182720802110E-003
         685  -4.9143273352622229E-003  -3.1451695085804592E-003
         686  -4.9140952500400332E-003  -3.1450209651785765E-003
         687  -4.9138635269417308E-003  -3.1448726617784076E-003
         688  -4.9136321625792229E-003  -3.1447245821947401E-003
         689  -4.9134011638431764E-003  -3.1445767359901109E-003
         690  -4.9131705118100168E-003  -3.1444291224004672E-003
         691  -4.9129402133028426E-003  -3.1442817406411691E-003
         692  -4.9127102906018219E-003  -3.1441345899070917E-003
         693  -4.9124807143612181E-003  -3.1439876590493806E-003
         694  -4.9122514861540661E-003  -3.1438409523776999E-003
         695  -4.9120226281812234E-003  -3.1436944793506276E-003
         696  -4.9117941006501355E-003  -3.1435482339203882E-003
         697  -4.9115659411994653E-003  -3.1434022048476332E-003
         698  -4.9113381357956086E-003  -3.1432564118703244E-003
         699  -4.9111106703619576E-003  -3.1431108385427606E-003
         700  -4.9108835824821732E-003  -3.1429654787253473E-003
         701  -4.9106567959725641E-003  -3.1428203469401027E-003
         702  -4.9104303897309467E-003  -3.1426754473586997E-003
         703  -4.9102043081773366E-003  -3.1425307582682938E-003
         704  -4.9099785836289765E-003  -3.1423862993187864E-003
         705  -4.9097532069936100E-003  -3.1422420487488747E-003
         706  -4.9095281536089674E-003  -3.1420980261797817E-003
         707  -4.9093034609078200E-003  -3.1419542149810050E-003
         708  -4.9090791093490327E-003  -3.1418106295689734E-003
         709  -4.9088550948890690E-003  -3.1416672584492259E-003
         710  -4.9086314082702797E-003  -3.1415241056463043E-003
         711  -4.9084080609337047E-003  -3.1413811648033649E-003
         712  -4.9081850591186863E-003  -3.1412384450948995E-003
         713  -4.9079623934845775E-003  -3.1410959297556622E-003
         714  -4.9077400650295901E-003  -3.1409536382990154E-003
         715  -4.9075180643486909E-003  -3.1408115591077274E-003
         716  -4.9072963923808190E-003  -3.1406696961059264E-003
         717  -4.9070750552301012E-003  -3.1405280324403053E-003
         718  -4.9068540537875807E-003  -3.1403865875703424E-003
         719  -4.9066333785318991E-003  -3.1402453653764594E-003
         720  -4.9064130354904518E-003  -3.1401043437528108E-003
         721  -4.9061930202784843E-003  -3.1399635317312363E-003
         722  -4.9059733232842181E-003  -3.1398229227442942E-003
         723  -4.9057539556540191E-003  -3.1396825361929919E-003
         724  -4.9055349233194543E-003  -3.1395423550839708E-003
         725  -4.9053162009884358E-003  -3.1394023675924798E-003
         726  -4.9050978205399205E-003  -3.1392625982791886E-003
         727  -4.9048797410151477E-003  -3.1391230352902904E-003
         728  -4.9046619994552740E-003  -3.1389836771533734E-003
         729  -4.9044445756514336E-003  -3.1388445223787002E-003
         730  -4.9042274701776405E-003  -3.1387055746658330E-003
         731  -4.9040106783760050E-003  -3.1385668324941684E-003
         732  -4.9037942007687640E-003  -3.1384282943259980E-003
         733  -4.9035780586946251E-003  -3.1382899533964779E-003
         734  -4.9033622109519665E-003  -3.1381518237642170E-003
         735  -4.9031466996770738E-003  -3.1380138829978587E-003
         736  -4.9029314940293653E-003  -3.1378761503395108E-003
         737  -4.9027165944053788E-003  -3.1377386189592920E-003
         738  -4.9025020220422764E-003  -3.1376012924379366E-003
         739  -4.9022877355666275E-003  -3.1374641534755734E-003
         740  -4.9020737874745333E-003  -3.1373272212701590E-003
         741  -4.9018601363345479E-003  -3.1371904889243582E-003
         742  -4.9016467980823632E-003  -3.1370539442990494E-003
         743  -4.9014337677574038E-003  -3.1369176065606215E-003
         744  -4.9012210351486148E-003  -3.1367814635397204E-003
         745  -4.9010086265823555E-003  -3.1366455187140582E-003
         746  -4.9007965109067056E-003  -3.1365097650991585E-003
         747  -4.9005846935050393E-003  -3.1363742061429004E-003
         748  -4.9003731849707466E-003  -3.1362388452818406E-003
         749  -4.9001619958842753E-003  -3.1361036807124073E-003
         750  -4.8999510949730134E-003  -3.1359686949251030E-003
         751  -4.8997405032262598E-003  -3.1358339226925484E-003
         752  -4.8995301945388391E-003  -3.1356993307836666E-003
         753  -4.8993202212630396E-003  -3.1355649277919075E-003
         754  -4.8991105153785878E-003  -3.1354307275390479E-003
         755  -4.8989011082638334E-003  -3.1352967124303392E-003
         756  -4.8986919946445362E-003  -3.1351628857895597E-003
         757  -4.8984832006490732E-003  -3.1350292456915865E-003
         758  -4.8982746947755255E-003  -3.1348958059137606E-003
         759  -4.8980664664347246E-003  -3.1347625487894411E-003
         760  -4.8978585469396617E-003  -3.1346294723476726E-003
         761  -4.8976509518816463E-003  -3.1344965955731998E-003
         762  -4.8974435919675301E-003  -3.1343639007470085E-003
         763  -4.8972365561354937E-003  -3.1342313858563086E-003
         764  -4.8970297917347531E-003  -3.1340990698579306E-003
         765  -4.8968233404992675E-003  -3.1339669349810489E-003
         766  -4.8966171549555708E-003  -3.1338349844199963E-003
         767  -4.8964112715617070E-003  -3.1337032213588742E-003
         768  -4.8962056795307865E-003  -3.1335716384701855E-003
         769  -4.8960003732982692E-003  -3.1334402336590456E-003
         770  -4.8957953472747772E-003  -3.1333090153219199E-003
         771  -4.8955906063544285E-003  -3.1331779865956810E-003
         772  -4.8953861449052673E-003  -3.1330471453519747E-003
         773  -4.8951819677835462E-003  -3.1329164736788339E-003
         774  -4.8949780956026520E-003  -3.1327859851814086E-003
         775  -4.8947744911290959E-003  -3.1326556724295095E-003
         776  -4.8945711644159456E-003  -3.1325255490132426E-003
         777  -4.8943681202447192E-003  -3.1323956022175220E-003
         778  -4.8941653581198096E-003  -3.1322658298281215E-003
         779  -4.8939628775260847E-003  -3.1321362401430112E-003
         780  -4.8937606779289721E-003  -3.1320068361908242E-003
         781  -4.8935587640399339E-003  -3.1318775999290695E-003
         782  -4.8933571036899881E-003  -3.1317485501534880E-003
         783  -4.8931557278757629E-003  -3.1316196687903677E-003
         784  -4.8929546307203316E-003  -3.1314909588137517E-003
         785  -4.8927538115931301E-003  -3.1313624442678920E-003
         786  -4.8925532593026401E-003  -3.1312340912246863E-003
         787  -4.8923529889900990E-003  -3.1311059131645478E-003
         788  -4.8921529894251931E-003  -3.1309779130211947E-003
         789  -4.8919532546243113E-003  -3.1308500831705331E-003
         790  -4.8917537944071091E-003  -3.1307224370722910E-003
         791  -4.8915546133070113E-003  -3.1305949512501121E-003
         792  -4.8913557000103691E-003  -3.1304676496954915E-003
         793  -4.8911570431762379E-003  -3.1303405141784807E-003
         794  -4.8909586578359246E-003  -3.1302135422821647E-003
         795  -4.8907605484537747E-003  -3.1300867579813294E-003
         796  -4.8905627089161638E-003  -3.1299601377207408E-003
         797  -4.8903651172373091E-003  -3.1298336843303175E-003
         798  -4.8901678200917384E-003  -3.1297074006312667E-003
         799  -4.8899707743237427E-003  -3.1295812947215295E-003
         800  -4.8897739790165415E-003  -3.1294553482622695E-003
         801  -4.8895774702488130E-003  -3.1293295746141095E-003
         802  -4.8893812047816482E-003  -3.1292039712718031E-003
         803  -4.8891852186703881E-003  -3.1290785357172050E-003
         804  -4.8889894792017762E-003  -3.1289532707102210E-003
         805  -4.8887940118306702E-003  -3.1288281631263533E-003
         806  -4.8885987996716432E-003  -3.1287032315781282E-003
         807  -4.8884038416912943E-003  -3.1285784576235921E-003
         808  -4.8882091580199931E-003  -3.1284538545666572E-003
         809  -4.8880147158246760E-003  -3.1283294145262657E-003
         810  -4.8878205405009029E-003  -3.1282051401993289E-003
         811  -4.8876266150605771E-003  -3.1280810395731347E-003
         812  -4.8874329542832589E-003  -3.1279570941330471E-003
         813  -4.8872395464409947E-003  -3.1278333118425219E-003
         814  -4.8870463903838242E-003  -3.1277096900577195E-003
         815  -4.8868535008535861E-003  -3.1275862314253380E-003
         816  -4.8866608448526463E-003  -3.1274629385841077E-003
         817  -4.8864684476961897E-003  -3.1273398088597815E-003
         818  -4.8862763187860012E-003  -3.1272168448720212E-003
         819  -4.8860844303654678E-003  -3.1270940333110175E-003
         820  -4.8858927917978540E-003  -3.1269713873876203E-003
         821  -4.8857013965105138E-003  -3.1268488990760894E-003
         822  -4.8855102591518536E-003  -3.1267265709552057E-003
         823  -4.8853193731208085E-003  -3.1266044109075639E-003
         824  -4.8851287424209128E-003  -3.1264823949368808E-003
         825  -4.8849383391618333E-003  -3.1263605468407041E-003
         826  -4.8847482045071408E-003  -3.1262388479083216E-003
         827  -4.8845583052174067E-003  -3.1261173219307324E-003
         828  -4.8843686505464440E-003  -3.1259959395398456E-003
         829  -4.8841792497406750E-003  -3.1258747191958793E-003
         830  -4.8839900960821478E-003  -3.1257536634074169E-003
         831  -4.8838011828327985E-003  -3.1256327480752711E-003
         832  -4.8836125085556636E-003  -3.1255120022829425E-003
         833  -4.8834240717980692E-003  -3.1253914072280923E-003
         834  -4.8832358764149542E-003  -3.1252709707003763E-003
         835  -4.8830479368985689E-003  -3.1251506791891378E-003
         836  -4.8828602251352656E-003  -3.1250305511160803E-003
         837  -4.8826727715656137E-003  -3.1249105729497617E-003
         838  -4.8824855427101292E-003  -3.1247907577763938E-003
         839  -4.8822985689913161E-003  -3.1246710813835894E-003
         840  -4.8821118222159322E-003  -3.1245515621676854E-003
         841  -4.8819253061384094E-003  -3.1244322025386199E-003
         842  -4.8817390458291473E-003  -3.1243129889041159E-003
         843  -4.8815530130366484E-003  -3.1241939236506052E-003
         844  -4.8813672168101264E-003  -3.1240750144914116E-003
         845  -4.8811816608573047E-003  -3.1239562638022572E-003
         846  -4.8809963382032686E-003  -3.1238376579441544E-003
         847  -4.8808112418539896E-003  -3.1237191939326352E-003
         848  -4.8806263754724664E-003  -3.1236008847863291E-003
         849  -4.8804417587283459E-003  -3.1234827328472953E-003
         850  -4.8802573792524973E-003  -3.1233647190903099E-003
         851  -4.8800732299938933E-003  -3.1232468618549161E-003
         852  -4.8798892931982427E-003  -3.1231291474331864E-003
         853  -4.8797056152033152E-003  -3.1230115834710559E-003
         854  -4.8795221408280886E-003  -3.1228941722676986E-003
         855  -4.8793389057062734E-003  -3.1227769054249892E-003
         856  -4.8791558920224451E-003  -3.1226597745299079E-003
         857  -4.8789731354085871E-003  -3.1225428085865691E-003
         858  -4.8787905805875451E-003  -3.1224259777802472E-003
         859  -4.8786082631679011E-003  -3.1223092950608388E-003
         860  -4.8784261920203787E-003  -3.1221927519779450E-003
         861  -4.8782443278456442E-003  -3.1220763721759043E-003
         862  -4.8780626794747367E-003  -3.1219601204305432E-003
         863  -4.8778812771474800E-003  -3.1218440096651445E-003
         864  -4.8777000922130675E-003  -3.1217280581596154E-003
         865  -4.8775191227646017E-003  -3.1216122520657192E-003
         866  -4.8773383990216848E-003  -3.1214965775165715E-003
         867  -4.8771578922793633E-003  -3.1213810474155133E-003
         868  -4.8769775898746580E-003  -3.1212656639503316E-003
         869  -4.8767975327208037E-003  -3.1211504239428132E-003
         870  -4.8766176920591823E-003  -3.1210353188436341E-003
         871  -4.8764380659063345E-003  -3.1209203615366297E-003
         872  -4.8762586683538667E-003  -3.1208055488190539E-003
         873  -4.8760794866725089E-003  -3.1206908667501575E-003
         874  -4.8759005295710405E-003  -3.1205763335605250E-003
         875  -4.8757217735571632E-003  -3.1204619460231476E-003
         876  -4.8755432541456260E-003  -3.1203476847999939E-003
         877  -4.8753649585543393E-003  -3.1202335681067752E-003
         878  -4.8751868686106844E-003  -3.1201195980584463E-003
         879  -4.8750089929667289E-003  -3.1200057552839048E-003
         880  -4.8748313510115458E-003  -3.1198920579872816E-003
         881  -4.8746539084165621E-003  -3.1197785028907795E-003
         882  -4.8744767006657823E-003  -3.1196650813336288E-003
         883  -4.8742996880211231E-003  -3.1195517953893481E-003
         884  -4.8741229059546210E-003  -3.1194386525008060E-003
         885  -4.8739463146879177E-003  -3.1193256493569294E-003
         886  -4.8737699604355072E-003  -3.1192127826368825E-003
         887  -4.8735938087631761E-003  -3.1191000436319536E-003
         888  -4.8734178789911122E-003  -3.1189874451363056E-003
         889  -4.8732421581618385E-003  -3.1188749784258930E-003
         890  -4.8730666386781795E-003  -3.1187626455253343E-003
         891  -4.8728913506014045E-003  -3.1186504592180119E-003
         892  -4.8727162594060522E-003  -3.1185383999907126E-003
         893  -4.8725413736033403E-003  -3.1184264859978926E-003
         894  -4.8723666963147172E-003  -3.1183146923190507E-003
         895  -4.8721922414254378E-003  -3.1182030370976509E-003
         896  -4.8720179958842806E-003  -3.1180915169349644E-003
         897  -4.8718439520077034E-003  -3.1179801284228199E-003
         898  -4.8716701182632766E-003  -3.1178688789220113E-003
         899  -4.8714964869435873E-003  -3.1177577596213754E-003
         900  -4.8713230664984113E-003  -3.1176467670875805E-003
         901  -4.8711498653731759E-003  -3.1175359086623362E-003
         902  -4.8709768488635410E-003  -3.1174251862928471E-003
         903  -4.8708040577474677E-003  -3.1173145911326705E-003
         904  -4.8706314464998408E-003  -3.1172041251124778E-003
         905  -4.8704590612863238E-003  -3.1170938009500190E-003
         906  -4.8702868727360394E-003  -3.1169835989828375E-003
         907  -4.8701149000294841E-003  -3.1168735265181343E-003
         908  -4.8699431083595972E-003  -3.1167635908619000E-003
         909  -4.8697715276850503E-003  -3.1166537831185575E-003
         910  -4.8696001555696110E-003  -3.1165440997805959E-003
         911  -4.8694289787609025E-003  -3.1164345427335486E-003
         912  -4.8692580001960181E-003  -3.1163251300671338E-003
         913  -4.8690872336122955E-003  -3.1162158312411730E-003
         914  -4.8689166657217859E-003  -3.1161066643323244E-003
         915  -4.8687462940289620E-003  -3.1159976312059197E-003
         916  -4.8685761268406121E-003  -3.1158887175012141E-003
         917  -4.8684061508276521E-003  -3.1157799304727275E-003
         918  -4.8682363634594559E-003  -3.1156712773739628E-003
         919  -4.8680667946536015E-003  -3.1155627438175311E-003
         920  -4.8678974148191499E-003  -3.1154543478650737E-003
         921  -4.8677282322175126E-003  -3.1153460751135228E-003
         922  -4.8675592442806092E-003  -3.1152379219690127E-003
         923  -4.8673904700844116E-003  -3.1151298956566950E-003
         924  -4.8672218637307542E-003  -3.1150219925710882E-003
         925  -4.8670534821797055E-003  -3.1149142253455108E-003
         926  -4.8668852740866792E-003  -3.1148065795322494E-003
         927  -4.8667172801629861E-003  -3.1146990460849213E-003
         928  -4.8665494598584581E-003  -3.1145916484571576E-003
         929  -4.8663818322014305E-003  -3.1144843775950649E-003
         930  -4.8662144216452671E-003  -3.1143772190115751E-003
         931  -4.8660471659048550E-003  -3.1142701961549761E-003
         932  -4.8658801436298220E-003  -3.1141632891033147E-003
         933  -4.8657132925030702E-003  -3.1140565104561284E-003
         934  -4.8655466369469753E-003  -3.1139498511177904E-003
         935  -4.8653801742645133E-003  -3.1138433074058788E-003
         936  -4.8652138908946308E-003  -3.1137368973355502E-003
         937  -4.8650478221047982E-003  -3.1136305955092305E-003
         938  -4.8648819054667352E-003  -3.1135244253614183E-003
         939  -4.8647162250925529E-003  -3.1134183777611337E-003
         940  -4.8645506968039813E-003  -3.1133124489955487E-003
         941  -4.8643853667058529E-003  -3.1132066353435042E-003
         942  -4.8642202320362815E-003  -3.1131009439401042E-003
         943  -4.8640552791561027E-003  -3.1129953819198498E-003
         944  -4.8638905270129264E-003  -3.1128899346798571E-003
         945  -4.8637259510777211E-003  -3.1127846039068030E-003
         946  -4.8635615648482478E-003  -3.1126793967190978E-003
         947  -4.8633973546377482E-003  -3.1125743039233994E-003
         948  -4.8632333284933061E-003  -3.1124693326284474E-003
         949  -4.8630695107760051E-003  -3.1123644845034919E-003
         950  -4.8629058660161787E-003  -3.1122597448936667E-003
         951  -4.8627423859151780E-003  -3.1121551263328072E-003
         952  -4.8625791165784679E-003  -3.1120506304744213E-003
         953  -4.8624160224934538E-003  -3.1119462480821733E-003
         954  -4.8622531116642104E-003  -3.1118419916828445E-003
         955  -4.8620903866473325E-003  -3.1117378465831424E-003
         956  -4.8619278336559241E-003  -3.1116338144110936E-003
         957  -4.8617654715646993E-003  -3.1115299022371344E-003
         958  -4.8616032974630897E-003  -3.1114261062362507E-003
         959  -4.8614412811878458E-003  -3.1113224171270110E-003
         960  -4.8612794579396788E-003  -3.1112188583128442E-003
         961  -4.8611178302333359E-003  -3.1111154150555874E-003
         962  -4.8609563678692546E-003  -3.1110120835042697E-003
         963  -4.8607950951414314E-003  -3.1109088598000648E-003
         964  -4.8606339872737953E-003  -3.1108057618891181E-003
         965  -4.8604730794606739E-003  -3.1107027695458376E-003
         966  -4.8603123305415302E-003  -3.1105998952560355E-003
         967  -4.8601517702477511E-003  -3.1104971296849471E-003
         968  -4.8599913901245448E-003  -3.1103944907711011E-003
         969  -4.8598311817033895E-003  -3.1102919527971132E-003
         970  -4.8596711528785703E-003  -3.1101895391524061E-003
         971  -4.8595113060821904E-003  -3.1100872295592645E-003
         972  -4.8593516109759465E-003  -3.1099850364853152E-003
         973  -4.8591921191176385E-003  -3.1098829560168230E-003
         974  -4.8590328001539528E-003  -3.1097809787698381E-003
         975  -4.8588736346301025E-003  -3.1096791335936420E-003
         976  -4.8587146686436770E-003  -3.1095773892434197E-003
         977  -4.8585558663354388E-003  -3.1094757527057606E-003
         978  -4.8583972410108350E-003  -3.1093742309671502E-003
         979  -4.8582387841078481E-003  -3.1092728255467444E-003
         980  -4.8580805143919126E-003  -3.1091715270235572E-003
         981  -4.8579224014118315E-003  -3.1090703369035721E-003
         982  -4.8577644693884696E-003  -3.1089692621590276E-003
         983  -4.8576067097259651E-003  -3.1088682933492653E-003
         984  -4.8574491138151932E-003  -3.1087674319662233E-003
         985  -4.8572917003978141E-003  -3.1086666849709202E-003
         986  -4.8571344608521593E-003  -3.1085660483769098E-003
         987  -4.8569773810687332E-003  -3.1084655236650032E-003
         988  -4.8568204852502267E-003  -3.1083651013611813E-003
         989  -4.8566637318904178E-003  -3.1082647884098672E-003
         990  -4.8565071835188116E-003  -3.1081645917555249E-003
         991  -4.8563507876546660E-003  -3.1080645019076506E-003
         992  -4.8561945410880748E-003  -3.1079645148440111E-003
         993  -4.8560384954016130E-003  -3.1078646374954467E-003
         994  -4.8558825980644952E-003  -3.1077648713117873E-003
         995  -4.8557268787338230E-003  -3.1076652067752578E-003
         996  -4.8555713286989677E-003  -3.1075656508059738E-003
         997  -4.8554159227848798E-003  -3.1074661993564789E-003
         998  -4.8552607235488789E-003  -3.1073668593416437E-003
         999  -4.8551056674124710E-003  -3.1072676267051274E-003
        1000  -4.8549507895064275E-003  -3.1071685028700134E-003

   k   test 
        1000   4.6517286433900296E-007
