 k   gradient vector, at each step of the optimization (k):

           1  -6.1756696421228809E-003  -3.9524285698682333E-003
           2  -6.1093002780713392E-003  -3.9099521786323107E-003
           3  -6.0660213485872376E-003  -3.8822536616096143E-003
           4  -6.0340431574188082E-003  -3.8617876186610822E-003
           5  -6.0087473597835927E-003  -3.8455983085778382E-003
           6  -5.9878574565330614E-003  -3.8322287753482015E-003
           7  -5.9700866469294817E-003  -3.8208554553105685E-003
           8  -5.9546376950038163E-003  -3.8109681254028995E-003
           9  -5.9409830298537102E-003  -3.8022291419581473E-003
          10  -5.9287557011193240E-003  -3.7944036472676501E-003
          11  -5.9176903133369716E-003  -3.7873217990657820E-003
          12  -5.9075888152448335E-003  -3.7808568435655178E-003
          13  -5.8982995575653065E-003  -3.7749117211507473E-003
          14  -5.8897038607162912E-003  -3.7694104724929709E-003
          15  -5.8817071502599103E-003  -3.7642925828853748E-003
          16  -5.8742328485990002E-003  -3.7595090213230933E-003
          17  -5.8672180863338997E-003  -3.7550195790729737E-003
          18  -5.8606106537602469E-003  -3.7507908167063301E-003
          19  -5.8543666759301345E-003  -3.7467946741957894E-003
          20  -5.8484490078789392E-003  -3.7430073577814503E-003
          21  -5.8428258314043883E-003  -3.7394085337249389E-003
          22  -5.8374697836274482E-003  -3.7359806671383305E-003
          23  -5.8323571089991862E-003  -3.7327085482274439E-003
          24  -5.8274670541112209E-003  -3.7295789168855960E-003
          25  -5.8227814116931084E-003  -3.7265801000200740E-003
          26  -5.8182840880414395E-003  -3.7237018163465215E-003
          27  -5.8139608311513890E-003  -3.7209349348388695E-003
          28  -5.8097989066079074E-003  -3.7182713002290604E-003
          29  -5.8057869403394862E-003  -3.7157036452420706E-003
          30  -5.8019147279105608E-003  -3.7132254246329132E-003
          31  -5.7981730133236063E-003  -3.7108307337198635E-003
          32  -5.7945534818875967E-003  -3.7085142282837890E-003
          33  -5.7910485501687144E-003  -3.7062710663629175E-003
          34  -5.7876513217337434E-003  -3.7040968431486516E-003
          35  -5.7843554984580558E-003  -3.7019875188870673E-003
          36  -5.7811553300374076E-003  -3.6999394088173027E-003
          37  -5.7780455206867878E-003  -3.6979491351479855E-003
          38  -5.7750212066753313E-003  -3.6960135723999939E-003
          39  -5.7720779077318459E-003  -3.6941298585102681E-003
          40  -5.7692114752145108E-003  -3.6922953485182186E-003
          41  -5.7664180912468015E-003  -3.6905075730938046E-003
          42  -5.7636941719097909E-003  -3.6887642718405555E-003
          43  -5.7610364323662537E-003  -3.6870633184092954E-003
          44  -5.7584417833646488E-003  -3.6854027406990472E-003
          45  -5.7559073743080951E-003  -3.6837807167989169E-003
          46  -5.7534305137199905E-003  -3.6821955286489767E-003
          47  -5.7510086953888491E-003  -3.6806455670330769E-003
          48  -5.7486395829736067E-003  -3.6791293345632076E-003
          49  -5.7463209643753774E-003  -3.6776454214621284E-003
          50  -5.7440508008249859E-003  -3.6761925082520151E-003
          51  -5.7418271065376508E-003  -3.6747693535463927E-003
          52  -5.7396480970309562E-003  -3.6733747776618508E-003
          53  -5.7375120131456757E-003  -3.6720076866594894E-003
          54  -5.7354172473479690E-003  -3.6706670369495349E-003
          55  -5.7333622675649811E-003  -3.6693518483913953E-003
          56  -5.7313456107199639E-003  -3.6680611858241731E-003
          57  -5.7293659038815262E-003  -3.6667941737059920E-003
          58  -5.7274218389594851E-003  -3.6655499765233437E-003
          59  -5.7255121932766780E-003  -3.6643278030106083E-003
          60  -5.7236357838785744E-003  -3.6631269005809129E-003
          61  -5.7217914928096528E-003  -3.6619465573308144E-003
          62  -5.7199782717164650E-003  -3.6607860912686693E-003
          63  -5.7181950979812157E-003  -3.6596448683978711E-003
          64  -5.7164410314033158E-003  -3.6585222634374090E-003
          65  -5.7147151503712601E-003  -3.6574176913554061E-003
          66  -5.7130165648886823E-003  -3.6563306062833674E-003
          67  -5.7113444590130248E-003  -3.6552604568524543E-003
          68  -5.7096980299032839E-003  -3.6542067378733433E-003
          69  -5.7080765120601880E-003  -3.6531689675776539E-003
          70  -5.7064791930829823E-003  -3.6521466810315170E-003
          71  -5.7049053572486696E-003  -3.6511394259500962E-003
          72  -5.7033543402880953E-003  -3.6501467823237353E-003
          73  -5.7018255195741656E-003  -3.6491683352288260E-003
          74  -5.7003182708420686E-003  -3.6482036927689429E-003
          75  -5.6988320017123985E-003  -3.6472524856658610E-003
          76  -5.6973661559729530E-003  -3.6463143375327434E-003
          77  -5.6959201810678206E-003  -3.6453889166005544E-003
          78  -5.6944935697153063E-003  -3.6444758797308185E-003
          79  -5.6930858003913848E-003  -3.6435749195963367E-003
          80  -5.6916964097925935E-003  -3.6426857037106077E-003
          81  -5.6903249353158847E-003  -3.6418079568666028E-003
          82  -5.6889709177467551E-003  -3.6409413847493135E-003
          83  -5.6876339287790616E-003  -3.6400857196462427E-003
          84  -5.6863135582782580E-003  -3.6392406790440733E-003
          85  -5.6850094154322593E-003  -3.6384060217947243E-003
          86  -5.6837210929004548E-003  -3.6375814987259707E-003
          87  -5.6824482435025615E-003  -3.6367668718903898E-003
          88  -5.6811904887430894E-003  -3.6359619081037875E-003
          89  -5.6799474727838618E-003  -3.6351663794969452E-003
          90  -5.6787188872209193E-003  -3.6343800895873384E-003
          91  -5.6775043962612824E-003  -3.6336028146392359E-003
          92  -5.6763036899836489E-003  -3.6328343623280189E-003
          93  -5.6751164564970563E-003  -3.6320745346734395E-003
          94  -5.6739424128002596E-003  -3.6313231459708232E-003
          95  -5.6727812651707421E-003  -3.6305800073335908E-003
          96  -5.6716327506892809E-003  -3.6298449592512441E-003
          97  -5.6704965895650753E-003  -3.6291178149377855E-003
          98  -5.6693725300244200E-003  -3.6283984223497473E-003
          99  -5.6682603336518306E-003  -3.6276866108462809E-003
         100  -5.6671597379213774E-003  -3.6269822307722606E-003
         101  -5.6660705194140955E-003  -3.6262851333249500E-003
         102  -5.6649924523250140E-003  -3.6255951613754687E-003
         103  -5.6639253040146826E-003  -3.6249121927637044E-003
         104  -5.6628688718127346E-003  -3.6242360746444303E-003
         105  -5.6618229256830089E-003  -3.6235666778714273E-003
         106  -5.6607872976157884E-003  -3.6229038724395648E-003
         107  -5.6597617635234208E-003  -3.6222475328948562E-003
         108  -5.6587461438119624E-003  -3.6215975399257997E-003
         109  -5.6577402604784241E-003  -3.6209537667061917E-003
         110  -5.6567439165179489E-003  -3.6203161030727992E-003
         111  -5.6557569321727492E-003  -3.6196844341530483E-003
         112  -5.6547791585256227E-003  -3.6190586568792898E-003
         113  -5.6538104070806595E-003  -3.6184386545726364E-003
         114  -5.6528505278263252E-003  -3.6178243324532506E-003
         115  -5.6518993576491396E-003  -3.6172155844515466E-003
         116  -5.6509567487828668E-003  -3.6166123133896527E-003
         117  -5.6500225436424672E-003  -3.6160144282385296E-003
         118  -5.6490966032340375E-003  -3.6154218297631811E-003
         119  -5.6481787856534271E-003  -3.6148344268249577E-003
         120  -5.6472689513450171E-003  -3.6142521296324091E-003
         121  -5.6463669722074481E-003  -3.6136748622127663E-003
         122  -5.6454727020305209E-003  -3.6131025285258242E-003
         123  -5.6445860241112599E-003  -3.6125350518673377E-003
         124  -5.6437068061092532E-003  -3.6119723524964372E-003
         125  -5.6428349360534988E-003  -3.6114143522381977E-003
         126  -5.6419702769160513E-003  -3.6108609713146355E-003
         127  -5.6411127181386807E-003  -3.6103121406991655E-003
         128  -5.6402621690319447E-003  -3.6097677833452171E-003
         129  -5.6394184817986671E-003  -3.6092278303814342E-003
         130  -5.6385815733037163E-003  -3.6086922100418890E-003
         131  -5.6377513481114857E-003  -3.6081608560586753E-003
         132  -5.6369276718463675E-003  -3.6076337121764683E-003
         133  -5.6361104620469725E-003  -3.6071106935125275E-003
         134  -5.6352996185799510E-003  -3.6065917536909093E-003
         135  -5.6344950361119908E-003  -3.6060768305073510E-003
         136  -5.6336966324013107E-003  -3.6055658463123100E-003
         137  -5.6329043215593393E-003  -3.6050587596461892E-003
         138  -5.6321179791922853E-003  -3.6045555145794673E-003
         139  -5.6313375614314510E-003  -3.6040560371024921E-003
         140  -5.6305629477593298E-003  -3.6035602868825802E-003
         141  -5.6297940798596064E-003  -3.6030682063554137E-003
         142  -5.6290308515150357E-003  -3.6025797408440309E-003
         143  -5.6282731962832358E-003  -3.6020948429206336E-003
         144  -5.6275210286495939E-003  -3.6016134569043408E-003
         145  -5.6267742763053148E-003  -3.6011355430452404E-003
         146  -5.6260328608219072E-003  -3.6006610301289811E-003
         147  -5.6252967061023815E-003  -3.6001898994061652E-003
         148  -5.6245657508668338E-003  -3.5997220813536101E-003
         149  -5.6238399132207467E-003  -3.5992575396629118E-003
         150  -5.6231191110125874E-003  -3.5987962276854777E-003
         151  -5.6224032943353978E-003  -3.5983381127027282E-003
         152  -5.6216924020014167E-003  -3.5978831361575866E-003
         153  -5.6209863538605343E-003  -3.5974312659887960E-003
         154  -5.6202850913032532E-003  -3.5969824568258617E-003
         155  -5.6195885495906733E-003  -3.5965366662642183E-003
         156  -5.6188966581962718E-003  -3.5960938631796066E-003
         157  -5.6182093693722505E-003  -3.5956539957528936E-003
         158  -5.6175266222825322E-003  -3.5952170400373913E-003
         159  -5.6168483634831201E-003  -3.5947829477789386E-003
         160  -5.6161745149216676E-003  -3.5943516869603753E-003
         161  -5.6155050429839313E-003  -3.5939232177890955E-003
         162  -5.6148398738901971E-003  -3.5934975131270155E-003
         163  -5.6141789627842126E-003  -3.5930745384546844E-003
         164  -5.6135222616707477E-003  -3.5926542479567981E-003
         165  -5.6128697074809154E-003  -3.5922366131131266E-003
         166  -5.6122212629782075E-003  -3.5918216107485505E-003
         167  -5.6115768723294995E-003  -3.5914091947049824E-003
         168  -5.6109364653484425E-003  -3.5909993407598224E-003
         169  -5.6103000270848521E-003  -3.5905920223971363E-003
         170  -5.6096674879918150E-003  -3.5901871986903588E-003
         171  -5.6090388220748615E-003  -3.5897848430188313E-003
         172  -5.6084139613406057E-003  -3.5893849350941936E-003
         173  -5.6077928654948020E-003  -3.5889874283423257E-003
         174  -5.6071755017781206E-003  -3.5885923196610249E-003
         175  -5.6065618041449732E-003  -3.5881995553098387E-003
         176  -5.6059517596289965E-003  -3.5878091253404619E-003
         177  -5.6053453059328878E-003  -3.5874209981010792E-003
         178  -5.6047424013973340E-003  -3.5870351408477507E-003
         179  -5.6041430252848140E-003  -3.5866515322251517E-003
         180  -5.6035471079188357E-003  -3.5862701500582513E-003
         181  -5.6029546380042374E-003  -3.5858909673316059E-003
         182  -5.6023655473325896E-003  -3.5855139522768804E-003
         183  -5.6017798306658749E-003  -3.5851390932810146E-003
         184  -5.6011974219588321E-003  -3.5847663576728645E-003
         185  -5.6006183185797207E-003  -3.5843957207411267E-003
         186  -5.6000424365585120E-003  -3.5840271658688009E-003
         187  -5.5994697847566123E-003  -3.5836606680570214E-003
         188  -5.5989003116660926E-003  -3.5832962022921515E-003
         189  -5.5983339801512046E-003  -3.5829337561145333E-003
         190  -5.5977707593242833E-003  -3.5825732798063573E-003
         191  -5.5972106038745528E-003  -3.5822147946462241E-003
         192  -5.5966535041787491E-003  -3.5818582431748230E-003
         193  -5.5960994198023797E-003  -3.5815036224963147E-003
         194  -5.5955483045548480E-003  -3.5811509135783453E-003
         195  -5.5950001358528664E-003  -3.5808000896216299E-003
         196  -5.5944548856479140E-003  -3.5804511328403131E-003
         197  -5.5939125372696909E-003  -3.5801040178218670E-003
         198  -5.5933730269043828E-003  -3.5797587367158213E-003
         199  -5.5928363609670630E-003  -3.5794152658170809E-003
         200  -5.5923024737521291E-003  -3.5790735823616588E-003
         201  -5.5917713743067962E-003  -3.5787336772032325E-003
         202  -5.5912430164727469E-003  -3.5783955297014670E-003
         203  -5.5907173660993213E-003  -3.5780591161554817E-003
         204  -5.5901944054019591E-003  -3.5777244267024646E-003
         205  -5.5896741162598500E-003  -3.5773914317082239E-003
         206  -5.5891564549908771E-003  -3.5770601323755241E-003
         207  -5.5886414114535944E-003  -3.5767304975876410E-003
         208  -5.5881289289769140E-003  -3.5764025187711452E-003
         209  -5.5876190269086674E-003  -3.5760761719772355E-003
         210  -5.5871116443937637E-003  -3.5757514559674208E-003
         211  -5.5866067756883443E-003  -3.5754283415237046E-003
         212  -5.5861043856709446E-003  -3.5751068053032583E-003
         213  -5.5856044649582352E-003  -3.5747868553671160E-003
         214  -5.5851069791302936E-003  -3.5744684634165021E-003
         215  -5.5846119027004662E-003  -3.5741516199378760E-003
         216  -5.5841192149698902E-003  -3.5738363003023042E-003
         217  -5.5836289043721061E-003  -3.5735224987981482E-003
         218  -5.5831409302459535E-003  -3.5732101989349426E-003
         219  -5.5826552909871083E-003  -3.5728993819695472E-003
         220  -5.5821719432191559E-003  -3.5725900482669187E-003
         221  -5.5816908913411392E-003  -3.5722821661896935E-003
         222  -5.5812120809743621E-003  -3.5719757318235915E-003
         223  -5.5807355227791245E-003  -3.5716707306456203E-003
         224  -5.5802611815244435E-003  -3.5713671546354930E-003
         225  -5.5797890444775977E-003  -3.5710649852118297E-003
         226  -5.5793190744152519E-003  -3.5707642103678479E-003
         227  -5.5788512653289933E-003  -3.5704648161562786E-003
         228  -5.5783856125592706E-003  -3.5701667910081466E-003
         229  -5.5779220613267023E-003  -3.5698701171880190E-003
         230  -5.5774606312158264E-003  -3.5695748051812895E-003
         231  -5.5770012702922546E-003  -3.5692808121270234E-003
         232  -5.5765439796873310E-003  -3.5689881406311846E-003
         233  -5.5760887191003815E-003  -3.5686967872864996E-003
         234  -5.5756355187410343E-003  -3.5684067297534179E-003
         235  -5.5751843028196846E-003  -3.5681179612218673E-003
         236  -5.5747350963577507E-003  -3.5678304689188423E-003
         237  -5.5742878744434220E-003  -3.5675442384346281E-003
         238  -5.5738425880285519E-003  -3.5672592623883091E-003
         239  -5.5733992719997141E-003  -3.5669755361555592E-003
         240  -5.5729578680866832E-003  -3.5666930319404105E-003
         241  -5.5725183718158128E-003  -3.5664117593478635E-003
         242  -5.5720807764024381E-003  -3.5661316962042125E-003
         243  -5.5716450597731466E-003  -3.5658528405097378E-003
         244  -5.5712112062490287E-003  -3.5655751627999581E-003
         245  -5.5707792022634504E-003  -3.5652986798955567E-003
         246  -5.5703490103351594E-003  -3.5650233681787861E-003
         247  -5.5699206559874865E-003  -3.5647492156577576E-003
         248  -5.5694940931128728E-003  -3.5644762176777647E-003
         249  -5.5690693213250025E-003  -3.5642043639064072E-003
         250  -5.5686463120793606E-003  -3.5639336426934710E-003
         251  -5.5682250696500084E-003  -3.5636640454479594E-003
         252  -5.5678055745569917E-003  -3.5633955579441393E-003
         253  -5.5673877922511310E-003  -3.5631281908823803E-003
         254  -5.5669717386222861E-003  -3.5628619188339933E-003
         255  -5.5665573927711183E-003  -3.5625967325974600E-003
         256  -5.5661447362858243E-003  -3.5623326261490060E-003
         257  -5.5657337357727533E-003  -3.5620695922951710E-003
         258  -5.5653244085334900E-003  -3.5618076183080312E-003
         259  -5.5649167351063140E-003  -3.5615467034559780E-003
         260  -5.5645106767172924E-003  -3.5612868371335833E-003
         261  -5.5641062586212773E-003  -3.5610279988476448E-003
         262  -5.5637034429962635E-003  -3.5607702065034393E-003
         263  -5.5633022298246472E-003  -3.5605134286695083E-003
         264  -5.5629025954885844E-003  -3.5602576679711942E-003
         265  -5.5625045411127989E-003  -3.5600029040245892E-003
         266  -5.5621080486475873E-003  -3.5597491462042298E-003
         267  -5.5617130984523255E-003  -3.5594963852999483E-003
         268  -5.5613196869448043E-003  -3.5592445978816886E-003
         269  -5.5609278090341212E-003  -3.5589937947829069E-003
         270  -5.5605374228358826E-003  -3.5587439550278754E-003
         271  -5.5601485555568592E-003  -3.5584950787356366E-003
         272  -5.5597611800166256E-003  -3.5582471562710378E-003
         273  -5.5593752808180911E-003  -3.5580001770709690E-003
         274  -5.5589908588290762E-003  -3.5577541429265840E-003
         275  -5.5586078825627626E-003  -3.5575090414761211E-003
         276  -5.5582263589654931E-003  -3.5572648683206208E-003
         277  -5.5578462715093488E-003  -3.5570216049025686E-003
         278  -5.5574676023133936E-003  -3.5567792716886758E-003
         279  -5.5570903543446012E-003  -3.5565378218110990E-003
         280  -5.5567145204219208E-003  -3.5562972873872871E-003
         281  -5.5563400654358962E-003  -3.5560576464989360E-003
         282  -5.5559670018481113E-003  -3.5558188808271999E-003
         283  -5.5555953186899694E-003  -3.5555810023604776E-003
         284  -5.5552249859616969E-003  -3.5553440000937173E-003
         285  -5.5548560302906801E-003  -3.5551078533303470E-003
         286  -5.5544884103656709E-003  -3.5548725806736959E-003
         287  -5.5541221014559442E-003  -3.5546381509945300E-003
         288  -5.5537571445418961E-003  -3.5544045769672762E-003
         289  -5.5533935126302258E-003  -3.5541718482618658E-003
         290  -5.5530311730922844E-003  -3.5539399493500724E-003
         291  -5.5526701278776902E-003  -3.5537088907780148E-003
         292  -5.5523103957463510E-003  -3.5534786511317320E-003
         293  -5.5519519273399855E-003  -3.5532492306347219E-003
         294  -5.5515947303252959E-003  -3.5530206243646694E-003
         295  -5.5512387889614431E-003  -3.5527928267266393E-003
         296  -5.5508841178182481E-003  -3.5525658359413753E-003
         297  -5.5505306901425938E-003  -3.5523396316486260E-003
         298  -5.5501784736432967E-003  -3.5521142331799531E-003
         299  -5.5498275067914710E-003  -3.5518896054237384E-003
         300  -5.5494777687975644E-003  -3.5516657754434567E-003
         301  -5.5491292243929234E-003  -3.5514427068466417E-003
         302  -5.5487818957357391E-003  -3.5512204120120580E-003
         303  -5.5484357636211342E-003  -3.5509988847590756E-003
         304  -5.5480907943843243E-003  -3.5507781183075110E-003
         305  -5.5477470344403330E-003  -3.5505581007809293E-003
         306  -5.5474044438072632E-003  -3.5503388377287983E-003
         307  -5.5470629950602661E-003  -3.5501203206253318E-003
         308  -5.5467227184830088E-003  -3.5499025403703836E-003
         309  -5.5463835848995084E-003  -3.5496855008342837E-003
         310  -5.5460455868014550E-003  -3.5494691782621342E-003
         311  -5.5457087248647991E-003  -3.5492535934911126E-003
         312  -5.5453730034626713E-003  -3.5490387307140206E-003
         313  -5.5450383945055632E-003  -3.5488245735689774E-003
         314  -5.5447048961905273E-003  -3.5486111277699805E-003
         315  -5.5443725059175991E-003  -3.5483983985355291E-003
         316  -5.5440411931197029E-003  -3.5481863634154202E-003
         317  -5.5437109807776877E-003  -3.5479750311421315E-003
         318  -5.5433818594157799E-003  -3.5477643873054032E-003
         319  -5.5430538006369700E-003  -3.5475544351297765E-003
         320  -5.5427268206328130E-003  -3.5473451592132319E-003
         321  -5.5424008940193172E-003  -3.5471365709007227E-003
         322  -5.5420760355292002E-003  -3.5469286583765251E-003
         323  -5.5417522137460934E-003  -3.5467214184341542E-003
         324  -5.5414294283210432E-003  -3.5465148428587743E-003
         325  -5.5411076918579849E-003  -3.5463089320730010E-003
         326  -5.5407869935297045E-003  -3.5461036723985402E-003
         327  -5.5404673081378706E-003  -3.5458990770260140E-003
         328  -5.5401486325484329E-003  -3.5456951268364643E-003
         329  -5.5398309720758321E-003  -3.5454918159266795E-003
         330  -5.5395143268252662E-003  -3.5452891562107089E-003
         331  -5.5391986551694885E-003  -3.5450871318222321E-003
         332  -5.5388839832619724E-003  -3.5448857447205931E-003
         333  -5.5385703138279988E-003  -3.5446849873246354E-003
         334  -5.5382576032555319E-003  -3.5444848653520796E-003
         335  -5.5379458621136416E-003  -3.5442853566925443E-003
         336  -5.5376351003810992E-003  -3.5440864616812498E-003
         337  -5.5373252999816863E-003  -3.5438881894243597E-003
         338  -5.5370164513678264E-003  -3.5436905303412275E-003
         339  -5.5367085672979226E-003  -3.5434934790376906E-003
         340  -5.5364016141206916E-003  -3.5432970297359159E-003
         341  -5.5360955988296217E-003  -3.5431011762780884E-003
         342  -5.5357905186833251E-003  -3.5429059304886408E-003
         343  -5.5354863565968120E-003  -3.5427112671199100E-003
         344  -5.5351831362427644E-003  -3.5425172018662171E-003
         345  -5.5348808210379484E-003  -3.5423237179263334E-003
         346  -5.5345794197705278E-003  -3.5421308211115573E-003
         347  -5.5342789177050206E-003  -3.5419385076992716E-003
         348  -5.5339793271645416E-003  -3.5417467598112097E-003
         349  -5.5336806185249778E-003  -3.5415555914350642E-003
         350  -5.5333828030529547E-003  -3.5413649932167206E-003
         351  -5.5330858684763777E-003  -3.5411749692846285E-003
         352  -5.5327898296631340E-003  -3.5409854865571912E-003
         353  -5.5324946594833835E-003  -3.5407965807774853E-003
         354  -5.5322003441087633E-003  -3.5406082228145834E-003
         355  -5.5319069153771357E-003  -3.5404204201148095E-003
         356  -5.5316143400168478E-003  -3.5402331752082002E-003
         357  -5.5313226027051609E-003  -3.5400464672105049E-003
         358  -5.5310317338639779E-003  -3.5398602980188155E-003
         359  -5.5307416894748093E-003  -3.5396746877413973E-003
         360  -5.5304525082955271E-003  -3.5394896053091373E-003
         361  -5.5301641546006957E-003  -3.5393050517199703E-003
         362  -5.5298766292118575E-003  -3.5391210369504168E-003
         363  -5.5295899139631028E-003  -3.5389375521674977E-003
         364  -5.5293040458619077E-003  -3.5387545928760814E-003
         365  -5.5290189780333541E-003  -3.5385721450134338E-003
         366  -5.5287347280673412E-003  -3.5383902359891134E-003
         367  -5.5284512899385655E-003  -3.5382088233316678E-003
         368  -5.5281686525411999E-003  -3.5380279385555441E-003
         369  -5.5278867996822832E-003  -3.5378475571883131E-003
         370  -5.5276057612258693E-003  -3.5376676823484867E-003
         371  -5.5273255108538423E-003  -3.5374883262021145E-003
         372  -5.5270460357578930E-003  -3.5373094587893240E-003
         373  -5.5267673459871722E-003  -3.5371311010592849E-003
         374  -5.5264894325783185E-003  -3.5369532457942250E-003
         375  -5.5262122861593271E-003  -3.5367758668703327E-003
         376  -5.5259359156031662E-003  -3.5365989844940208E-003
         377  -5.5256603060912773E-003  -3.5364226000032450E-003
         378  -5.5253854703984431E-003  -3.5362467004950078E-003
         379  -5.5251113742588566E-003  -3.5360712821401294E-003
         380  -5.5248380250108153E-003  -3.5358963455352031E-003
         381  -5.5245654530010563E-003  -3.5357218816966058E-003
         382  -5.5242935900939073E-003  -3.5355479047658026E-003
         383  -5.5240224939488991E-003  -3.5353743912633863E-003
         384  -5.5237521237128098E-003  -3.5352013548716438E-003
         385  -5.5234824802363617E-003  -3.5350287903470391E-003
         386  -5.5232135687052373E-003  -3.5348566781645491E-003
         387  -5.5229453845983814E-003  -3.5346850407084567E-003
         388  -5.5226779183577364E-003  -3.5345138673739968E-003
         389  -5.5224111600700983E-003  -3.5343431473213571E-003
         390  -5.5221451276157340E-003  -3.5341728835504450E-003
         391  -5.5218797963371797E-003  -3.5340030788539494E-003
         392  -5.5216151881558604E-003  -3.5338337217343308E-003
         393  -5.5213512683423248E-003  -3.5336648098603209E-003
         394  -5.5210880440766602E-003  -3.5334963500886231E-003
         395  -5.5208255269335611E-003  -3.5333283302801718E-003
         396  -5.5205636811633636E-003  -3.5331607568851245E-003
         397  -5.5203025318070909E-003  -3.5329936220502775E-003
         398  -5.5200420801048951E-003  -3.5328269224183489E-003
         399  -5.5197822987405470E-003  -3.5326606685570422E-003
         400  -5.5195231883138456E-003  -3.5324948378828557E-003
         401  -5.5192647491259517E-003  -3.5323294405716519E-003
         402  -5.5190070000403907E-003  -3.5321644819117028E-003
         403  -5.5187499030591681E-003  -3.5319999387125201E-003
         404  -5.5184934764529528E-003  -3.5318358205888487E-003
         405  -5.5182377004709092E-003  -3.5316721228256451E-003
         406  -5.5179825739342450E-003  -3.5315088546848590E-003
         407  -5.5177281190016709E-003  -3.5313460016412929E-003
         408  -5.5174743103260223E-003  -3.5311835631458626E-003
         409  -5.5172211506110628E-003  -3.5310215337432979E-003
         410  -5.5169686281006103E-003  -3.5308599314445958E-003
         411  -5.5167167402120805E-003  -3.5306987220640844E-003
         412  -5.5164655124936074E-003  -3.5305379279959091E-003
         413  -5.5162148944950190E-003  -3.5303775288775740E-003
         414  -5.5159649254384211E-003  -3.5302175467848067E-003
         415  -5.5157155827326634E-003  -3.5300579657446441E-003
         416  -5.5154668577164579E-003  -3.5298987838176680E-003
         417  -5.5152187462021527E-003  -3.5297400036409746E-003
         418  -5.5149712674685747E-003  -3.5295816087123188E-003
         419  -5.5147243836076313E-003  -3.5294236155729701E-003
         420  -5.5144781466350918E-003  -3.5292660121367856E-003
         421  -5.5142325038814791E-003  -3.5291087956427492E-003
         422  -5.5139874593841337E-003  -3.5289519774278941E-003
         423  -5.5137430264546299E-003  -3.5287955354094541E-003
         424  -5.5134991991598031E-003  -3.5286394853693776E-003
         425  -5.5132559570446986E-003  -3.5284838144119856E-003
         426  -5.5130133174699277E-003  -3.5283285237519904E-003
         427  -5.5127712594932998E-003  -3.5281736144571179E-003
         428  -5.5125298095496621E-003  -3.5280190779212232E-003
         429  -5.5122889462280037E-003  -3.5278649196762509E-003
         430  -5.5120486526255529E-003  -3.5277111403502711E-003
         431  -5.5118089449761997E-003  -3.5275577165811392E-003
         432  -5.5115698202313889E-003  -3.5274046773138648E-003
         433  -5.5113312607982332E-003  -3.5272520084383011E-003
         434  -5.5110932822643056E-003  -3.5270997100082650E-003
         435  -5.5108558713639118E-003  -3.5269477628319381E-003
         436  -5.5106190432693920E-003  -3.5267961810022197E-003
         437  -5.5103827651589894E-003  -3.5266449689368689E-003
         438  -5.5101470565567696E-003  -3.5264941165789199E-003
         439  -5.5099118985351423E-003  -3.5263436137229266E-003
         440  -5.5096772958615065E-003  -3.5261934739458959E-003
         441  -5.5094432531062193E-003  -3.5260436772002030E-003
         442  -5.5092097746440877E-003  -3.5258942511742185E-003
         443  -5.5089768215334260E-003  -3.5257451659730481E-003
         444  -5.5087444264729441E-003  -3.5255964346682283E-003
         445  -5.5085125836536568E-003  -3.5254480510449552E-003
         446  -5.5082812678755710E-003  -3.5253000183477030E-003
         447  -5.5080505064916624E-003  -3.5251523157092180E-003
         448  -5.5078202690999351E-003  -3.5250049749121445E-003
         449  -5.5075905730843124E-003  -3.5248579700393962E-003
         450  -5.5073614116467485E-003  -3.5247113038382304E-003
         451  -5.5071327777924733E-003  -3.5245649789405419E-003
         452  -5.5069046739462668E-003  -3.5244189834414200E-003
         453  -5.5066770879255399E-003  -3.5242733389654977E-003
         454  -5.5064500265919409E-003  -3.5241280141322636E-003
         455  -5.5062234918243540E-003  -3.5239830351526048E-003
         456  -5.5059974708824132E-003  -3.5238383800166892E-003
         457  -5.5057719604626482E-003  -3.5236940506504560E-003
         458  -5.5055469618993814E-003  -3.5235500536884090E-003
         459  -5.5053224715352796E-003  -3.5234063860239465E-003
         460  -5.5050985096427620E-003  -3.5232630492571153E-003
         461  -5.5048750384740219E-003  -3.5231200207647968E-003
         462  -5.5046520731319177E-003  -3.5229773356823544E-003
         463  -5.5044296140931166E-003  -3.5228349566878833E-003
         464  -5.5042076520116596E-003  -3.5226928945835422E-003
         465  -5.5039862015139364E-003  -3.5225511649115875E-003
         466  -5.5037652239329571E-003  -3.5224097493086271E-003
         467  -5.5035447480547969E-003  -3.5222686437820202E-003
         468  -5.5033247735338719E-003  -3.5221278490658739E-003
         469  -5.5031052805164732E-003  -3.5219873706303848E-003
         470  -5.5028862683176669E-003  -3.5218472090136031E-003
         471  -5.5026677457758163E-003  -3.5217073549730980E-003
         472  -5.5024496973755388E-003  -3.5215678039961012E-003
         473  -5.5022321364887987E-003  -3.5214285756843032E-003
         474  -5.5020150618168943E-003  -3.5212896411133984E-003
         475  -5.5017984525186948E-003  -3.5211510148470270E-003
         476  -5.5015823263654846E-003  -3.5210126871282792E-003
         477  -5.5013666621991572E-003  -3.5208746626433003E-003
         478  -5.5011514823556339E-003  -3.5207369411379271E-003
         479  -5.5009367556610265E-003  -3.5205995222639245E-003
         480  -5.5007224895987430E-003  -3.5204624055796322E-003
         481  -5.5005087158056945E-003  -3.5203255711209742E-003
         482  -5.5002953880743354E-003  -3.5201890425366686E-003
         483  -5.5000825134600504E-003  -3.5200528093921545E-003
         484  -5.4998701037500281E-003  -3.5199168708734590E-003
         485  -5.4996581414237800E-003  -3.5197812212122508E-003
         486  -5.4994466574563765E-003  -3.5196458642754364E-003
         487  -5.4992356145842263E-003  -3.5195107892452590E-003
         488  -5.4990250191787804E-003  -3.5193760144168217E-003
         489  -5.4988148774854908E-003  -3.5192415141871670E-003
         490  -5.4986051761350494E-003  -3.5191073115570532E-003
         491  -5.4983959259777638E-003  -3.5189733953552437E-003
         492  -5.4981871084929367E-003  -3.5188397543111922E-003
         493  -5.4979787489006738E-003  -3.5187063965651101E-003
         494  -5.4977708235357759E-003  -3.5185733253064551E-003
         495  -5.4975633280954289E-003  -3.5184405338855905E-003
         496  -5.4973562825552493E-003  -3.5183080106802097E-003
         497  -5.4971496530683440E-003  -3.5181757732751775E-003
         498  -5.4969434642439261E-003  -3.5180438147710473E-003
         499  -5.4967377063896801E-003  -3.5179121330668321E-003
         500  -5.4965323843435918E-003  -3.5177807162022775E-003
         501  -5.4963274734852671E-003  -3.5176495863560669E-003
         502  -5.4961229979609734E-003  -3.5175187216302576E-003
         503  -5.4959189524667103E-003  -3.5173881293829477E-003
         504  -5.4957153315721343E-003  -3.5172578022197652E-003
         505  -5.4955121101337287E-003  -3.5171277522484737E-003
         506  -5.4953093118426692E-003  -3.5169979621265386E-003
         507  -5.4951069505046139E-003  -3.5168684487149634E-003
         508  -5.4949049859086647E-003  -3.5167391945107951E-003
         509  -5.4947034463233169E-003  -3.5166102015281174E-003
         510  -5.4945023059859866E-003  -3.5164814766158220E-003
         511  -5.4943015978660822E-003  -3.5163530118399069E-003
         512  -5.4941012616094411E-003  -3.5162248188169150E-003
         513  -5.4939013643252772E-003  -3.5160968747392908E-003
         514  -5.4937018650507187E-003  -3.5159691910785743E-003
         515  -5.4935027668765691E-003  -3.5158417694253906E-003
         516  -5.4933040678746652E-003  -3.5157146063884812E-003
         517  -5.4931057758388557E-003  -3.5155876886711467E-003
         518  -5.4929078689602657E-003  -3.5154610373148076E-003
         519  -5.4927103744883427E-003  -3.5153346438046959E-003
         520  -5.4925132753150339E-003  -3.5152084995477718E-003
         521  -5.4923165738955089E-003  -3.5150826007955809E-003
         522  -5.4921202479647439E-003  -3.5149569634244306E-003
         523  -5.4919243293072946E-003  -3.5148315638609397E-003
         524  -5.4917287905211836E-003  -3.5147064277073086E-003
         525  -5.4915336237829895E-003  -3.5145815361756652E-003
         526  -5.4913388803215033E-003  -3.5144568851806376E-003
         527  -5.4911445028317952E-003  -3.5143324853632212E-003
         528  -5.4909505226373879E-003  -3.5142083226479531E-003
         529  -5.4907569019149094E-003  -3.5140844124880613E-003
         530  -5.4905636767423778E-003  -3.5139607554846063E-003
         531  -5.4903708238907946E-003  -3.5138373324256019E-003
         532  -5.4901783595222306E-003  -3.5137141536506823E-003
         533  -5.4899862651363188E-003  -3.5135912096872441E-003
         534  -5.4897945418854793E-003  -3.5134685008755811E-003
         535  -5.4896031908297999E-003  -3.5133460423288376E-003
         536  -5.4894122079919257E-003  -3.5132238243909819E-003
         537  -5.4892216189804553E-003  -3.5131018373348228E-003
         538  -5.4890313899590695E-003  -3.5129800812599135E-003
         539  -5.4888415216104280E-003  -3.5128585710585206E-003
         540  -5.4886520244313243E-003  -3.5127372869208787E-003
         541  -5.4884628989351793E-003  -3.5126162386753435E-003
         542  -5.4882741158179321E-003  -3.5124954311505684E-003
         543  -5.4880857001712259E-003  -3.5123748443427459E-003
         544  -5.4878976621561600E-003  -3.5122544978304819E-003
         545  -5.4877099523463922E-003  -3.5121343764448493E-003
         546  -5.4875226253479409E-003  -3.5120144798258092E-003
         547  -5.4873356613113385E-003  -3.5118948174828473E-003
         548  -5.4871490353138102E-003  -3.5117753889546692E-003
         549  -5.4869627769375869E-003  -3.5116561788289952E-003
         550  -5.4867768511466693E-003  -3.5115372014227846E-003
         551  -5.4865913072428439E-003  -3.5114184362379452E-003
         552  -5.4864061050458645E-003  -3.5112999074281507E-003
         553  -5.4862212440163673E-003  -3.5111815943807581E-003
         554  -5.4860367285058049E-003  -3.5110635112166459E-003
         555  -5.4858525578155544E-003  -3.5109456322265082E-003
         556  -5.4856687460935784E-003  -3.5108279963056710E-003
         557  -5.4854852725832190E-003  -3.5107105726613955E-003
         558  -5.4853021363393609E-003  -3.5105933702445228E-003
         559  -5.4851193512782913E-003  -3.5104763780448036E-003
         560  -5.4849368764544812E-003  -3.5103596098981999E-003
         561  -5.4847547704628546E-003  -3.5102430546908930E-003
         562  -5.4845730071492738E-003  -3.5101267211858664E-003
         563  -5.4843915652384402E-003  -3.5100106081350415E-003
         564  -5.4842104582683571E-003  -3.5098946942892996E-003
         565  -5.4840296947285270E-003  -3.5097790032292747E-003
         566  -5.4838492580902287E-003  -3.5096635285714172E-003
         567  -5.4836691566918453E-003  -3.5095482588849767E-003
         568  -5.4834893838269956E-003  -3.5094331976594827E-003
         569  -5.4833099327082462E-003  -3.5093183583319010E-003
         570  -5.4831308214502881E-003  -3.5092037293256951E-003
         571  -5.4829520331308116E-003  -3.5090893040025995E-003
         572  -5.4827735757333879E-003  -3.5089750806702180E-003
         573  -5.4825954221733725E-003  -3.5088610725913945E-003
         574  -5.4824176152970553E-003  -3.5087472679873784E-003
         575  -5.4822401178693464E-003  -3.5086336700322690E-003
         576  -5.4820629425948965E-003  -3.5085202868645172E-003
         577  -5.4818860820970870E-003  -3.5084070965474955E-003
         578  -5.4817095639790887E-003  -3.5082941171404283E-003
         579  -5.4815333456734658E-003  -3.5081813416317845E-003
         580  -5.4813574396172880E-003  -3.5080687629585913E-003
         581  -5.4811818682195847E-003  -3.5079563940565478E-003
         582  -5.4810065886676286E-003  -3.5078442127361685E-003
         583  -5.4808316232325665E-003  -3.5077322519086870E-003
         584  -5.4806569941451260E-003  -3.5076204692294235E-003
         585  -5.4804826583595163E-003  -3.5075089025544542E-003
         586  -5.4803086429904566E-003  -3.5073975295060482E-003
         587  -5.4801349098455056E-003  -3.5072863527448738E-003
         588  -5.4799615110290092E-003  -3.5071753648486851E-003
         589  -5.4797884232825117E-003  -3.5070645884893469E-003
         590  -5.4796156282832589E-003  -3.5069540010962269E-003
         591  -5.4794431377852759E-003  -3.5068436101932604E-003
         592  -5.4792709484090913E-003  -3.5067334081885686E-003
         593  -5.4790990617390152E-003  -3.5066234025306919E-003
         594  -5.4789274843305372E-003  -3.5065135905752577E-003
         595  -5.4787562075882907E-003  -3.5064039746681539E-003
         596  -5.4785852329140789E-003  -3.5062945520852678E-003
         597  -5.4784145415102958E-003  -3.5061853049553364E-003
         598  -5.4782441648641590E-003  -3.5060762657145245E-003
         599  -5.4780740840587646E-003  -3.5059674063414158E-003
         600  -5.4779042700183102E-003  -3.5058587390605343E-003
         601  -5.4777347843098000E-003  -3.5057502609501189E-003
         602  -5.4775655775826599E-003  -3.5056419690478436E-003
         603  -5.4773966608963661E-003  -3.5055338704381295E-003
         604  -5.4772280351752098E-003  -3.5054259469516828E-003
         605  -5.4770597164263352E-003  -3.5053182156869096E-003
         606  -5.4768916751882467E-003  -3.5052106684861214E-003
         607  -5.4767239223034682E-003  -3.5051033072447581E-003
         608  -5.4765564635199234E-003  -3.5049961287739934E-003
         609  -5.4763892742249534E-003  -3.5048891298458790E-003
         610  -5.4762223954159016E-003  -3.5047823274065412E-003
         611  -5.4760557821513277E-003  -3.5046756979484452E-003
         612  -5.4758894450022055E-003  -3.5045692532954904E-003
         613  -5.4757234096689594E-003  -3.5044629850202631E-003
         614  -5.4755576512386115E-003  -3.5043568947692133E-003
         615  -5.4753921801384275E-003  -3.5042509892164557E-003
         616  -5.4752269763849067E-003  -3.5041452648863400E-003
         617  -5.4750620452343789E-003  -3.5040397081399464E-003
         618  -5.4748974172174770E-003  -3.5039343356753467E-003
         619  -5.4747330468619326E-003  -3.5038291540440982E-003
         620  -5.4745689544649281E-003  -3.5037241292361341E-003
         621  -5.4744051400208360E-003  -3.5036192879914800E-003
         622  -5.4742415984032327E-003  -3.5035146316978729E-003
         623  -5.4740783345714316E-003  -3.5034101363569602E-003
         624  -5.4739153483672051E-003  -3.5033058235636946E-003
         625  -5.4737526142134311E-003  -3.5032016844617152E-003
         626  -5.4735901775068221E-003  -3.5030977152283867E-003
         627  -5.4734279821146382E-003  -3.5029939170817407E-003
         628  -5.4732660987392833E-003  -3.5028902962873898E-003
         629  -5.4731044406570633E-003  -3.5027868489281005E-003
         630  -5.4729430683368146E-003  -3.5026835659709575E-003
         631  -5.4727819609545012E-003  -3.5025804535879805E-003
         632  -5.4726211128655082E-003  -3.5024775179270267E-003
         633  -5.4724605387094999E-003  -3.5023747447740800E-003
         634  -5.4723002327510028E-003  -3.5022721402130671E-003
         635  -5.4721401790271901E-003  -3.5021697153913428E-003
         636  -5.4719803818656203E-003  -3.5020674509072323E-003
         637  -5.4718208506417520E-003  -3.5019653527579866E-003
         638  -5.4716615946946963E-003  -3.5018634218264757E-003
         639  -5.4715025927727107E-003  -3.5017616538746870E-003
         640  -5.4713438439314135E-003  -3.5016600599123535E-003
         641  -5.4711853471801656E-003  -3.5015586203610699E-003
         642  -5.4710271116751525E-003  -3.5014573512682405E-003
         643  -5.4708691363418455E-003  -3.5013562431805870E-003
         644  -5.4707114200601469E-003  -3.5012553121018929E-003
         645  -5.4705539565642362E-003  -3.5011545281208090E-003
         646  -5.4703967497413131E-003  -3.5010539071822422E-003
         647  -5.4702397830269280E-003  -3.5009534601166330E-003
         648  -5.4700830704221531E-003  -3.5008531722162230E-003
         649  -5.4699266310050008E-003  -3.5007530338361705E-003
         650  -5.4697704174400527E-003  -3.5006530710429049E-003
         651  -5.4696144589244629E-003  -3.5005532588198991E-003
         652  -5.4694587590952614E-003  -3.5004536078647864E-003
         653  -5.4693033164402863E-003  -3.5003541135266852E-003
         654  -5.4691480936189677E-003  -3.5002547762353897E-003
         655  -5.4689931299129980E-003  -3.5001556117349193E-003
         656  -5.4688384185700148E-003  -3.5000565846113690E-003
         657  -5.4686839374416219E-003  -3.4999577361293486E-003
         658  -5.4685297308416682E-003  -3.4998590205743882E-003
         659  -5.4683757355969776E-003  -3.4997604740579923E-003
         660  -5.4682220061885870E-003  -3.4996620866230579E-003
         661  -5.4680685049305934E-003  -3.4995638431555799E-003
         662  -5.4679152555294009E-003  -3.4994657592359113E-003
         663  -5.4677622406853876E-003  -3.4993678350634066E-003
         664  -5.4676094737927160E-003  -3.4992700554372187E-003
         665  -5.4674569374617496E-003  -3.4991724410007924E-003
         666  -5.4673046450124741E-003  -3.4990749662445987E-003
         667  -5.4671525789660612E-003  -3.4989776517692210E-003
         668  -5.4670007628295015E-003  -3.4988804822598443E-003
         669  -5.4668491790432483E-003  -3.4987834731508641E-003
         670  -5.4666978305233900E-003  -3.4986866090712461E-003
         671  -5.4665467098831749E-003  -3.4985898951466771E-003
         672  -5.4663958353676012E-003  -3.4984933364839740E-003
         673  -5.4662451943830754E-003  -3.4983969278980388E-003
         674  -5.4660947845622037E-003  -3.4983006590371046E-003
         675  -5.4659445983593615E-003  -3.4982045452112008E-003
         676  -5.4657946590271952E-003  -3.4981085708798041E-003
         677  -5.4656449383884758E-003  -3.4980127564553107E-003
         678  -5.4654954493453655E-003  -3.4979170863467363E-003
         679  -5.4653461944884543E-003  -3.4978215603572770E-003
         680  -5.4651971609388861E-003  -3.4977261834125209E-003
         681  -5.4650483615031158E-003  -3.4976309501267891E-003
         682  -5.4648997883730748E-003  -3.4975358653824389E-003
         683  -5.4647514388471768E-003  -3.4974409237457441E-003
         684  -5.4646033204872402E-003  -3.4973461249058154E-003
         685  -5.4644554047658389E-003  -3.4972514736809775E-003
         686  -5.4643077506936043E-003  -3.4971569645662714E-003
         687  -5.4641603039116884E-003  -3.4970625971836667E-003
         688  -5.4640130873062250E-003  -3.4969683711329673E-003
         689  -5.4638660721846692E-003  -3.4968742859919203E-003
         690  -5.4637193071622415E-003  -3.4967803516322087E-003
         691  -5.4635727325246840E-003  -3.4966865572768646E-003
         692  -5.4634264071567618E-003  -3.4965929024380824E-003
         693  -5.4632802970567976E-003  -3.4964993814447461E-003
         694  -5.4631343888091374E-003  -3.4964060144137888E-003
         695  -5.4629887154298831E-003  -3.4963127801473487E-003
         696  -5.4628432427843094E-003  -3.4962196780679560E-003
         697  -5.4626979986720833E-003  -3.4961267282433771E-003
         698  -5.4625529798802142E-003  -3.4960339093971908E-003
         699  -5.4624081676534269E-003  -3.4959412312266938E-003
         700  -5.4622635948898953E-003  -3.4958486879071641E-003

   k   test 
         700   4.2058951423701307E-007
