 k   gradient vector, at each step of the optimization (k):

           1  -6.1756696406040090E-003  -3.9524285701947326E-003
           2  -5.9155186529571300E-003  -3.7859319368800395E-003
           3  -5.7958247507606739E-003  -3.7093278389035279E-003
           4  -5.7192939192148903E-003  -3.6603481105705691E-003
           5  -5.6634756725342126E-003  -3.6246244309663194E-003
           6  -5.6197457157747908E-003  -3.5966372624920920E-003
           7  -5.5839080284707902E-003  -3.5737011447473325E-003
           8  -5.5536139380382562E-003  -3.5543129213257917E-003
           9  -5.5274197213588403E-003  -3.5375486195680581E-003
          10  -5.5043762119322956E-003  -3.5228007743126318E-003
          11  -5.4838269160215787E-003  -3.5096492248050926E-003
          12  -5.4652993469514926E-003  -3.4977915835188349E-003
          13  -5.4484424621803760E-003  -3.4870031784554763E-003
          14  -5.4329884757738072E-003  -3.4771126289119118E-003
          15  -5.4187285975483227E-003  -3.4679863068986815E-003
          16  -5.4054969591804088E-003  -3.4595180560784231E-003
          17  -5.3931596629411688E-003  -3.4516221840598148E-003
          18  -5.3816071054706193E-003  -3.4442285441312450E-003
          19  -5.3707484489320901E-003  -3.4372790079966291E-003
          20  -5.3605076166244048E-003  -3.4307248801270594E-003
          21  -5.3508202712331514E-003  -3.4245249703620741E-003
          22  -5.3416314827727691E-003  -3.4186441490907243E-003
          23  -5.3328940731329714E-003  -3.4130522028265609E-003
          24  -5.3245671417733332E-003  -3.4077229713241775E-003
          25  -5.3166150793955754E-003  -3.4026336511691290E-003
          26  -5.3090066475516831E-003  -3.3977642537164881E-003
          27  -5.3017143249784703E-003  -3.3930971715917762E-003
          28  -5.2947137235467880E-003  -3.3886167869392522E-003
          29  -5.2879831524855116E-003  -3.3843092201448544E-003
          30  -5.2815032239448235E-003  -3.3801620616122872E-003
          31  -5.2752565339901827E-003  -3.3761641767113509E-003
          32  -5.2692274114353767E-003  -3.3723055469041152E-003
          33  -5.2634017133072449E-003  -3.3685770947768181E-003
          34  -5.2577665886919577E-003  -3.3649706117671488E-003
          35  -5.2523103711626558E-003  -3.3614786362891253E-003
          36  -5.2470224216981378E-003  -3.3580943524085696E-003
          37  -5.2418930163096941E-003  -3.3548115246116064E-003
          38  -5.2369132191064215E-003  -3.3516244627726979E-003
          39  -5.2320748419346528E-003  -3.3485279034383086E-003
          40  -5.2273703422110584E-003  -3.3455170150371032E-003
          41  -5.2227927383067824E-003  -3.3425873602473967E-003
          42  -5.2183356131271430E-003  -3.3397347873559621E-003
          43  -5.2139929557954113E-003  -3.3369554967742979E-003
          44  -5.2097592634414809E-003  -3.3342459263861488E-003
          45  -5.2056293688702744E-003  -3.3316027909732157E-003
          46  -5.2015984540386313E-003  -3.3290230067756928E-003
          47  -5.1976620634845904E-003  -3.3265037179937870E-003
          48  -5.1938159950368455E-003  -3.3240422347070868E-003
          49  -5.1900563461573746E-003  -3.3216360608770384E-003
          50  -5.1863794323279751E-003  -3.3192828429495498E-003
          51  -5.1827818369151917E-003  -3.3169803720178677E-003
          52  -5.1792602855936076E-003  -3.3147265849248274E-003
          53  -5.1758117697558214E-003  -3.3125195282057646E-003
          54  -5.1724333827874369E-003  -3.3103573691659620E-003
          55  -5.1691224694902730E-003  -3.3082383814209901E-003
          56  -5.1658764517298877E-003  -3.3061609286999575E-003
          57  -5.1626929095684813E-003  -3.3041234610348327E-003
          58  -5.1595695793124653E-003  -3.3021245240705192E-003
          59  -5.1565042981505096E-003  -3.3001627445185086E-003
          60  -5.1534950081640277E-003  -3.2982367984976148E-003
          61  -5.1505397732311969E-003  -3.2963454522522005E-003
          62  -5.1476367542834748E-003  -3.2944875250881969E-003
          63  -5.1447841978720273E-003  -3.2926618874685822E-003
          64  -5.1419804317220930E-003  -3.2908674812981431E-003
          65  -5.1392238781562665E-003  -3.2891032829939692E-003
          66  -5.1365130301873809E-003  -3.2873683340192490E-003
          67  -5.1338464248182978E-003  -3.2856617144008575E-003
          68  -5.1312227188830594E-003  -3.2839825354589801E-003
          69  -5.1286405707751531E-003  -3.2823299697930172E-003
          70  -5.1260987475096106E-003  -3.2807032030547330E-003
          71  -5.1235960410443999E-003  -3.2791014686688082E-003
          72  -5.1211313092397945E-003  -3.2775240396118173E-003
          73  -5.1187034521576538E-003  -3.2759702156225099E-003
          74  -5.1163114258360193E-003  -3.2744393165160040E-003
          75  -5.1139542230034078E-003  -3.2729307031496672E-003
          76  -5.1116308667207306E-003  -3.2714437586999529E-003
          77  -5.1093404351398993E-003  -3.2699778833556719E-003
          78  -5.1070820462167906E-003  -3.2685325134513502E-003
          79  -5.1048548485519065E-003  -3.2671071007734660E-003
          80  -5.1026580041215854E-003  -3.2657011235020326E-003
          81  -5.1004907350156474E-003  -3.2643140679563228E-003
          82  -5.0983522796867031E-003  -3.2629454566854054E-003
          83  -5.0962419096203934E-003  -3.2615948149109140E-003
          84  -5.0941589129563924E-003  -3.2602617015330573E-003
          85  -5.0921026173850886E-003  -3.2589456746899594E-003
          86  -5.0900723800130490E-003  -3.2576463221878713E-003
          87  -5.0880675510771960E-003  -3.2563632299141879E-003
          88  -5.0860875429054484E-003  -3.2550960227765244E-003
          89  -5.0841317526451879E-003  -3.2538443215463018E-003
          90  -5.0821996269541595E-003  -3.2526077577252608E-003
          91  -5.0802906019794683E-003  -3.2513859846782099E-003
          92  -5.0784041676563323E-003  -3.2501786739344385E-003
          93  -5.0765398068630535E-003  -3.2489854780170181E-003
          94  -5.0746970334977597E-003  -3.2478061036579691E-003
          95  -5.0728753565866093E-003  -3.2466402299940866E-003
          96  -5.0710743254229092E-003  -3.2454875667858592E-003
          97  -5.0692934819839405E-003  -3.2443478275772999E-003
          98  -5.0675324020243769E-003  -3.2432207322298933E-003
          99  -5.0657906543017288E-003  -3.2421060242751247E-003
         100  -5.0640678638357540E-003  -3.2410034285195581E-003
         101  -5.0623636034166850E-003  -3.2399127054379678E-003
         102  -5.0606775050907578E-003  -3.2388335972585590E-003
         103  -5.0590091885554887E-003  -3.2377658823280670E-003
         104  -5.0573583165992230E-003  -3.2367093170559517E-003
         105  -5.0557245152907286E-003  -3.2356636902382101E-003
         106  -5.0541074517674598E-003  -3.2346287759240514E-003
         107  -5.0525068257050842E-003  -3.2336043689048214E-003
         108  -5.0509222848664527E-003  -3.2325902598917488E-003
         109  -5.0493535255308900E-003  -3.2315862634676299E-003
         110  -5.0478002646440452E-003  -3.2305921702835147E-003
         111  -5.0462621963919046E-003  -3.2296078052344679E-003
         112  -5.0447390282664173E-003  -3.2286329832702174E-003
         113  -5.0432305097393507E-003  -3.2276675219612160E-003
         114  -5.0417363388655101E-003  -3.2267112579434879E-003
         115  -5.0402562707275375E-003  -3.2257640098992484E-003
         116  -5.0387900505320113E-003  -3.2248256292757263E-003
         117  -5.0373374342841896E-003  -3.2238959516501272E-003
         118  -5.0358981634700548E-003  -3.2229748206252791E-003
         119  -5.0344720164031218E-003  -3.2220620888051910E-003
         120  -5.0330587674788253E-003  -3.2211576148849998E-003
         121  -5.0316581846043375E-003  -3.2202612375294972E-003
         122  -5.0302700613219916E-003  -3.2193728301287191E-003
         123  -5.0288941562984220E-003  -3.2184922631258270E-003
         124  -5.0275303027140011E-003  -3.2176193931171574E-003
         125  -5.0261782741158507E-003  -3.2167540945031944E-003
         126  -5.0248378744202600E-003  -3.2158962369877686E-003
         127  -5.0235089274747067E-003  -3.2150457095390076E-003
         128  -5.0221912236534652E-003  -3.2142023860979030E-003
         129  -5.0208845985732315E-003  -3.2133661416830924E-003
         130  -5.0195888640182339E-003  -3.2125368685987431E-003
         131  -5.0183038438454466E-003  -3.2117144653778539E-003
         132  -5.0170293944756094E-003  -3.2108988060448622E-003
         133  -5.0157653000875877E-003  -3.2100897992675191E-003
         134  -5.0145114495308380E-003  -3.2092873262870355E-003
         135  -5.0132676530649364E-003  -3.2084912962327839E-003
         136  -5.0120337645423547E-003  -3.2077016074188490E-003
         137  -5.0108096311705357E-003  -3.2069181634765019E-003
         138  -5.0095951099142699E-003  -3.2061408659284645E-003
         139  -5.0083900405625582E-003  -3.2053696343302264E-003
         140  -5.0071943055413548E-003  -3.2046043553883505E-003
         141  -5.0060077516156263E-003  -3.2038449583428235E-003
         142  -5.0048302417648651E-003  -3.2030913561559341E-003
         143  -5.0036616637711782E-003  -3.2023434616400216E-003
         144  -5.0025018554429156E-003  -3.2016011838296625E-003
         145  -5.0013507042466748E-003  -3.2008644561253795E-003
         146  -5.0002081043091558E-003  -3.2001331850063670E-003
         147  -4.9990739091156722E-003  -3.1994072980082409E-003
         148  -4.9979480075508665E-003  -3.1986867241942025E-003
         149  -4.9968302846097653E-003  -3.1979713864639671E-003
         150  -4.9957206378065744E-003  -3.1972612057970242E-003
         151  -4.9946189336321726E-003  -3.1965561135215217E-003
         152  -4.9935250638950138E-003  -3.1958560476253671E-003
         153  -4.9924389422440294E-003  -3.1951609209500127E-003
         154  -4.9913604524578882E-003  -3.1944706935892646E-003
         155  -4.9902894928772201E-003  -3.1937852768888194E-003
         156  -4.9892259607412894E-003  -3.1931046098835959E-003
         157  -4.9881697484985095E-003  -3.1924286395225441E-003
         158  -4.9871207723497062E-003  -3.1917572926904452E-003
         159  -4.9860789323210699E-003  -3.1910905166854845E-003
         160  -4.9850441448273204E-003  -3.1904282471925264E-003
         161  -4.9840162945080950E-003  -3.1897704286470239E-003
         162  -4.9829953153627069E-003  -3.1891169982679046E-003
         163  -4.9819811061477086E-003  -3.1884679064749437E-003
         164  -4.9809735751159033E-003  -3.1878230887235465E-003
         165  -4.9799726565840780E-003  -3.1871825021638884E-003
         166  -4.9789782543898879E-003  -3.1865460893163401E-003
         167  -4.9779902989814506E-003  -3.1859137944419596E-003
         168  -4.9770087029713753E-003  -3.1852855677827409E-003
         169  -4.9760333694425602E-003  -3.1846613616642503E-003
         170  -4.9750642656245410E-003  -3.1840411224871184E-003
         171  -4.9741012599547546E-003  -3.1834248112753484E-003
         172  -4.9731443263566905E-003  -3.1828123629773931E-003
         173  -4.9721933525058264E-003  -3.1822037478968445E-003
         174  -4.9712482953700402E-003  -3.1815989105123885E-003
         175  -4.9703090873793919E-003  -3.1809978146099464E-003
         176  -4.9693756241805309E-003  -3.1804004024322914E-003
         177  -4.9684478756328240E-003  -3.1798066440222291E-003
         178  -4.9675257587963751E-003  -3.1792164839839435E-003
         179  -4.9666091996324905E-003  -3.1786298867764297E-003
         180  -4.9656981538277866E-003  -3.1780468163063384E-003
         181  -4.9647925452116284E-003  -3.1774672277802133E-003
         182  -4.9638923029373498E-003  -3.1768910760272997E-003
         183  -4.9629973781986480E-003  -3.1763183238658226E-003
         184  -4.9621077072494564E-003  -3.1757489381006726E-003
         185  -4.9612232321893544E-003  -3.1751828730733332E-003
         186  -4.9603439052798683E-003  -3.1746200997106837E-003
         187  -4.9594696476480743E-003  -3.1740605766518853E-003
         188  -4.9586004115649640E-003  -3.1735042627372579E-003
         189  -4.9577361433172200E-003  -3.1729511337177402E-003
         190  -4.9568767833106740E-003  -3.1724011491383562E-003
         191  -4.9560222994749934E-003  -3.1718542773256247E-003
         192  -4.9551726125086903E-003  -3.1713104746721775E-003
         193  -4.9543276875379880E-003  -3.1707697148532694E-003
         194  -4.9534874551247516E-003  -3.1702319722815503E-003
         195  -4.9526518738920357E-003  -3.1696971971186720E-003
         196  -4.9518209014893302E-003  -3.1691653779565947E-003
         197  -4.9509944863272998E-003  -3.1686364709147133E-003
         198  -4.9501725802079885E-003  -3.1681104498254287E-003
         199  -4.9493551174844171E-003  -3.1675872770342995E-003
         200  -4.9485420780134102E-003  -3.1670669327812039E-003
         201  -4.9477334076715365E-003  -3.1665493859480082E-003
         202  -4.9469290603284888E-003  -3.1660345940720787E-003
         203  -4.9461289811514857E-003  -3.1655225538245874E-003
         204  -4.9453331403314935E-003  -3.1650132086336641E-003
         205  -4.9445414869384629E-003  -3.1645065538310289E-003
         206  -4.9437539868629589E-003  -3.1640025526040736E-003
         207  -4.9429705892153151E-003  -3.1635011781103984E-003
         208  -4.9421912601202642E-003  -3.1630024051257548E-003
         209  -4.9414159448321797E-003  -3.1625062101017730E-003
         210  -4.9406446353984024E-003  -3.1620125669933204E-003
         211  -4.9398772566403683E-003  -3.1615214430646987E-003
         212  -4.9391137845688701E-003  -3.1610328200908115E-003
         213  -4.9383541788304373E-003  -3.1605466775037716E-003
         214  -4.9375984124120234E-003  -3.1600629797010902E-003
         215  -4.9368464293032413E-003  -3.1595817142445661E-003
         216  -4.9360981954416957E-003  -3.1591028495018400E-003
         217  -4.9353536946119504E-003  -3.1586263643815496E-003
         218  -4.9346128817654997E-003  -3.1581522399039717E-003
         219  -4.9338757127858329E-003  -3.1576804549904220E-003
         220  -4.9331421616028099E-003  -3.1572109779701798E-003
         221  -4.9324121819326969E-003  -3.1567437964369260E-003
         222  -4.9316857627528772E-003  -3.1562788832102239E-003
         223  -4.9309628430553110E-003  -3.1558162219476262E-003
         224  -4.9302434185909778E-003  -3.1553557858462157E-003
         225  -4.9295274351818120E-003  -3.1548975547515470E-003
         226  -4.9288148784973201E-003  -3.1544415109354971E-003
         227  -4.9281056928489417E-003  -3.1539876434233229E-003
         228  -4.9273998625545979E-003  -3.1535359180376536E-003
         229  -4.9266973735188017E-003  -3.1530863116718930E-003
         230  -4.9259981617602666E-003  -3.1526388209502328E-003
         231  -4.9253022207040162E-003  -3.1521934236568914E-003
         232  -4.9246095068342516E-003  -3.1517500829978903E-003
         233  -4.9239200213675120E-003  -3.1513088035197015E-003
         234  -4.9232336855765651E-003  -3.1508695623862540E-003
         235  -4.9225505129217983E-003  -3.1504323308555399E-003
         236  -4.9218704628020034E-003  -3.1499970958482931E-003
         237  -4.9211935008202307E-003  -3.1495638470843646E-003
         238  -4.9205196247579285E-003  -3.1491325555266388E-003
         239  -4.9198487566917328E-003  -3.1487032079127301E-003
         240  -4.9191809287205818E-003  -3.1482757981866993E-003
         241  -4.9185160756694633E-003  -3.1478502929290155E-003
         242  -4.9178541863552838E-003  -3.1474266832513939E-003
         243  -4.9171952431429902E-003  -3.1470049502380667E-003
         244  -4.9165392089502002E-003  -3.1465850909528372E-003
         245  -4.9158860532523760E-003  -3.1461670664442659E-003
         246  -4.9152357651672807E-003  -3.1457508841489204E-003
         247  -4.9145883014129780E-003  -3.1453365242019122E-003
         248  -4.9139436731949733E-003  -3.1449239437138002E-003
         249  -4.9133018158900917E-003  -3.1445131680871239E-003
         250  -4.9126627455676345E-003  -3.1441041519385043E-003
         251  -4.9120263937291551E-003  -3.1436968965178175E-003
         252  -4.9113927858084171E-003  -3.1432913844869044E-003
         253  -4.9107618757324740E-003  -3.1428875973276756E-003
         254  -4.9101336330251016E-003  -3.1424855240883409E-003
         255  -4.9095080516244251E-003  -3.1420851526901619E-003
         256  -4.9088851062790316E-003  -3.1416864655706917E-003
         257  -4.9082647612612110E-003  -3.1412894528059852E-003
         258  -4.9076470185064744E-003  -3.1408940902684585E-003
         259  -4.9070318564461233E-003  -3.1405003790156900E-003
         260  -4.9064192255748821E-003  -3.1401082971805601E-003
         261  -4.9058091141675041E-003  -3.1397178349967542E-003
         262  -4.9052015352609498E-003  -3.1393289860775198E-003
         263  -4.9045964301572169E-003  -3.1389417210966422E-003
         264  -4.9039938044247011E-003  -3.1385560404557510E-003
         265  -4.9033936270068117E-003  -3.1381719260325518E-003
         266  -4.9027958741220852E-003  -3.1377893631334922E-003
         267  -4.9022005469182171E-003  -3.1374083449213536E-003
         268  -4.9016076055014846E-003  -3.1370288592400563E-003
         269  -4.9010170437578512E-003  -3.1366509018345722E-003
         270  -4.9004288365574475E-003  -3.1362744455179351E-003
         271  -4.8998429441298869E-003  -3.1358994930689491E-003
         272  -4.8992594047684536E-003  -3.1355260199349344E-003
         273  -4.8986781451021786E-003  -3.1351540183441134E-003
         274  -4.8980991875619204E-003  -3.1347834796859476E-003
         275  -4.8975224958630265E-003  -3.1344143989448688E-003
         276  -4.8969480545208704E-003  -3.1340467481652634E-003
         277  -4.8963758335007707E-003  -3.1336805384010250E-003
         278  -4.8958058369417481E-003  -3.1333157356427184E-003
         279  -4.8952380411965033E-003  -3.1329523538154869E-003
         280  -4.8946724346991387E-003  -3.1325903573200479E-003
         281  -4.8941089958207647E-003  -3.1322297585683889E-003
         282  -4.8935477106260943E-003  -3.1318705292922833E-003
         283  -4.8929885506889320E-003  -3.1315126715519377E-003
         284  -4.8924315130938834E-003  -3.1311561733612932E-003
         285  -4.8918765893771294E-003  -3.1308010175573717E-003
         286  -4.8913237477152902E-003  -3.1304471996064362E-003
         287  -4.8907729863368644E-003  -3.1300947098298962E-003
         288  -4.8902242845886576E-003  -3.1297435378571702E-003
         289  -4.8896776162776854E-003  -3.1293936770939962E-003
         290  -4.8891329898377474E-003  -3.1290451113539031E-003
         291  -4.8885903680632396E-003  -3.1286978371680863E-003
         292  -4.8880497573556368E-003  -3.1283518459586882E-003
         293  -4.8875111408022334E-003  -3.1280071285039799E-003
         294  -4.8869744870700220E-003  -3.1276636615258438E-003
         295  -4.8864397772333838E-003  -3.1273214568922738E-003
         296  -4.8859070316928351E-003  -3.1269804990294932E-003
         297  -4.8853762162021259E-003  -3.1266407762185725E-003
         298  -4.8848473134606293E-003  -3.1263022761314841E-003
         299  -4.8843203097165937E-003  -3.1259649992952175E-003
         300  -4.8837952037664627E-003  -3.1256289322058642E-003
         301  -4.8832719755665353E-003  -3.1252940652607445E-003
         302  -4.8827506131526761E-003  -3.1249603927771762E-003
         303  -4.8822311081790594E-003  -3.1246279085152748E-003
         304  -4.8817134424452594E-003  -3.1242966011857409E-003
         305  -4.8811975878808849E-003  -3.1239664589441871E-003
         306  -4.8806835650713181E-003  -3.1236374784033697E-003
         307  -4.8801713397727160E-003  -3.1233096556522954E-003
         308  -4.8796608994106771E-003  -3.1229829817537814E-003
         309  -4.8791522396187340E-003  -3.1226574337168290E-003
         310  -4.8786453552454095E-003  -3.1223330286206784E-003
         311  -4.8781402177858540E-003  -3.1220097379380382E-003
         312  -4.8776368159894438E-003  -3.1216875642210563E-003
         313  -4.8771351604365567E-003  -3.1213665050298820E-003
         314  -4.8766352112455972E-003  -3.1210465393579456E-003
         315  -4.8761369774980093E-003  -3.1207276728386717E-003
         316  -4.8756404449402432E-003  -3.1204098789667381E-003
         317  -4.8751455849910053E-003  -3.1200931760249507E-003
         318  -4.8746524045664916E-003  -3.1197775410979722E-003
         319  -4.8741608963035147E-003  -3.1194629689183769E-003
         320  -4.8736710430679377E-003  -3.1191494628451471E-003
         321  -4.8731828179382130E-003  -3.1188370031173191E-003
         322  -4.8726962250631696E-003  -3.1185255876736862E-003
         323  -4.8722112679439131E-003  -3.1182152094847799E-003
         324  -4.8717279176166695E-003  -3.1179058565454910E-003
         325  -4.8712461580635675E-003  -3.1175975437078974E-003
         326  -4.8707659862544861E-003  -3.1172902308387969E-003
         327  -4.8702874076352728E-003  -3.1169839365154544E-003
         328  -4.8698103906015941E-003  -3.1166786516250247E-003
         329  -4.8693349393386810E-003  -3.1163743620883319E-003
         330  -4.8688610346376881E-003  -3.1160710625329352E-003
         331  -4.8683886794690153E-003  -3.1157687471951925E-003
         332  -4.8679178397037044E-003  -3.1154674190536917E-003
         333  -4.8674485262349453E-003  -3.1151670578864615E-003
         334  -4.8669807311274840E-003  -3.1148676704804276E-003
         335  -4.8665144367208641E-003  -3.1145692404156789E-003
         336  -4.8660496247601966E-003  -3.1142717600294817E-003
         337  -4.8655863084350595E-003  -3.1139752395949985E-003
         338  -4.8651244683662583E-003  -3.1136796570073485E-003
         339  -4.8646640800161858E-003  -3.1133850172568602E-003
         340  -4.8642051732611831E-003  -3.1130913066708594E-003
         341  -4.8637476995615509E-003  -3.1127985203831116E-003
         342  -4.8632916602236358E-003  -3.1125066623596304E-003
         343  -4.8628370514524760E-003  -3.1122157132967561E-003
         344  -4.8623838597537427E-003  -3.1119256810792188E-003
         345  -4.8619320986692102E-003  -3.1116365365327957E-003
         346  -4.8614817399035360E-003  -3.1113483052648996E-003
         347  -4.8610327684116290E-003  -3.1110609712316196E-003
         348  -4.8605851962389320E-003  -3.1107745088462574E-003
         349  -4.8601389751365322E-003  -3.1104889427985599E-003
         350  -4.8596941437869159E-003  -3.1102042560761378E-003
         351  -4.8592506759756017E-003  -3.1099204359416534E-003
         352  -4.8588085634131964E-003  -3.1096374831657667E-003
         353  -4.8583678065602766E-003  -3.1093553936160346E-003
         354  -4.8579283731288022E-003  -3.1090741582487703E-003
         355  -4.8574902810988741E-003  -3.1087937769490224E-003
         356  -4.8570535110966833E-003  -3.1085142447004181E-003
         357  -4.8566180617562425E-003  -3.1082355561973425E-003
         358  -4.8561839035416799E-003  -3.1079576966025731E-003
         359  -4.8557510573059050E-003  -3.1076806785256413E-003
         360  -4.8553195065036145E-003  -3.1074044865682490E-003
         361  -4.8548892480276985E-003  -3.1071291142939455E-003
         362  -4.8544602459345311E-003  -3.1068545596210149E-003
         363  -4.8540325425701089E-003  -3.1065808248356037E-003
         364  -4.8536060779769755E-003  -3.1063078934281140E-003
         365  -4.8531808844370665E-003  -3.1060357625152619E-003
         366  -4.8527569243027513E-003  -3.1057644335951689E-003
         367  -4.8523342337336815E-003  -3.1054939079185537E-003
         368  -4.8519127603368697E-003  -3.1052241632720757E-003
         369  -4.8514925162842564E-003  -3.1049552096785830E-003
         370  -4.8510734947998261E-003  -3.1046870336971840E-003
         371  -4.8506556794211727E-003  -3.1044196402236286E-003
         372  -4.8502390858514164E-003  -3.1041530106649248E-003
         373  -4.8498236782592834E-003  -3.1038871587401773E-003
         374  -4.8494094809194551E-003  -3.1036220700234817E-003
         375  -4.8489964618912062E-003  -3.1033577391507455E-003
         376  -4.8485846307667647E-003  -3.1030941698425287E-003
         377  -4.8481739734923587E-003  -3.1028313422891067E-003
         378  -4.8477644803071795E-003  -3.1025692690758422E-003
         379  -4.8473561550900855E-003  -3.1023079345910238E-003
         380  -4.8469489780439924E-003  -3.1020473463216499E-003
         381  -4.8465429383427357E-003  -3.1017874835286155E-003
         382  -4.8461380575184178E-003  -3.1015283579332517E-003
         383  -4.8457343100640066E-003  -3.1012699576929959E-003
         384  -4.8453316981637339E-003  -3.1010122847669819E-003
         385  -4.8449302143260559E-003  -3.1007553362329032E-003
         386  -4.8445298413661731E-003  -3.1004990995977637E-003
         387  -4.8441305804860658E-003  -3.1002435668281763E-003
         388  -4.8437324232081186E-003  -3.0999887437321173E-003
         389  -4.8433353607315304E-003  -3.0997346312431340E-003
         390  -4.8429393980018113E-003  -3.0994812113451248E-003
         391  -4.8425445302888058E-003  -3.0992284986342857E-003
         392  -4.8421507243974673E-003  -3.0989764746897075E-003
         393  -4.8417580312889391E-003  -3.0987251349543980E-003
         394  -4.8413663842948726E-003  -3.0984744887668694E-003
         395  -4.8409758150208572E-003  -3.0982245171024022E-003
         396  -4.8405863078300280E-003  -3.0979752336265823E-003
         397  -4.8401978420720970E-003  -3.0977266189261424E-003
         398  -4.8398104344194812E-003  -3.0974786721944770E-003
         399  -4.8394240636397490E-003  -3.0972313971522713E-003
         400  -4.8390387364419130E-003  -3.0969847926412787E-003
         401  -4.8386544451411856E-003  -3.0967388384837741E-003
         402  -4.8382711723444953E-003  -3.0964935472843620E-003
         403  -4.8378889239356982E-003  -3.0962489079243124E-003
         404  -4.8375076866773847E-003  -3.0960049279633688E-003
         405  -4.8371274753593587E-003  -3.0957615912134040E-003
         406  -4.8367482762135313E-003  -3.0955188907344673E-003
         407  -4.8363700515802240E-003  -3.0952768383004300E-003
         408  -4.8359928437973583E-003  -3.0950354219200418E-003
         409  -4.8356166241264285E-003  -3.0947946483262799E-003
         410  -4.8352413919017147E-003  -3.0945544910062251E-003
         411  -4.8348671320192198E-003  -3.0943149705468321E-003
         412  -4.8344938622300986E-003  -3.0940760695558943E-003
         413  -4.8341215574667779E-003  -3.0938377941277365E-003
         414  -4.8337502018531119E-003  -3.0936001360056006E-003
         415  -4.8333798313652358E-003  -3.0933630915052218E-003
         416  -4.8330104154470097E-003  -3.0931266615256128E-003
         417  -4.8326419517096446E-003  -3.0928908420766905E-003
         418  -4.8322744185562419E-003  -3.0926556242709840E-003
         419  -4.8319078463257151E-003  -3.0924210227873355E-003
         420  -4.8315421987182158E-003  -3.0921870094583188E-003
         421  -4.8311774913922479E-003  -3.0919535986702398E-003
         422  -4.8308137160544837E-003  -3.0917207761844427E-003
         423  -4.8304508641787468E-003  -3.0914885513633737E-003
         424  -4.8300889222530723E-003  -3.0912569096714004E-003
         425  -4.8297279003116341E-003  -3.0910258554383923E-003
         426  -4.8293677891570993E-003  -3.0907953881059492E-003
         427  -4.8290085888868430E-003  -3.0905654974588167E-003
         428  -4.8286502755780867E-003  -3.0903361826560300E-003
         429  -4.8282928822314542E-003  -3.0901074427225244E-003
         430  -4.8279363702053617E-003  -3.0898792717842980E-003
         431  -4.8275807482716813E-003  -3.0896516781310423E-003
         432  -4.8272260107055246E-003  -3.0894246413188560E-003
         433  -4.8268721563446953E-003  -3.0891981789154710E-003
         434  -4.8265191647343152E-003  -3.0889722654299616E-003
         435  -4.8261670581674415E-003  -3.0887469229572300E-003
         436  -4.8258158301157043E-003  -3.0885221257328658E-003
         437  -4.8254654451758867E-003  -3.0882978765020418E-003
         438  -4.8251159202857916E-003  -3.0880741874531373E-003
         439  -4.8247672530907114E-003  -3.0878510467604015E-003
         440  -4.8244194362609179E-003  -3.0876284472443763E-003
         441  -4.8240724814138953E-003  -3.0874063863819438E-003
         442  -4.8237263521230421E-003  -3.0871848711040801E-003
         443  -4.8233810787787195E-003  -3.0869638890772982E-003
         444  -4.8230366293485986E-003  -3.0867434469995189E-003
         445  -4.8226930147119125E-003  -3.0865235274983526E-003
         446  -4.8223502312020553E-003  -3.0863041466267231E-003
         447  -4.8220082605809735E-003  -3.0860852915685849E-003
         448  -4.8216671179991694E-003  -3.0858669541758746E-003
         449  -4.8213267944555551E-003  -3.0856491501796749E-003
         450  -4.8209872807646699E-003  -3.0854318520060087E-003
         451  -4.8206485675580018E-003  -3.0852150847743656E-003
         452  -4.8203106645079447E-003  -3.0849988254773113E-003
         453  -4.8199735763273304E-003  -3.0847830798115161E-003
         454  -4.8196372594789365E-003  -3.0845678533765043E-003
         455  -4.8193017616064348E-003  -3.0843531228095925E-003
         456  -4.8189670436322996E-003  -3.0841389079246718E-003
         457  -4.8186331144060126E-003  -3.0839251899459998E-003
         458  -4.8182999681821107E-003  -3.0837119788659530E-003
         459  -4.8179675942309945E-003  -3.0834992605005560E-003
         460  -4.8176360057497741E-003  -3.0832870446438026E-003
         461  -4.8173051772278383E-003  -3.0830753168972825E-003
         462  -4.8169751263729870E-003  -3.0828640820362847E-003
         463  -4.8166458466414874E-003  -3.0826533447455280E-003
         464  -4.8163173409825283E-003  -3.0824430951397327E-003
         465  -4.8159895735723881E-003  -3.0822333135667305E-003
         466  -4.8156625518589796E-003  -3.0820240333829536E-003
         467  -4.8153362928176260E-003  -3.0818152299158601E-003
         468  -4.8150107939676475E-003  -3.0816069073659174E-003
         469  -4.8146860381742098E-003  -3.0813990553410818E-003
         470  -4.8143620178088282E-003  -3.0811916826909732E-003
         471  -4.8140387299288531E-003  -3.0809847836705613E-003
         472  -4.8137161811275496E-003  -3.0807783621174291E-003
         473  -4.8133943681834719E-003  -3.0805723927321170E-003
         474  -4.8130732925759949E-003  -3.0803668985296536E-003
         475  -4.8127529362668991E-003  -3.0801618782416991E-003
         476  -4.8124332955983085E-003  -3.0799573111218292E-003
         477  -4.8121143861681540E-003  -3.0797532054019873E-003
         478  -4.8117961798063011E-003  -3.0795495498373111E-003
         479  -4.8114786966941435E-003  -3.0793463670488173E-003
         480  -4.8111619277853125E-003  -3.0791436262102901E-003
         481  -4.8108458444674042E-003  -3.0789413497821386E-003
         482  -4.8105305005349212E-003  -3.0787395115990119E-003
         483  -4.8102158282512667E-003  -3.0785381291089930E-003
         484  -4.8099018714565433E-003  -3.0783371905382575E-003
         485  -4.8095885961261528E-003  -3.0781366986032763E-003
         486  -4.8092760118404682E-003  -3.0779366510800556E-003
         487  -4.8089641378004800E-003  -3.0777370407963339E-003
         488  -4.8086529298336875E-003  -3.0775378702261242E-003
         489  -4.8083424117524682E-003  -3.0773391466378014E-003
         490  -4.8080325780561319E-003  -3.0771408480076224E-003
         491  -4.8077234133715825E-003  -3.0769429814394705E-003
         492  -4.8074149265560726E-003  -3.0767455588447618E-003
         493  -4.8071071166093469E-003  -3.0765485579454664E-003
         494  -4.8067999824126352E-003  -3.0763519856225763E-003
         495  -4.8064935032134251E-003  -3.0761558389340300E-003
         496  -4.8061876873998714E-003  -3.0759601148600468E-003
         497  -4.8058825383748482E-003  -3.0757648200682021E-003
         498  -4.8055780350128151E-003  -3.0755699367428554E-003
         499  -4.8052741902463456E-003  -3.0753754811713948E-003
         500  -4.8049710022522269E-003  -3.0751814451556842E-003
         501  -4.8046684788717658E-003  -3.0749878204158051E-003
         502  -4.8043665789425510E-003  -3.0747946132618767E-003
         503  -4.8040653345194657E-003  -3.0746018152665519E-003
         504  -4.8037647237614816E-003  -3.0744094326032086E-003
         505  -4.8034647589585682E-003  -3.0742174420130600E-003
         506  -4.8031654376199211E-003  -3.0740258789014913E-003
         507  -4.8028667424504182E-003  -3.0738347100738067E-003
         508  -4.8025686707279568E-003  -3.0736439561260733E-003
         509  -4.8022712392300666E-003  -3.0734535934993814E-003
         510  -4.8019744303299345E-003  -3.0732636377647608E-003
         511  -4.8016782458952904E-003  -3.0730740799235550E-003
         512  -4.8013826926015185E-003  -3.0728849158070328E-003
         513  -4.8010877377670617E-003  -3.0726961509929670E-003
         514  -4.8007934074848690E-003  -3.0725077811830943E-003
         515  -4.8004996934035964E-003  -3.0723198020102269E-003
         516  -4.8002065968886778E-003  -3.0721322188644934E-003
         517  -4.7999140897229198E-003  -3.0719450125081763E-003
         518  -4.7996221976329074E-003  -3.0717582127776375E-003
         519  -4.7993309118588845E-003  -3.0715717806390928E-003
         520  -4.7990402284538818E-003  -3.0713857458169458E-003
         521  -4.7987501482922371E-003  -3.0712000937260378E-003
         522  -4.7984606524661732E-003  -3.0710148195473037E-003
         523  -4.7981717662663624E-003  -3.0708299233199801E-003
         524  -4.7978834558172322E-003  -3.0706454099498413E-003
         525  -4.7975957413064771E-003  -3.0704612695090592E-003
         526  -4.7973086132847313E-003  -3.0702775117136438E-003
         527  -4.7970220671306922E-003  -3.0700941215831843E-003
         528  -4.7967361129230592E-003  -3.0699111185834198E-003
         529  -4.7964507409311878E-003  -3.0697284678813069E-003
         530  -4.7961659265194131E-003  -3.0695461986968804E-003
         531  -4.7958817189800579E-003  -3.0693642958031816E-003
         532  -4.7955980540071858E-003  -3.0691827537745230E-003
         533  -4.7953149856765857E-003  -3.0690015918209187E-003
         534  -4.7950324741660886E-003  -3.0688207747700245E-003
         535  -4.7947505190597643E-003  -3.0686403266625322E-003
         536  -4.7944691445777595E-003  -3.0684602517387031E-003
         537  -4.7941883254300210E-003  -3.0682805294621764E-003
         538  -4.7939080658954240E-003  -3.0681011639540679E-003
         539  -4.7936283701758764E-003  -3.0679221592879585E-003
         540  -4.7933492275459818E-003  -3.0677435046393736E-003
         541  -4.7930706420414200E-003  -3.0675652089257885E-003
         542  -4.7927926077157368E-003  -3.0673872612108849E-003
         543  -4.7925151135804426E-003  -3.0672096703131565E-003
         544  -4.7922381733361266E-003  -3.0670324251857359E-003
         545  -4.7919617807899726E-003  -3.0668555345493833E-003
         546  -4.7916859197446645E-003  -3.0666789922073521E-003
         547  -4.7914106185537909E-003  -3.0665027869447854E-003
         548  -4.7911358410170773E-003  -3.0663269372584452E-003
         549  -4.7908616103809372E-003  -3.0661514268712133E-003
         550  -4.7905879051553047E-003  -3.0659762642648307E-003
         551  -4.7903147385173431E-003  -3.0658014330484547E-003
         552  -4.7900420987432614E-003  -3.0656269515426677E-003
         553  -4.7897699988706183E-003  -3.0654527982832080E-003
         554  -4.7894984270218776E-003  -3.0652789865328483E-003
         555  -4.7892273662591437E-003  -3.0651055195777001E-003
         556  -4.7889568343725828E-003  -3.0649323757892450E-003
         557  -4.7886868291980309E-003  -3.0647595682983010E-003
         558  -4.7884173484971908E-003  -3.0645870952734568E-003
         559  -4.7881483650636363E-003  -3.0644149598145465E-003
         560  -4.7878799163328118E-003  -3.0642431450584959E-003
         561  -4.7876119699688715E-003  -3.0640716589866112E-003
         562  -4.7873445333946520E-003  -3.0639005045619084E-003
         563  -4.7870776239424644E-003  -3.0637296747371549E-003
         564  -4.7868111990612625E-003  -3.0635591673992078E-003
         565  -4.7865452958857375E-003  -3.0633889903644226E-003
         566  -4.7862798966454680E-003  -3.0632191314582721E-003
         567  -4.7860149834820283E-003  -3.0630495934210519E-003
         568  -4.7857505883710273E-003  -3.0628803789536931E-003
         569  -4.7854866883297129E-003  -3.0627114757371394E-003
         570  -4.7852232752679897E-003  -3.0625429013664001E-003
         571  -4.7849603710004270E-003  -3.0623746384395817E-003
         572  -4.7846979623163794E-003  -3.0622066894850425E-003
         573  -4.7844360359255321E-003  -3.0620390569929944E-003
         574  -4.7841745984619558E-003  -3.0618717384148157E-003
         575  -4.7839136464993964E-003  -3.0617047361607462E-003
         576  -4.7836531765447369E-003  -3.0615380375921351E-003
         577  -4.7833931950488845E-003  -3.0613716550420070E-003
         578  -4.7831337134148942E-003  -3.0612055757844605E-003
         579  -4.7828746929159333E-003  -3.0610398070720600E-003
         580  -4.7826161598439774E-003  -3.0608743410978456E-003
         581  -4.7823581053833856E-003  -3.0607091850400766E-003
         582  -4.7821005256605291E-003  -3.0605443360217418E-003
         583  -4.7818434167374475E-003  -3.0603797810964070E-003
         584  -4.7815867695968810E-003  -3.0602155423720403E-003
         585  -4.7813306203030211E-003  -3.0600515867597535E-003
         586  -4.7810749145752096E-003  -3.0598879463317706E-003
         587  -4.7808197034245213E-003  -3.0597246029634559E-003
         588  -4.7805649324204518E-003  -3.0595615535356272E-003
         589  -4.7803106273725674E-003  -3.0593987999112575E-003
         590  -4.7800567989910179E-003  -3.0592363489427908E-003
         591  -4.7798034177390066E-003  -3.0590741923782585E-003
         592  -4.7795505143106319E-003  -3.0589123219203411E-003
         593  -4.7792980489849216E-003  -3.0587507543672248E-003
         594  -4.7790460473246749E-003  -3.0585894712936994E-003
         595  -4.7787945046805893E-003  -3.0584284793732952E-003
         596  -4.7785434062786415E-003  -3.0582677802196249E-003
         597  -4.7782927624426853E-003  -3.0581073653457628E-003
         598  -4.7780425733837499E-003  -3.0579472413262143E-003
         599  -4.7777928241497071E-003  -3.0577873995987661E-003
         600  -4.7775435249083143E-003  -3.0576278517094272E-003
         601  -4.7772946656282206E-003  -3.0574685890256813E-003
         602  -4.7770462513366356E-003  -3.0573096079125161E-003
         603  -4.7767982920562608E-003  -3.0571508996552988E-003
         604  -4.7765507624641049E-003  -3.0569924857578651E-003
         605  -4.7763036623823677E-003  -3.0568343524002171E-003
         606  -4.7760570117671933E-003  -3.0566764857143250E-003
         607  -4.7758108103549638E-003  -3.0565189071183807E-003
         608  -4.7755650275365805E-003  -3.0563616127762734E-003
         609  -4.7753196780735471E-003  -3.0562045887145652E-003
         610  -4.7750747514343599E-003  -3.0560478411200648E-003
         611  -4.7748302723992064E-003  -3.0558913711014146E-003
         612  -4.7745862202345016E-003  -3.0557351746823480E-003
         613  -4.7743425791911490E-003  -3.0555792529069750E-003
         614  -4.7740993688559922E-003  -3.0554236017320928E-003
         615  -4.7738566037301908E-003  -3.0552682221379763E-003
         616  -4.7736142426214054E-003  -3.0551131150752947E-003
         617  -4.7733723049828668E-003  -3.0549582662808251E-003
         618  -4.7731307748016226E-003  -3.0548036968856083E-003
         619  -4.7728896866425959E-003  -3.0546493925639306E-003
         620  -4.7726489990776158E-003  -3.0544953642726272E-003
         621  -4.7724087364577244E-003  -3.0543415874820712E-003
         622  -4.7721688774993920E-003  -3.0541880832214655E-003
         623  -4.7719294363380493E-003  -3.0540348420953576E-003
         624  -4.7716904017237535E-003  -3.0538818698821438E-003
         625  -4.7714518080005930E-003  -3.0537291520480172E-003
         626  -4.7712135880301045E-003  -3.0535766993834952E-003
         627  -4.7709757912841391E-003  -3.0534245074368620E-003
         628  -4.7707383910967098E-003  -3.0532725767997014E-003
         629  -4.7705014216625537E-003  -3.0531209029582827E-003
         630  -4.7702648257450424E-003  -3.0529694864451858E-003
         631  -4.7700286272905979E-003  -3.0528183277657352E-003
         632  -4.7697928603913841E-003  -3.0526674273981423E-003
         633  -4.7695574727194484E-003  -3.0525167807105217E-003
         634  -4.7693224932004400E-003  -3.0523663881232756E-003
         635  -4.7690878998900886E-003  -3.0522162500301294E-003
         636  -4.7688537114760222E-003  -3.0520663718854035E-003
         637  -4.7686199059159126E-003  -3.0519167438569561E-003
         638  -4.7683865069109276E-003  -3.0517673611655245E-003
         639  -4.7681534872344592E-003  -3.0516182342737938E-003
         640  -4.7679208756073828E-003  -3.0514693583517443E-003
         641  -4.7676886294268309E-003  -3.0513207285382021E-003
         642  -4.7674567926217744E-003  -3.0511723501311918E-003
         643  -4.7672253377766373E-003  -3.0510242182156169E-003
         644  -4.7669942628960557E-003  -3.0508763176501710E-003
         645  -4.7667635608437710E-003  -3.0507286944411586E-003
         646  -4.7665332652396522E-003  -3.0505812926095886E-003
         647  -4.7663033433769809E-003  -3.0504341326188979E-003
         648  -4.7660737981972921E-003  -3.0502872298256655E-003
         649  -4.7658446275020503E-003  -3.0501405638472118E-003
         650  -4.7656158443687936E-003  -3.0499941448889800E-003
         651  -4.7653874414224162E-003  -3.0498479576076881E-003
         652  -4.7651594010256690E-003  -3.0497020172694173E-003
         653  -4.7649317361427076E-003  -3.0495563135839159E-003
         654  -4.7647044648241876E-003  -3.0494108515588926E-003
         655  -4.7644775437559383E-003  -3.0492656259589399E-003
         656  -4.7642510011308599E-003  -3.0491206417464405E-003
         657  -4.7640248242156093E-003  -3.0489758885209402E-003
         658  -4.7637990258074586E-003  -3.0488313814281791E-003
         659  -4.7635735930934555E-003  -3.0486870997845053E-003
         660  -4.7633485132114227E-003  -3.0485430484553109E-003
         661  -4.7631238193295219E-003  -3.0483992425277204E-003
         662  -4.7628994780377432E-003  -3.0482556561114175E-003
         663  -4.7626754968368573E-003  -3.0481123144922846E-003
         664  -4.7624518831998284E-003  -3.0479692019686625E-003
         665  -4.7622286240716514E-003  -3.0478263233009164E-003
         666  -4.7620057371074564E-003  -3.0476836627263745E-003
         667  -4.7617831989241605E-003  -3.0475412403378663E-003
         668  -4.7615610065964648E-003  -3.0473990454526795E-003
         669  -4.7613391776826774E-003  -3.0472570776158684E-003
         670  -4.7611177143300687E-003  -3.0471153312187256E-003
         671  -4.7608966032558530E-003  -3.0469738211562998E-003
         672  -4.7606758362643570E-003  -3.0468325417807476E-003
         673  -4.7604554256595001E-003  -3.0466914771465591E-003
         674  -4.7602353631778123E-003  -3.0465506318174112E-003
         675  -4.7600156610659184E-003  -3.0464100206160226E-003
         676  -4.7597962904367425E-003  -3.0462696326631427E-003
         677  -4.7595772737457891E-003  -3.0461294519074636E-003
         678  -4.7593586077299757E-003  -3.0459895033942107E-003
         679  -4.7591402839477805E-003  -3.0458497813151473E-003
         680  -4.7589223093497598E-003  -3.0457102746915795E-003
         681  -4.7587046805705026E-003  -3.0455709930953170E-003
         682  -4.7584873736228024E-003  -3.0454319203537979E-003
         683  -4.7582704313877114E-003  -3.0452930711461100E-003
         684  -4.7580538143696194E-003  -3.0451544446980111E-003
         685  -4.7578375345077237E-003  -3.0450160247631783E-003
         686  -4.7576215934184551E-003  -3.0448778259698564E-003
         687  -4.7574060081478648E-003  -3.0447398423289786E-003
         688  -4.7571907441858515E-003  -3.0446020781344585E-003
         689  -4.7569758236683593E-003  -3.0444645273539680E-003
         690  -4.7567612274689039E-003  -3.0443271839299549E-003
         691  -4.7565469725180127E-003  -3.0441900624115282E-003
         692  -4.7563330396183205E-003  -3.0440531515467497E-003
         693  -4.7561194559680650E-003  -3.0439164503746415E-003
         694  -4.7559061816603741E-003  -3.0437799475910351E-003
         695  -4.7556932386755048E-003  -3.0436436731653559E-003
         696  -4.7554806386573070E-003  -3.0435076054356235E-003
         697  -4.7552683519086507E-003  -3.0433717433619991E-003
         698  -4.7550563900080030E-003  -3.0432360910517741E-003
         699  -4.7548447541804848E-003  -3.0431006474299313E-003
         700  -4.7546334456238211E-003  -3.0429654062330614E-003
         701  -4.7544224706787749E-003  -3.0428303766845428E-003
         702  -4.7542117942915817E-003  -3.0426955524838432E-003
         703  -4.7540014692841158E-003  -3.0425609376519961E-003
         704  -4.7537914346726480E-003  -3.0424265258480023E-003
         705  -4.7535817277169923E-003  -3.0422923210575129E-003
         706  -4.7533723598024583E-003  -3.0421583117229757E-003
         707  -4.7531632956987020E-003  -3.0420245121466588E-003
         708  -4.7529545467247603E-003  -3.0418909107324675E-003
         709  -4.7527461293633191E-003  -3.0417575165764071E-003
         710  -4.7525379927284917E-003  -3.0416243180405181E-003
         711  -4.7523301895103813E-003  -3.0414913241888610E-003
         712  -4.7521226998494580E-003  -3.0413585337094469E-003
         713  -4.7519155193959089E-003  -3.0412259297172041E-003
         714  -4.7517086645141628E-003  -3.0410935419699163E-003
         715  -4.7515020893091602E-003  -3.0409613431752213E-003
         716  -4.7512958464001210E-003  -3.0408293423187078E-003
         717  -4.7510899053926688E-003  -3.0406975483777540E-003
         718  -4.7508842721753486E-003  -3.0405659391755826E-003
         719  -4.7506789474243433E-003  -3.0404345288438375E-003
         720  -4.7504739214041551E-003  -3.0403033159307471E-003
         721  -4.7502692155125753E-003  -3.0401722989669699E-003
         722  -4.7500648043797018E-003  -3.0400414712698598E-003
         723  -4.7498606989661660E-003  -3.0399108417255788E-003
         724  -4.7496568894249795E-003  -3.0397804088161304E-003
         725  -4.7494533866728949E-003  -3.0396501658068449E-003
         726  -4.7492501756090915E-003  -3.0395201163422709E-003
         727  -4.7490472775068761E-003  -3.0393902536510415E-003
         728  -4.7488446668078775E-003  -3.0392605813459425E-003
         729  -4.7486423699477651E-003  -3.0391311134359005E-003
         730  -4.7484403456926070E-003  -3.0390018170789808E-003
         731  -4.7482386360515917E-003  -3.0388727218664713E-003
         732  -4.7480372257633274E-003  -3.0387438105318031E-003
         733  -4.7478360891109496E-003  -3.0386150970310075E-003
         734  -4.7476352628518523E-003  -3.0384865692672058E-003
         735  -4.7474347212179717E-003  -3.0383582255400785E-003
         736  -4.7472344853067205E-003  -3.0382300693453093E-003
         737  -4.7470345240749759E-003  -3.0381020989532640E-003
         738  -4.7468348585766899E-003  -3.0379743126179755E-003
         739  -4.7466354837819120E-003  -3.0378467137932245E-003
         740  -4.7464363998505048E-003  -3.0377192954869491E-003
         741  -4.7462375964830777E-003  -3.0375920611229673E-003
         742  -4.7460390946655467E-003  -3.0374650193332638E-003
         743  -4.7458408683939812E-003  -3.0373381578604262E-003
         744  -4.7456429281718358E-003  -3.0372114748654739E-003
         745  -4.7454452688206897E-003  -3.0370849737166128E-003
         746  -4.7452479008080100E-003  -3.0369586629951386E-003
         747  -4.7450508189125495E-003  -3.0368325199237357E-003
         748  -4.7448540126600056E-003  -3.0367065635030525E-003
         749  -4.7446574976835049E-003  -3.0365807918259886E-003
         750  -4.7444612425487321E-003  -3.0364552029699039E-003
         751  -4.7442652889922478E-003  -3.0363297845366370E-003
         752  -4.7440696055297462E-003  -3.0362045450280698E-003
         753  -4.7438742077187896E-003  -3.0360794824753424E-003
         754  -4.7436790797085789E-003  -3.0359546105948108E-003
         755  -4.7434842317865310E-003  -3.0358299064589039E-003
         756  -4.7432896480491806E-003  -3.0357053785212591E-003
         757  -4.7430953439800095E-003  -3.0355810352296615E-003
         758  -4.7429013350554459E-003  -3.0354568535973870E-003
         759  -4.7427075791129838E-003  -3.0353328525184460E-003
         760  -4.7425141072984121E-003  -3.0352090351691012E-003
         761  -4.7423208983488428E-003  -3.0350853837490897E-003
         762  -4.7421279833896046E-003  -3.0349619118858490E-003
         763  -4.7419353201390776E-003  -3.0348386017426941E-003
         764  -4.7417429291986678E-003  -3.0347154721695451E-003
         765  -4.7415508049370994E-003  -3.0345925262815765E-003
         766  -4.7413589626875046E-003  -3.0344697357002201E-003
         767  -4.7411673705407432E-003  -3.0343471192454479E-003
         768  -4.7409760542855683E-003  -3.0342246799923344E-003
         769  -4.7407850082093611E-003  -3.0341024052539913E-003
         770  -4.7405942213232547E-003  -3.0339803033274742E-003
         771  -4.7404037088744537E-003  -3.0338583719986961E-003
         772  -4.7402134598335394E-003  -3.0337366090393476E-003
         773  -4.7400234683976795E-003  -3.0336150227174559E-003
         774  -4.7398337392527837E-003  -3.0334935950140796E-003
         775  -4.7396442770698786E-003  -3.0333723394277284E-003
         776  -4.7394550759878923E-003  -3.0332512484219053E-003
         777  -4.7392661248622020E-003  -3.0331303249611923E-003
         778  -4.7390774546072125E-003  -3.0330095667398947E-003
         779  -4.7388890330009497E-003  -3.0328889819625326E-003
         780  -4.7387008593543179E-003  -3.0327685630393837E-003
         781  -4.7385129540164165E-003  -3.0326482918339331E-003
         782  -4.7383253215392751E-003  -3.0325282028365120E-003
         783  -4.7381379295949730E-003  -3.0324082726235131E-003
         784  -4.7379507879511248E-003  -3.0322885093456565E-003
         785  -4.7377639116344666E-003  -3.0321689106115744E-003
         786  -4.7375772945871036E-003  -3.0320494687465414E-003
         787  -4.7373909201862087E-003  -3.0319301865999351E-003
         788  -4.7372048086819591E-003  -3.0318110775564540E-003
         789  -4.7370189486847158E-003  -3.0316921180882687E-003
         790  -4.7368333287776832E-003  -3.0315733321055059E-003
         791  -4.7366479744451800E-003  -3.0314547013237164E-003
         792  -4.7364628636866113E-003  -3.0313362285381805E-003
         793  -4.7362780008539593E-003  -3.0312179218131750E-003
         794  -4.7360933902857155E-003  -3.0310997680936479E-003
         795  -4.7359090257471665E-003  -3.0309817859819864E-003
         796  -4.7357249168243649E-003  -3.0308639465563541E-003
         797  -4.7355410625302919E-003  -3.0307462789629664E-003
         798  -4.7353574301610439E-003  -3.0306287595296315E-003
         799  -4.7351740768018938E-003  -3.0305114015438095E-003
         800  -4.7349909432901202E-003  -3.0303941971517698E-003
         801  -4.7348080708407838E-003  -3.0302771596286714E-003
         802  -4.7346254266602723E-003  -3.0301602705245221E-003
         803  -4.7344430360870817E-003  -3.0300435378070251E-003
         804  -4.7342608821460148E-003  -3.0299269641502649E-003
         805  -4.7340789689951559E-003  -3.0298105469292519E-003
         806  -4.7338973166558785E-003  -3.0296942782144860E-003
         807  -4.7337158710467940E-003  -3.0295781659388900E-003
         808  -4.7335347050861927E-003  -3.0294622074433526E-003
         809  -4.7333537646500985E-003  -3.0293464106469284E-003
         810  -4.7331730485176901E-003  -3.0292307569832486E-003
         811  -4.7329925872361261E-003  -3.0291152543478342E-003
         812  -4.7328123689736965E-003  -3.0289999159312246E-003
         813  -4.7326323765737276E-003  -3.0288847178274090E-003
         814  -4.7324526246542353E-003  -3.0287696785065393E-003
         815  -4.7322731066225913E-003  -3.0286547846332355E-003
         816  -4.7320938317740495E-003  -3.0285400440628963E-003
         817  -4.7319147775723835E-003  -3.0284254593435939E-003
         818  -4.7317359638881238E-003  -3.0283110171006010E-003
         819  -4.7315573999806241E-003  -3.0281967357753546E-003
         820  -4.7313790473368462E-003  -3.0280825913570225E-003
         821  -4.7312009417134065E-003  -3.0279685969636341E-003
         822  -4.7310230551687385E-003  -3.0278547604049790E-003
         823  -4.7308454128281224E-003  -3.0277410629354932E-003
         824  -4.7306679920188265E-003  -3.0276275176540348E-003
         825  -4.7304908178483363E-003  -3.0275141164103230E-003
         826  -4.7303138516659052E-003  -3.0274008722927541E-003
         827  -4.7301371291812401E-003  -3.0272877665025993E-003
         828  -4.7299606276445718E-003  -3.0271748014798943E-003
         829  -4.7297843561746001E-003  -3.0270619956080363E-003
         830  -4.7296083185650881E-003  -3.0269493300504641E-003
         831  -4.7294325079605543E-003  -3.0268368072223569E-003
         832  -4.7292569228058762E-003  -3.0267244188916030E-003
         833  -4.7290815508882764E-003  -3.0266121940584149E-003
         834  -4.7289064278709502E-003  -3.0265001085152073E-003
         835  -4.7287314989361215E-003  -3.0263881593191179E-003
         836  -4.7285568050461609E-003  -3.0262763594890042E-003
         837  -4.7283823605553466E-003  -3.0261647060690813E-003
         838  -4.7282081105717516E-003  -3.0260531907659212E-003
         839  -4.7280340907136292E-003  -3.0259418159257201E-003
         840  -4.7278603046425173E-003  -3.0258305945449261E-003
         841  -4.7276867133722875E-003  -3.0257195023142541E-003
         842  -4.7275133578325024E-003  -3.0256085522112073E-003
         843  -4.7273402149909244E-003  -3.0254977465514988E-003
         844  -4.7271673044459520E-003  -3.0253870823113067E-003
         845  -4.7269946137951076E-003  -3.0252765511220412E-003
         846  -4.7268221412826127E-003  -3.0251661712744544E-003
         847  -4.7266498851380864E-003  -3.0250559183777484E-003
         848  -4.7264778435766085E-003  -3.0249458107094100E-003
         849  -4.7263060147987651E-003  -3.0248358505388174E-003
         850  -4.7261344023297944E-003  -3.0247260187724486E-003
         851  -4.7259630150248682E-003  -3.0246163336744149E-003
         852  -4.7257918457096646E-003  -3.0245067761266566E-003
         853  -4.7256208818491682E-003  -3.0243973590412475E-003
         854  -4.7254501429453673E-003  -3.0242880846456585E-003
         855  -4.7252795897154021E-003  -3.0241789444723408E-003
         856  -4.7251092790493547E-003  -3.0240699460750728E-003
         857  -4.7249391716340742E-003  -3.0239610702735183E-003
         858  -4.7247692922823660E-003  -3.0238523406438027E-003
         859  -4.7245996016322626E-003  -3.0237437486816043E-003
         860  -4.7244301298223360E-003  -3.0236352805185340E-003
         861  -4.7242608748989503E-003  -3.0235269597213067E-003
         862  -4.7240918241914899E-003  -3.0234187670544277E-003
         863  -4.7239229864177159E-003  -3.0233107100227125E-003
         864  -4.7237543435217277E-003  -3.0232027854216921E-003
         865  -4.7235859363229625E-003  -3.0230949953913315E-003
         866  -4.7234177253246802E-003  -3.0229873420655135E-003
         867  -4.7232497138415585E-003  -3.0228798115018631E-003
         868  -4.7230819212521627E-003  -3.0227724218862043E-003
         869  -4.7229143187089064E-003  -3.0226651699755470E-003
         870  -4.7227469470078609E-003  -3.0225580471569947E-003
         871  -4.7225797665518777E-003  -3.0224510501643338E-003
         872  -4.7224127805966997E-003  -3.0223441918069529E-003
         873  -4.7222460299291497E-003  -3.0222374634449717E-003
         874  -4.7220794534411090E-003  -3.0221308564244553E-003
         875  -4.7219131026299951E-003  -3.0220243781722798E-003
         876  -4.7217469377995947E-003  -3.0219180414795717E-003
         877  -4.7215809889827615E-003  -3.0218118323049295E-003
         878  -4.7214152379117498E-003  -3.0217057473249584E-003
         879  -4.7212496931386570E-003  -3.0215997993135240E-003
         880  -4.7210843417305956E-003  -3.0214939795667872E-003
         881  -4.7209192083309892E-003  -3.0213882847381457E-003
         882  -4.7207542477537834E-003  -3.0212827222154295E-003
         883  -4.7205895007369492E-003  -3.0211772832656517E-003
         884  -4.7204249542971378E-003  -3.0210719806385094E-003
         885  -4.7202606169305748E-003  -3.0209667894604561E-003
         886  -4.7200964594960003E-003  -3.0208617332172605E-003
         887  -4.7199325173448688E-003  -3.0207568085196916E-003
         888  -4.7197687666847210E-003  -3.0206520065908320E-003
         889  -4.7196052105901130E-003  -3.0205473293985199E-003
         890  -4.7194418575072627E-003  -3.0204427842853133E-003
         891  -4.7192786835909377E-003  -3.0203383570677070E-003
         892  -4.7191157241712606E-003  -3.0202340550734151E-003
         893  -4.7189529499959458E-003  -3.0201298856288067E-003
         894  -4.7187903748537041E-003  -3.0200258399063705E-003
         895  -4.7186279909922123E-003  -3.0199219198356101E-003
         896  -4.7184657960290342E-003  -3.0198181165683514E-003
         897  -4.7183038145054363E-003  -3.0197144374047020E-003
         898  -4.7181420117003931E-003  -3.0196108950317191E-003
         899  -4.7179804121377936E-003  -3.0195074644148905E-003
         900  -4.7178189972278753E-003  -3.0194041528356511E-003
         901  -4.7176577753127369E-003  -3.0193009729654395E-003
         902  -4.7174967439460418E-003  -3.0191979105175953E-003
         903  -4.7173359006694457E-003  -3.0190949835474422E-003
         904  -4.7171752591951589E-003  -3.0189921615695618E-003
         905  -4.7170147900740447E-003  -3.0188894680212631E-003
         906  -4.7168545231829808E-003  -3.0187868939737217E-003
         907  -4.7166944506307432E-003  -3.0186844466765866E-003
         908  -4.7165345537140326E-003  -3.0185821117858710E-003
         909  -4.7163748514998279E-003  -3.0184799019363742E-003
         910  -4.7162153360585952E-003  -3.0183778135654659E-003
         911  -4.7160560156484796E-003  -3.0182758485027151E-003
         912  -4.7158968661112615E-003  -3.0181739923664510E-003
         913  -4.7157379118890966E-003  -3.0180722685798629E-003
         914  -4.7155791504119157E-003  -3.0179706519403672E-003
         915  -4.7154205628829205E-003  -3.0178691604612717E-003
         916  -4.7152621683242838E-003  -3.0177677905386838E-003
         917  -4.7151039641343435E-003  -3.0176665331529207E-003
         918  -4.7149459314759666E-003  -3.0175653954956573E-003
         919  -4.7147880785337881E-003  -3.0174643739397373E-003
         920  -4.7146304243088745E-003  -3.0173634756692569E-003
         921  -4.7144729499299931E-003  -3.0172626916346416E-003
         922  -4.7143156581505733E-003  -3.0171620290095442E-003
         923  -4.7141585517167057E-003  -3.0170614787281146E-003
         924  -4.7140016333671641E-003  -3.0169610425397654E-003
         925  -4.7138448787591427E-003  -3.0168607221892569E-003
         926  -4.7136883176814234E-003  -3.0167605248325449E-003
         927  -4.7135319420174120E-003  -3.0166604413744370E-003
         928  -4.7133757327999602E-003  -3.0165604681251295E-003
         929  -4.7132197089704893E-003  -3.0164606122238613E-003
         930  -4.7130638623763309E-003  -3.0163608808092043E-003
         931  -4.7129082011120480E-003  -3.0162612430741850E-003
         932  -4.7127527170040201E-003  -3.0161617386657061E-003
         933  -4.7125974072864708E-003  -3.0160623421816796E-003
         934  -4.7124422746063566E-003  -3.0159630607377850E-003
         935  -4.7122873161790950E-003  -3.0158638851753984E-003
         936  -4.7121325617625305E-003  -3.0157648334514157E-003
         937  -4.7119779597293411E-003  -3.0156658963973802E-003
         938  -4.7118235452462192E-003  -3.0155670648327033E-003
         939  -4.7116692883549605E-003  -3.0154683458499987E-003
         940  -4.7115152350789662E-003  -3.0153697465413725E-003
         941  -4.7113613228584768E-003  -3.0152712577073571E-003
         942  -4.7112076140011575E-003  -3.0151728755677745E-003
         943  -4.7110540785014659E-003  -3.0150746017665801E-003
         944  -4.7109006971905697E-003  -3.0149764542431604E-003
         945  -4.7107475160880138E-003  -3.0148784020363460E-003
         946  -4.7105944725342203E-003  -3.0147804685092773E-003
         947  -4.7104416451559982E-003  -3.0146826444195003E-003
         948  -4.7102889658262393E-003  -3.0145849313868256E-003
         949  -4.7101364533699685E-003  -3.0144873310268636E-003
         950  -4.7099841266171451E-003  -3.0143898340730777E-003
         951  -4.7098319608832005E-003  -3.0142924584468066E-003
         952  -4.7096799695442206E-003  -3.0141951785495817E-003
         953  -4.7095281550937869E-003  -3.0140980177363083E-003
         954  -4.7093765036906755E-003  -3.0140009667162650E-003
         955  -4.7092250178070770E-003  -3.0139040216307631E-003
         956  -4.7090737271322722E-003  -3.0138071786132373E-003
         957  -4.7089225796835762E-003  -3.0137104501261865E-003
         958  -4.7087716051328644E-003  -3.0136138322958937E-003
         959  -4.7086208113745389E-003  -3.0135173103457476E-003
         960  -4.7084701790581183E-003  -3.0134209130716211E-003
         961  -4.7083196997105914E-003  -3.0133246147900443E-003
         962  -4.7081694193488975E-003  -3.0132284279472646E-003
         963  -4.7080192804390165E-003  -3.0131323431878648E-003
         964  -4.7078693235398910E-003  -3.0130363620494527E-003
         965  -4.7077195128859273E-003  -3.0129404915189141E-003
         966  -4.7075698944911773E-003  -3.0128447331288508E-003
         967  -4.7074204162022388E-003  -3.0127490720427189E-003
         968  -4.7072711240304394E-003  -3.0126535152329038E-003
         969  -4.7071219876136782E-003  -3.0125580751286522E-003
         970  -4.7069730147666147E-003  -3.0124627314154777E-003
         971  -4.7068242133016767E-003  -3.0123674910542361E-003
         972  -4.7066755691899881E-003  -3.0122723664655019E-003
         973  -4.7065270902283398E-003  -3.0121773318485716E-003
         974  -4.7063787787497112E-003  -3.0120824159966916E-003
         975  -4.7062306261560433E-003  -3.0119875985548362E-003
         976  -4.7060826292994514E-003  -3.0118928810033254E-003
         977  -4.7059348178091574E-003  -3.0117982757476383E-003
         978  -4.7057871393465667E-003  -3.0117037733354887E-003
         979  -4.7056396344572595E-003  -3.0116093643034274E-003
         980  -4.7054922781002715E-003  -3.0115150665130644E-003
         981  -4.7053451053601352E-003  -3.0114208704926601E-003
         982  -4.7051980802397210E-003  -3.0113267722284764E-003
         983  -4.7050512214104378E-003  -3.0112327895795133E-003
         984  -4.7049045201944086E-003  -3.0111388911737177E-003
         985  -4.7047579733725722E-003  -3.0110451058038218E-003
         986  -4.7046115941349453E-003  -3.0109514184950680E-003
         987  -4.7044653792521658E-003  -3.0108578361529139E-003
         988  -4.7043192981123371E-003  -3.0107643547336439E-003
         989  -4.7041734022094531E-003  -3.0106709701862929E-003
         990  -4.7040276390117753E-003  -3.0105776948821522E-003
         991  -4.7038820490612658E-003  -3.0104845138092741E-003
         992  -4.7037366290934978E-003  -3.0103914338544969E-003
         993  -4.7035913265215546E-003  -3.0102984564255864E-003
         994  -4.7034462257207425E-003  -3.0102055774466471E-003
         995  -4.7033012412021000E-003  -3.0101127983157331E-003
         996  -4.7031564354268751E-003  -3.0100201259094586E-003
         997  -4.7030117831644213E-003  -3.0099275396900092E-003
         998  -4.7028672810957815E-003  -3.0098350629722543E-003
         999  -4.7027229368625254E-003  -3.0097426806889689E-003
        1000  -4.7025787471332249E-003  -3.0096503997012534E-003

   k   test 
        1000   4.3686833402570291E-007
