  -2.2000000000000002      -0.29999999999999999       0.10070493454179255     
  -2.3899148788697167      -0.65003577230467546        8.9813048121363689E-002
  -2.4937901922404362      -0.56002037154057505        8.6710622933091189E-002
  -2.6611447051776449      -0.81588249646611510        7.8447644190542593E-002
  -2.8292194109913327      -0.97177049728534182        7.1690650042184931E-002
  -3.0534525861294721       -1.0475091194183972        6.4847276666784748E-002
  -3.1368482537117020      -0.84764492462211782        6.4274296431909850E-002
  -3.2108713020070945      -0.76428088025383356        6.2917537364688886E-002
  -3.3366660642115868      -0.85556826797486107        5.9293210164098623E-002
  -3.4502590124842638      -0.94946418605708038        5.6161571694292499E-002
  -3.5126097143753179      -0.87090567449617162        5.5258071580140795E-002
  -3.6093395299706112      -0.97072290978622666        5.2715827690193798E-002
  -3.7050173761279823       -1.0505542308923608        5.0426563470490939E-002
  -3.7347225785879217       -1.0354989809763291        4.9949024825861020E-002
  -3.8077970454278414       -1.2297692234117301        4.7592643487821287E-002
  -3.8482584084427898       -1.1906857109567102        4.7110200827181176E-002
  -3.9454650265295386       -1.2386364386138653        4.5246996448088633E-002
  -4.0565804745269904       -1.2741774005562887        4.3328733045599088E-002
  -4.0864993666120233       -1.2523183172249279        4.2977889407544365E-002
  -4.1206422807412615       -1.2214351330624931        4.2604685887507023E-002
  -4.1819306318609497       -1.3094384797516487        4.1316896854738633E-002
  -4.2162539985407355       -1.2719984011028560        4.0992380081525351E-002
  -4.2360150044763092       -1.2617809782663629        4.0756581781330195E-002
  -4.2765018693600911       -1.1722835446460325        4.0547033083219802E-002
  -4.3278362526313687       -1.3056309472690375        3.9316152457697512E-002
  -4.3494353151564784       -1.2927989389577015        3.9079419163870734E-002
  -4.4024712147123743       -1.3627312732432020        3.8111514514843875E-002
  -4.4544466333431556       -1.4256247285286034        3.7209993668718397E-002
  -4.5007745433688138       -1.5137724053562844        3.6299645519731562E-002
  -4.5538674411938587       -1.5582597984634547        3.5503947306235309E-002
  -4.6076173444693982       -1.5969626426947547        3.4745835787541514E-002
  -4.6307676894012593       -1.5733728595182084        3.4578730637647312E-002
  -4.6608419931509921       -1.4967486020841207        3.4525970297716070E-002
  -4.7189782205413850       -1.5242024687110447        3.3792975688294362E-002
  -4.7636274324043422       -1.5668055058936201        3.3170768034200278E-002
  -4.7815935096753002       -1.5534620970690964        3.3028501208569941E-002
  -4.8255023881640051       -1.5913463775585737        3.2448720014952102E-002
  -4.8691074123641558       -1.6262615942534846        3.1894941872449789E-002
  -4.9061841272996709       -1.6781347527590853        3.1360960036162434E-002
  -4.9408431038734832       -1.7387214558736526        3.0830813775161253E-002
  -4.9509930536510147       -1.7331242070614348        3.0754041362960772E-002
  -4.9950730954000404       -1.7594909505837026        3.0260332393047998E-002
  -5.0444899011047379       -1.7804675008649939        2.9746904810800716E-002
  -5.0764948285412688       -1.8315303172078135        2.9303769071912268E-002
  -5.1179286210885184       -1.8553340382246106        2.8872146192356295E-002
  -5.1334301886539189       -1.8403159969803322        2.8786199551907386E-002
  -5.1504556838880253       -1.8204244758771129        2.8701702298229638E-002
  -5.1836474947158404       -1.8528134705463901        2.8326109004540381E-002
  -5.2161329236843397       -1.8844170204471815        2.7964932948217506E-002
  -5.2295725990437960       -1.8728594194654484        2.7889310248610064E-002
  -5.2474877468243308       -1.8437838020946824        2.7827506798626240E-002
  -5.2753554308486779       -1.8883082770381998        2.7476238975784325E-002
  -5.3028079210377079       -1.9305618954356427        2.7139368551069323E-002
  -5.3138870659403521       -1.9223328226134961        2.7076233155499344E-002
  -5.3490489345395158       -1.9425043395034971        2.6748232646635031E-002
  -5.3756152797828856       -1.9795427528474678        2.6443952772361078E-002
  -5.3995655936155398       -2.0337330896693100        2.6115539039213057E-002
  -5.4301449023465915       -2.0557556931377978        2.5831379640633895E-002
  -5.4536560944284922       -2.1011588819274039        2.5538065692140084E-002
  -5.4530936391264353       -2.1013694152821767        2.5541490024409828E-002
  -5.4661521938242226       -2.0854818042639609        2.5491960316746370E-002
  -5.4890962610470373       -2.1275420469238111        2.5216475292648352E-002
  -5.4912627397239806       -2.1265914408163948        2.5203926460538865E-002
  -5.5020649274009532       -2.1165167594358016        2.5155738131875213E-002
  -5.5274619176271633       -2.1419634989345302        2.4912282060193719E-002
  -5.5486308435036786       -2.1884987566651755        2.4644605658854995E-002
  -5.5713473089460877       -2.2192985647106740        2.4410965265674781E-002
  -5.5973032826899560       -2.2398065989494946        2.4185822008324719E-002
  -5.6004088207509595       -2.2382849411951193        2.4169477281034937E-002
  -5.6224489404585292       -2.2668843831945567        2.3951696004473642E-002
  -5.6453763843530451       -2.2908125420346495        2.3742763328863419E-002
  -5.6591211684170801       -2.2545666684685384        2.3748048445742801E-002
  -5.6774638101534887       -2.3103782994809863        2.3489924812922853E-002
  -5.6859533300022722       -2.3029388098873200        2.3455682313667976E-002
  -5.7186417359668420       -2.3152616098907286        2.3221629755999233E-002
  -5.7433147853742295       -2.3320430654209252        2.3028692359605439E-002
  -5.7621245567948618       -2.3643191500679555        2.2835177008070279E-002
  -5.7751099443639147       -2.3236067007624626        2.2856597971875982E-002
  -5.8019991514833880       -2.3371309897946499        2.2662696703279701E-002
  -5.8121165995128470       -2.3240431184505743        2.2633715347831065E-002
  -5.8363096582134544       -2.3388149216719771        2.2455476909555513E-002
  -5.8593458747912051       -2.3541778423651087        2.2284575755753187E-002
  -5.8772651765150474       -2.3813753876956256        2.2117437327925409E-002
  -5.8942757326136084       -2.4126931324276999        2.1947356184924032E-002
  -5.9018189565050534       -2.4058300050978536        2.1920457887836427E-002
  -5.9231446695486714       -2.4212603818617313        2.1764611773611754E-002
  -5.9445343922395413       -2.4360480104801159        2.1611426145186990E-002
  -5.9655059533783223       -2.4507892194519378        2.1462161668637326E-002
  -5.9835368506945583       -2.4702497050413141        2.1319758344418387E-002
  -6.0028315053085004       -2.4862253951785180        2.1179574010245041E-002
  -6.0174552366516831       -2.5261477507395296        2.1012292408386188E-002
  -6.0366335338311350       -2.5411458712991695        2.0877538580591444E-002
  -6.0374116788648724       -2.5407962070743717        2.0874218470882801E-002
  -6.0525759611917236       -2.5677551826134817        2.0735254523737583E-002
  -6.0596914337121426       -2.5604126255176411        2.0714409712862234E-002
  -6.0683931799929578       -2.5471148645103994        2.0698281393879574E-002
  -6.0838158437822356       -2.5696451240865885        2.0569405878869521E-002
  -6.1003789697169388       -2.5870653754150128        2.0446748854667299E-002
  -6.1089023255186836       -2.5736444922562725        2.0432209225452243E-002
  -6.1179862971937231       -2.5561180260035234        2.0423378392317167E-002
  -6.1249421767644288       -2.5488459408193704        2.0403361272296427E-002
  -6.1385842043248653       -2.5799124214386486        2.0268285565833821E-002
  -6.1526565554112214       -2.6047509700365739        2.0145080719541259E-002
  -6.1564520178564974       -2.6023219942209859        2.0131263402805417E-002
  -6.1719015162603306       -2.6193381061586325        2.0018697286784518E-002
  -6.1801187408234828       -2.6056570253963205        2.0006675753670895E-002
  -6.1872160077325749       -2.5972100424287552        1.9989149117943809E-002
  -6.1885605109521240       -2.5965666238066443        1.9983837300374008E-002
  -6.1956670977334811       -2.5880041505335027        1.9966433921140812E-002
  -6.2083294772120219       -2.6198560913137254        1.9838514162693017E-002
  -6.2237484625657586       -2.6346327668171434        1.9733076693597050E-002
  -6.2292882620105878       -2.6297108205957347        1.9716317191609972E-002
  -6.2457862990534680       -2.6420207284588435        1.9611642403429278E-002
  -6.2578060939165505       -2.6750677269438676        1.9487052279637207E-002
  -6.2732329503920061       -2.6882012086318068        1.9387405527899974E-002
  -6.2806054558522799       -2.6766742342760099        1.9375868459071788E-002
  -6.2878926095620802       -2.6655849215504617        1.9363732368246022E-002
  -6.2946568723087477       -2.6568801891311824        1.9349202169928463E-002
  -6.3003157903207265       -2.6514131237969152        1.9333395874118378E-002
  -6.3054649589862786       -2.6469502065367423        1.9317984826036631E-002
  -6.3211753454865578       -2.6583998863712091        1.9221769116355359E-002
  -6.3275455644838150       -2.6508331517729018        1.9206853274762545E-002
  -6.3405859707596841       -2.6675228536711830        1.9113621613268982E-002
  -6.3461805171901862       -2.6619758404070488        1.9098503816431155E-002
  -6.3610614523872391       -2.6735936594770733        1.9007357533625771E-002
  -6.3675258107838477       -2.6652388922524026        1.8993755180526890E-002
  -6.3740378682086920       -2.6566614336321068        1.8980299101547141E-002
  -6.3945994096802989       -2.6640381368659010        1.8872197191980151E-002
  -6.4094739438814274       -2.6746912583199318        1.8784517878977232E-002
  -6.4169929965264636       -2.6583767080627601        1.8781188802961448E-002
  -6.4209330934860862       -2.6555418993320230        1.8768668524727979E-002
  -6.4328359341672137       -2.6727301848012202        1.8682905670083839E-002
  -6.4377565844988451       -2.6683111785583860        1.8669048304134597E-002
  -6.4496992098816097       -2.6843242852536791        1.8585903858476260E-002
  -6.4535316351789325       -2.6815533334996808        1.8573965642290042E-002
  -6.4668138012762491       -2.6931415951539663        1.8493623227633628E-002
  -6.4778424460679105       -2.7124681729426192        1.8409450588042234E-002
  -6.4755748330131144       -2.7132234727557130        1.8418020578635581E-002
  -6.4823271483118594       -2.7010530055022550        1.8410695734716487E-002
  -6.4869943993771262       -2.6968977736390465        1.8397790195834016E-002
  -6.5008308732028013       -2.7067672804257459        1.8319248802506325E-002
  -6.5149077742146693       -2.7161376821323855        1.8241042796668147E-002
  -6.5263472112562582       -2.7304458894947934        1.8165785166403575E-002
  -6.5306302013604558       -2.7268337069881432        1.8153843804142245E-002
  -6.5342331251104895       -2.7242154362623858        1.8143040804572536E-002
  -6.5461869484790833       -2.7361817882968911        1.8070355516556953E-002
  -6.5564120362051241       -2.7553752243947458        1.7992526525535291E-002
  -6.5548533264425233       -2.7559265065481604        1.7998160682791656E-002
  -6.5588266836603450       -2.7527074445062909        1.7987033087697800E-002
  -6.5655953933510895       -2.7367202059051441        1.7986685421177588E-002
  -6.5755505422971936       -2.7563278863644447        1.7909846305318524E-002
  -6.5795937861109870       -2.7529586124604446        1.7898746091395277E-002
  -6.5840376526217010       -2.7488442326750975        1.7887264874913156E-002
  -6.5962010032161151       -2.7588949325069048        1.7818524729219604E-002
  -6.6061229615749388       -2.7762940403468055        1.7746648048983321E-002
  -6.6180268649321699       -2.7863025803493975        1.7679788796417229E-002
  -6.6307465673249810       -2.7949918530788858        1.7612213732419401E-002
  -6.6358312235807544       -2.7888399558930357        1.7601950926966443E-002
  -6.6424003737637705       -2.7710884548499850        1.7605505496502690E-002
  -6.6484718204649704       -2.7594952611951160        1.7600368676053978E-002
  -6.6531864539946923       -2.7544994274063872        1.7589482109996054E-002
  -6.6639093514579848       -2.7659421053484023        1.7525988191545869E-002
  -6.6728297438602207       -2.7884817050432185        1.7451310448169728E-002
  -6.6828571973919360       -2.8015062014923280        1.7388577420390825E-002
  -6.6879027138211091       -2.7950845231529660        1.7379051300265617E-002
  -6.6897585760298499       -2.7940539203835328        1.7373294400569353E-002
  -6.6943196735163353       -2.7891708223352909        1.7363103717957143E-002
  -6.7000287519547559       -2.7790162573238142        1.7357098295986462E-002
  -6.7015315329298275       -2.7782350985256916        1.7352340000453850E-002
  -6.7100955990037301       -2.8011621057915401        1.7279545628694638E-002
  -6.7196932365694142       -2.8142188694798436        1.7219378573799727E-002
  -6.7251251079489425       -2.8052748300684240        1.7212629888629174E-002
  -6.7276299006643114       -2.8036803601463705        1.7205299310548372E-002
  -6.7312938391779227       -2.8005909033515546        1.7195832247765001E-002
  -6.7428815661806505       -2.8085661889019651        1.7136640208826281E-002
  -6.7430237086349836       -2.8085057852294324        1.7136176928141542E-002
  -6.7451229004016868       -2.8072679592054519        1.7129906052042614E-002
  -6.7555608713324666       -2.8166210118303603        1.7073308306179553E-002
  -6.7603440405611526       -2.8104623596242666        1.7064569707798714E-002
  -6.7687886800769856       -2.8282700365135289        1.7002288557097581E-002
  -6.7809087437960649       -2.8351797589237435        1.6943705383157200E-002
  -6.7913993069134611       -2.8437576980103629        1.6889021217330300E-002
  -6.7963908403374429       -2.8361729627297629        1.6881966456495336E-002
  -6.8006260141851342       -2.8315677454808656        1.6872998100866711E-002
  -6.8057343953066045       -2.8232130151859822        1.6866662445155323E-002
  -6.8095512677087671       -2.8196282601349707        1.6857637857203917E-002
  -6.8193111869052689       -2.8289873161960135        1.6804978840926379E-002
  -6.8282376400281466       -2.8405946791718226        1.6752156438917143E-002
  -6.8321681427939449       -2.8366536800445235        1.6743372063592193E-002
  -6.8361227733186816       -2.8326452918185314        1.6734594079487318E-002
  -6.8407633755863015       -2.8263456958438096        1.6726806910357564E-002
  -6.8437859470228055       -2.8240597317885432        1.6718851927684335E-002
  -6.8533567967997415       -2.8330201216732713        1.6668193919368655E-002
  -6.8556573856900522       -2.8315598119619660        1.6661732250594630E-002
  -6.8596310601544017       -2.8274145591794864        1.6653118973886747E-002
  -6.8649274353472380       -2.8160804646023516        1.6650699235618214E-002
  -6.8673194704007976       -2.8145344272025903        1.6644008415034814E-002
  -6.8760604462605350       -2.8251133131442949        1.6594350563215635E-002
  -6.8841917186163757       -2.8382650301402812        1.6543187214423608E-002
  -6.8877669936912742       -2.8349494533975101        1.6534863805232444E-002
  -6.8953432543159110       -2.8522504004231113        1.6479598248541231E-002
  -6.8951491581274835       -2.8523283136290223        1.6480204490806515E-002
  -6.8976211752650993       -2.8506546544568891        1.6473539175054178E-002
  -6.9083492396588060       -2.8570546300363797        1.6423583836614571E-002
  -6.9179422262459083       -2.8646266002737990        1.6376258235386632E-002
  -6.9282000512071074       -2.8712593809830498        1.6328107072340878E-002
  -6.9304613271965279       -2.8697858269829184        1.6322009775149381E-002
  -6.9423766604131254       -2.8751299683567511        1.6269960019697577E-002
  -6.9451909289681524       -2.8729820129674333        1.6262885593964879E-002
  -6.9493075500537387       -2.8678084841889833        1.6255616070423626E-002
  -6.9573620392665791       -2.8783322474380193        1.6210165949981394E-002
  -6.9601457444686101       -2.8762082374088132        1.6203200419385642E-002
  -6.9681005135101843       -2.8867553763863660        1.6158278385032032E-002
  -6.9778579508670724       -2.8932800197844593        1.6113030756674595E-002
  -6.9818115680704240       -2.8884524830382214        1.6105951256047499E-002
  -6.9897622130149797       -2.8983781973342073        1.6062354840379808E-002
  -6.9973165295814805       -2.9098444997155450        1.6018034095215905E-002
  -7.0056611784366600       -2.9181923366805380        1.5975682439646987E-002
  -7.0080362263223348       -2.9165283365560088        1.5969668033408851E-002
  -7.0160257529452545       -2.9255782125770731        1.5927719944735300E-002
  -7.0245820084484967       -2.9331120155060018        1.5886153851124275E-002
  -7.0316386216789182       -2.9463386369206837        1.5841621031611807E-002
  -7.0324908732781974       -2.9459191698461180        1.5839233644243909E-002
  -7.0404438767314206       -2.9544493935598344        1.5798631602028178E-002
  -7.0444440511113786       -2.9487841959650298        1.5792918147018803E-002
  -7.0511585712899594       -2.9640727743358730        1.5746899552126468E-002
  -7.0579933323878432       -2.9775323752107754        1.5703278654106683E-002
  -7.0661994292090089       -2.9849508733236414        1.5663889009033403E-002
  -7.0730318719894667       -2.9975873061276008        1.5621751281067577E-002
  -7.0762861442628111       -2.9942325566264985        1.5615422329842088E-002
  -7.0851682464747885       -3.0003821109086859        1.5575862560540327E-002
  -7.0925513088925767       -3.0093893056297367        1.5537430058024413E-002
  -7.0964258480560485       -3.0036976777113216        1.5532422018631991E-002
  -7.1007850932172385       -2.9943868145074353        1.5530964539187044E-002
  -7.1076881906103901       -3.0050981539100392        1.5491903650618182E-002
  -7.1147436903794983       -3.0147903569636054        1.5453911036431003E-002
  -7.1181608697503354       -3.0107996465056908        1.5448040600017138E-002
  -7.1219301848729497       -3.0054056797052082        1.5442977280552181E-002
  -7.1217713231927569       -3.0054707813532180        1.5443423609706873E-002
  -7.1289709664533314       -3.0141271131330396        1.5406613826094272E-002
  -7.1334962437643865       -3.0010178856998446        1.5410011792889042E-002
  -7.1338463119634534       -3.0008601858627126        1.5409050569178649E-002
  -7.1378612716077550       -2.9938238306411278        1.5405461424188777E-002
  -7.1418778880076070       -2.9867539331236905        1.5401884730277452E-002
  -7.1451628118027202       -2.9830992179993041        1.5395929604199859E-002
  -7.1525012796962999       -2.9908085056334284        1.5360225691976674E-002
  -7.1584992480335776       -3.0076948422383478        1.5316201506344992E-002
  -7.1619356707775461       -3.0034162633415282        1.5310692580588788E-002
  -7.1658306177889282       -2.9968146452160358        1.5306897213683914E-002
  -7.1740353896646809       -3.0026472127300057        1.5271215087224274E-002
  -7.1866368251336521       -3.0062777794118807        1.5224070547465982E-002
  -7.1937899607927962       -3.0137371632873937        1.5189898254693520E-002
  -7.2011029603432126       -3.0206965621645927        1.5155994995848607E-002
  -7.2082763254502673       -3.0278557539300794        1.5122379813056327E-002
  -7.2151467344772566       -3.0357063251115699        1.5088906410961066E-002
  -7.2176744681685188       -3.0335539988298144        1.5083576303099271E-002
  -7.2249039411129052       -3.0403051154335548        1.5050564141706481E-002
  -7.2263998020583049       -3.0394037847548394        1.5046909613598308E-002
  -7.2253664379751212       -3.0397633361526366        1.5049796472457020E-002
  -7.2270981329153390       -3.0386416594220496        1.5045673272325619E-002
  -7.2278795514721024       -3.0382512268165605        1.5043653675474888E-002
  -7.2306683440755322       -3.0355450474098031        1.5038250141836818E-002
  -7.2373905513647339       -3.0431876172940253        1.5005819361706248E-002
  -7.2456057808283276       -3.0482515064866105        1.4972157690672857E-002
  -7.2475163098704112       -3.0469268245312739        1.4967761895017999E-002
  -7.2511044206844444       -3.0411222211766868        1.4964025058330714E-002
  -7.2540962699356690       -3.0378351738334723        1.4958783636326935E-002
  -7.2609901343204815       -3.0445864278921047        1.4927270402069990E-002
  -7.2633960995801958       -3.0425655952218769        1.4922226482063762E-002
  -7.2640811192656871       -3.0422308102677356        1.4920464343823233E-002
  -7.2674300149699453       -3.0375571250216611        1.4915957756519358E-002
  -7.2714098932925948       -3.0275723722394181        1.4916557603422493E-002
  -7.2790483757292366       -3.0328608015624221        1.4884764409461494E-002
  -7.2851450802243933       -3.0417871997445003        1.4853145125327035E-002
  -7.2920198114133745       -3.0480812157401114        1.4822642920931581E-002
  -7.3021968339449694       -3.0517290871919425        1.4785216121280153E-002
  -7.3082913629514268       -3.0600997047805021        1.4754630600311829E-002
  -7.3094085366509560       -3.0594839624727141        1.4751896278578246E-002
  -7.3151980751207608       -3.0692639156644166        1.4720493771696472E-002
  -7.3190651833951348       -3.0592591978465578        1.4721517037367992E-002
  -7.3198743563539175       -3.0588489827449203        1.4719494055266045E-002
  -7.3269238204963250       -3.0643875894954027        1.4689835010832425E-002
  -7.3351216152033061       -3.0687275673067118        1.4658222008018111E-002
  -7.3375910388060657       -3.0664725171717779        1.4653411084231096E-002
  -7.3385937859435018       -3.0659349248817827        1.4650959413990602E-002
  -7.3437585666213145       -3.0815900828255347        1.4614117018975307E-002
  -7.3438972653732524       -3.0815300360773761        1.4613760984446307E-002
  -7.3497158861388225       -3.0898938270630967        1.4584537399731749E-002
  -7.3521205625309296       -3.0877124763122796        1.4579885320563720E-002
  -7.3544964345019199       -3.0855840772928462        1.4575252317828649E-002
  -7.3581950963308849       -3.0765301160578034        1.4575544271343426E-002
  -7.3607904852449213       -3.0739333344420583        1.4570823098253229E-002
  -7.3664844285374240       -3.0824369870963526        1.4541962229176274E-002
  -7.3695037274246218       -3.0784657768995145        1.4537728566758480E-002
  -7.3706310952240690       -3.0778335878373526        1.4535039563532123E-002
  -7.3768627413598891       -3.0841403112901871        1.4507466009344102E-002
  -7.3783364937935758       -3.0832128981145122        1.4504093892678574E-002
  -7.3851048472657999       -3.0884084423343205        1.4476380561556160E-002
  -7.3918153041435373       -3.0936228042281302        1.4448896918742560E-002
  -7.3981477312219983       -3.0994074361874588        1.4421915617358906E-002
  -7.4008426364289912       -3.0964097473384586        1.4417484938113616E-002
  -7.4069795865862593       -3.1024902364931535        1.4390809905085039E-002
  -7.4120145108927007       -3.1147401210849730        1.4359653138421401E-002
  -7.4141876809903566       -3.1128816475725491        1.4355397204678062E-002
  -7.4171361701922907       -3.1088700573187289        1.4351529992118533E-002
  -7.4219325405848098       -3.1247336662038490        1.4316588392738312E-002
  -7.4244058441395469       -3.1222279982141727        1.4312271766859314E-002
  -7.4256220347964739       -3.1215097454727228        1.4309491407882680E-002
  -7.4267007438782029       -3.1209003858048181        1.4306990178671868E-002
  -7.4276966942297937       -3.1203521125572995        1.4304662755371303E-002
  -7.4286254316125024       -3.1198512167857007        1.4302479362279189E-002
  -7.4341543763056279       -3.1271426026957152        1.4276399516621928E-002
  -7.4374395778265843       -3.1206563834182877        1.4274701610938984E-002
  -7.4388713057668578       -3.1197414106117476        1.4271525784969461E-002
  -7.4416544984249207       -3.1162165414719567        1.4267568545968579E-002
  -7.4444498104412871       -3.1126372934188415        1.4263637455455528E-002
  -7.4471703403249281       -3.1093295206869418        1.4259583365740585E-002
  -7.4490642987585609       -3.1078716655138390        1.4255690738696099E-002
  -7.4508872969350914       -3.1065104027954193        1.4251890803785125E-002
  -7.4538528130854367       -3.1021079086529801        1.4248465695092924E-002
  -7.4596812448897962       -3.1079420624358480        1.4223507139454049E-002
  -7.4651596078110627       -3.1147259271728478        1.4198469644709891E-002
  -7.4711373724094159       -3.1200937715564443        1.4173766078462255E-002
  -7.4703908647884774       -3.1203571497450118        1.4175676927158213E-002
  -7.4710482549087232       -3.1200294853683541        1.4174114191748050E-002
  -7.4735965816198764       -3.1171612938358173        1.4170058190482396E-002
  -7.4794682981060312       -3.1225820713743353        1.4145679172166451E-002
  -7.4856736519457456       -3.1273730501422285        1.4121147996789436E-002
  -7.4878152401664861       -3.1254532040678891        1.4117148513878658E-002
  -7.4901902130180762       -3.1230161327042372        1.4113095165429839E-002
  -7.4926051043638751       -3.1204716966140680        1.4109053843112484E-002
  -7.4938392471739013       -3.1197274664801125        1.4106297073596705E-002
  -7.4958572072623086       -3.1180243354818495        1.4102393042135557E-002
  -7.4978397685116427       -3.1163790974265915        1.4098522189922996E-002
  -7.4987004001032140       -3.1159223117981178        1.4096522929582711E-002
  -7.5006001846484711       -3.1144054048541787        1.4092739553112561E-002
  -7.5070937780427025       -3.1186038543284167        1.4068230101500372E-002
  -7.5136732415953755       -3.1226785128762726        1.4043680150112115E-002
  -7.5151312702035451       -3.1217139533781522        1.4040547075144690E-002
  -7.5176549916663493       -3.1187638681464502        1.4036698316859567E-002
  -7.5229472625514457       -3.1249636592856898        1.4013426720729251E-002
  -7.5254027334919158       -3.1222005044285672        1.4009561356454411E-002
  -7.5302832899823722       -3.1301081380040614        1.3985477377332840E-002
  -7.5328746992995645       -3.1268461104247245        1.3981835503009641E-002
  -7.5343703254169716       -3.1258330073872651        1.3978669184500763E-002
  -7.5348938101471230       -3.1255817096553984        1.3977434821467290E-002
  -7.5354157359376863       -3.1253312530840760        1.3976204106936476E-002
  -7.5406766881895750       -3.1312496845559759        1.3953515077919402E-002
  -7.5399936206596294       -3.1314903816612754        1.3955227425147014E-002
  -7.5430758456275848       -3.1248871142044217        1.3954219309142863E-002
  -7.5488996464351521       -3.1294825874967884        1.3931545125046334E-002
  -7.5518522113641264       -3.1240134096229020        1.3929529916411876E-002
  -7.5522407173358577       -3.1238343852538724        1.3928608420746103E-002
  -7.5542423262259364       -3.1220813634533737        1.3924867426908901E-002
  -7.5564653936516901       -3.1198561658993760        1.3921048106807018E-002
  -7.5587243756199127       -3.1175383774092866        1.3917233708764357E-002
  -7.5635455905181246       -3.1247019997750973        1.3894488273635172E-002
  -7.5642565422025099       -3.1243397652007423        1.3892849121812817E-002
  -7.5694731196787615       -3.1298622667629643        1.3870979697408170E-002
  -7.5756493110786050       -3.1337773120425103        1.3848301301528003E-002
  -7.5806187954136144       -3.1399204296051768        1.3826500334645902E-002
  -7.5818316957413083       -3.1391739161848804        1.3823881177846106E-002
  -7.5835452282192684       -3.1378533433928220        1.3820500095717976E-002
  -7.5862470325499380       -3.1336994494637906        1.3817648112373583E-002
  -7.5876246392038391       -3.1327915643966069        1.3814743882257613E-002
  -7.5945704754986334       -3.1360328112468108        1.3790782316847452E-002
  -7.5990656005953863       -3.1442967416872274        1.3767960303849672E-002
  -7.6057026322707921       -3.1476638849064158        1.3744854182735782E-002
  -7.6074549948896060       -3.1462659063785394        1.3741480845585314E-002
  -7.6125956434318347       -3.1514005953244144        1.3720632365881329E-002
  -7.6185352869707677       -3.1552426775135851        1.3699073710586920E-002
  -7.6275018411358610       -3.1577433178021859        1.3670516215206980E-002
  -7.6301298649513489       -3.1536906303637866        1.3667803371080221E-002
  -7.6355791854812489       -3.1580299252069555        1.3647177938144206E-002
  -7.6427043440739704       -3.1609960233488161        1.3623453763524097E-002
  -7.6445008390437899       -3.1594961394380543        1.3620116892323212E-002
  -7.6493433123825261       -3.1650187936217780        1.3599928733442427E-002
  -7.6539349121499498       -3.1714240283467152        1.3579456453805152E-002
  -7.6590969071688333       -3.1760417123596714        1.3559504716361503E-002
  -7.6607519931999040       -3.1747446878968821        1.3556358028647504E-002
  -7.6617671740563846       -3.1741527517522350        1.3554190386008417E-002
  -7.6661172339165535       -3.1816173531868741        1.3533256994459822E-002
  -7.6680791519445721       -3.1797580589821997        1.3529914110795002E-002
  -7.6720876114275134       -3.1908242399606714        1.3505795563172628E-002
  -7.6745342311142339       -3.1873733512920990        1.3502962126458436E-002
  -7.6798511600855761       -3.1915040165818338        1.3483301492808788E-002
  -7.6852910390402256       -3.1954309362782061        1.3463575071607833E-002
  -7.6852419903947746       -3.1954510433031076        1.3463688437877231E-002
  -7.6877641255318485       -3.1915068921253611        1.3461226926135177E-002
  -7.6899357171482556       -3.1890507754740929        1.3458016258588164E-002
  -7.6957702641981847       -3.1924917511556101        1.3437810781952267E-002
  -7.6956693064787043       -3.1925324290730468        1.3438044477770583E-002
  -7.6968832354727104       -3.1917503370780214        1.3435572350344966E-002
  -7.6978481064799693       -3.1911919355891816        1.3433534706315840E-002
  -7.7039601889131815       -3.1943658053545252        1.3412921048088881E-002
  -7.7090471508255138       -3.1985666785402747        1.3394010563762210E-002
  -7.7084048209467211       -3.1987905741857814        1.3395530384605083E-002
  -7.7101631389501577       -3.1972653213381004        1.3392416897477635E-002
  -7.7140709621672530       -3.2073263297643226        1.3370086275261478E-002
  -7.7152707823417375       -3.2065493440177844        1.3367668289060696E-002
  -7.7192488079444717       -3.2153152085313392        1.3346670385366823E-002
  -7.7232847246751835       -3.2232957964830935        1.3326445741086988E-002
  -7.7274777916542234       -3.2299602954583153        1.3307329652435205E-002
  -7.7287077674406337       -3.2291420368310852        1.3304899512675536E-002
  -7.7336761771494436       -3.2332631488970138        1.3286610912377749E-002
  -7.7382797510035317       -3.2380985740736894        1.3268537601090957E-002
  -7.7452380484247607       -3.2406975348160163        1.3246641493662985E-002
  -7.7470363862915610       -3.2390253843696324        1.3243654682987421E-002
  -7.7515904505444437       -3.2438466846262646        1.3225816994382480E-002
  -7.7528493418836844       -3.2429874088272759        1.3223378254086975E-002
  -7.7576269766118555       -3.2472346423261818        1.3205624532685888E-002
  -7.7602592346540886       -3.2413454488447497        1.3205165108652689E-002
  -7.7658444444712034       -3.2445562252024729        1.3186439033767665E-002
  -7.7680361769171533       -3.2416961593197091        1.3183745279696860E-002
  -7.7693261129667022       -3.2407979827281808        1.3181274186918019E-002
  -7.7688314725383965       -3.2409767972486270        1.3182408283809139E-002
  -7.7733337464059336       -3.2456477133135841        1.3165006159296382E-002
  -7.7779517904953037       -3.2500008553677229        1.3147681131128571E-002
  -7.7804316141113690       -3.2453460428266450        1.3146238341012171E-002
  -7.7821682821765057       -3.2437537974101445        1.3143353713649872E-002
  -7.7858101989847954       -3.2542461497575133        1.3121816912815875E-002
  -7.7901345765043093       -3.2592021497513199        1.3104683621970278E-002
  -7.7945113194732460       -3.2639485617781210        1.3087674725573799E-002
  -7.7968181774474035       -3.2603332252839228        1.3085554617315124E-002
  -7.8011608857712655       -3.2650961855995524        1.3068655719279209E-002
  -7.8035290040410406       -3.2610394670511016        1.3066866248914941E-002
  -7.8076790609946993       -3.2663611220979574        1.3049895297325798E-002
  -7.8092407000188331       -3.2650529983854208        1.3047197609648948E-002
  -7.8146718786686611       -3.2681074829055348        1.3029379946443657E-002
  -7.8186686275215411       -3.2739281178654185        1.3012330516105352E-002
  -7.8241512913471967       -3.2769035109003068        1.2994532931719205E-002
  -7.8261562899275186       -3.2745044407938364        1.2991888892325531E-002
  -7.8278022125257749       -3.2730256692029394        1.2989174839537130E-002
  -7.8314524987414851       -3.2812032400236553        1.2970514670505329E-002
  -7.8322004328220194       -3.2807887207176138        1.2969001528231307E-002
  -7.8343321914645392       -3.2778470347934099        1.2966629770069068E-002
  -7.8355669232373675       -3.2769803754044391        1.2964332243124956E-002
  -7.8400179475481080       -3.2810440835777692        1.2948146402061116E-002
  -7.8462699130187605       -3.2835253970169793        1.2929001968839419E-002
  -7.8501455703899756       -3.2893623374198908        1.2912441113581601E-002
  -7.8510109405182096       -3.2888542999662755        1.2910733123798462E-002
  -7.8530207104543095       -3.2863357425580642        1.2908233053019641E-002
  -7.8548802995864495       -3.2843050157425444        1.2905589784569405E-002
  -7.8602730860758090       -3.2871552460890792        1.2888377962724327E-002
  -7.8623625340991170       -3.2842792556307798        1.2886060767661047E-002
  -7.8664952320161436       -3.2888376295855388        1.2870310992611003E-002
  -7.8686486565697580       -3.2856149020796979        1.2868208179947525E-002
  -7.8700442352164250       -3.2845203535846514        1.2865762330556987E-002
  -7.8719054106945414       -3.2824519578275817        1.2863161514735164E-002
  -7.8742470127805300       -3.2778739792735538        1.2862030160696362E-002
  -7.8782391036890020       -3.2827239251901550        1.2846382182461397E-002
  -7.8837706751978578       -3.2853849060639395        1.2829132346092946E-002
  -7.8880315032640382       -3.2894019611075551        1.2813743507387390E-002
  -7.8916302280073216       -3.2961732712923286        1.2797119376212198E-002
  -7.8952026069208463       -3.3030589609868950        1.2780463647638169E-002
  -7.8991454975322668       -3.3078080182176435        1.2765181734976715E-002
  -7.9045652495709504       -3.3104541928536917        1.2748393077376881E-002
  -7.9086762238159203       -3.3146183449656088        1.2733362036272473E-002
  -7.9097977049075654       -3.3138518955799903        1.2731309736961870E-002
  -7.9137542960157781       -3.3183775841817411        1.2716314548585813E-002
  -7.9153492810010864       -3.3168832747454426        1.2713835768061281E-002
  -7.9194391093559879       -3.3209791263693407        1.2698990294517589E-002
  -7.9233910021817726       -3.3254023516745899        1.2684170062792752E-002
  -7.9245299591868825       -3.3246091428820828        1.2682115008720863E-002
  -7.9286448790039277       -3.3285547264133855        1.2667417950133210E-002
  -7.9291761333364308       -3.3282806895660983        1.2666358928709664E-002
  -7.9312156532479312       -3.3252717503708040        1.2664381462695639E-002
  -7.9332618561374018       -3.3222221670674852        1.2662426675864797E-002
  -7.9355697365566398       -3.3170935825762764        1.2662014130225576E-002
  -7.9377136740366350       -3.3134419282078547        1.2660440094525584E-002
  -7.9391029534626565       -3.3123058960863552        1.2658111512857697E-002
  -7.9382649690835159       -3.3125757355944296        1.2659957178472268E-002
  -7.9407491287508041       -3.3041289662961479        1.2662593244796906E-002
  -7.9421793879405227       -3.3029259790134518        1.2660225687312463E-002
  -7.9462225763256153       -3.3068337484349666        1.2645805717506248E-002
  -7.9517349129547616       -3.3092342098281229        1.2629273371459228E-002
  -7.9556168199839146       -3.3134700363759726        1.2614966072534206E-002
  -7.9591610109392930       -3.3190431183340516        1.2600125127247980E-002
  -7.9612319351718011       -3.3157046805752453        1.2598407506799400E-002
  -7.9648381201065703       -3.3208422853276085        1.2583896877681081E-002
  -7.9665324700337106       -3.3190355451009093        1.2581522518405393E-002
  -7.9684376504654253       -3.3165105448965639        1.2579369408039148E-002
  -7.9735606337806715       -3.3190311483264052        1.2563818395455952E-002
  -7.9771839531923376       -3.3239059758270897        1.2549599978638557E-002
  -7.9785920240824293       -3.3227078022627912        1.2547316270634622E-002
  -7.9807028034252685       -3.3189512676358244        1.2545940921942922E-002
  -7.9856595799630874       -3.3215257678743022        1.2530811330035564E-002
  -7.9869555878093204       -3.3205044920034759        1.2528626401148896E-002
  -7.9889328615399089       -3.3175549692331052        1.2526741580581367E-002
  -7.9928219514005612       -3.3213971144337111        1.2513000767147153E-002
  -7.9946890334026275       -3.3189434866325631        1.2510878426439010E-002
  -7.9996886378668295       -3.3214345159387872        1.2495791175974984E-002
  -8.0038640879301166       -3.3246723962310640        1.2482012346705687E-002
  -8.0054900706735488       -3.3229856844646233        1.2479704080851193E-002
  -8.0104848948369849       -3.3254418689463621        1.2464719876469738E-002
  -8.0136655926691702       -3.3328730128166928        1.2449133036821635E-002
  -8.0139483255970525       -3.3327416265767282        1.2448566488936415E-002
  -8.0159779332264076       -3.3293003113133164        1.2447077703456186E-002
  -8.0195906655691971       -3.3336513803962600        1.2433625272140120E-002
  -8.0206085966755545       -3.3329689095467172        1.2431804711632924E-002
  -8.0217982580976912       -3.3320787419170150        1.2429772401831950E-002
  -8.0215619378272844       -3.3321689284874547        1.2430265327352407E-002
  -8.0257425947465695       -3.3352368614177430        1.2416753564577204E-002
  -8.0297810441764170       -3.3384835508486841        1.2403430604650960E-002
  -8.0334153229185201       -3.3425806771742814        1.2390252205228063E-002
  -8.0369582252862948       -3.3469416698701044        1.2377047024963540E-002
  -8.0406618916337216       -3.3507727352615500        1.2364008031634264E-002
  -8.0441435167831141       -3.3552775561374903        1.2350843128985295E-002
  -8.0461277505634872       -3.3518918649269978        1.2349437075251509E-002
  -8.0498759353799798       -3.3555341932581624        1.2336523743446027E-002
  -8.0518105310376686       -3.3524398990728357        1.2334942114576931E-002
  -8.0558164799195016       -3.3555711541324253        1.2321942246636949E-002
  -8.0572255504131061       -3.3542937066625971        1.2319796816508861E-002
  -8.0591952483072440       -3.3509257645660888        1.2318406436135859E-002
  -8.0622311390106383       -3.3584740938668873        1.2303313209787085E-002
  -8.0636091811245834       -3.3572488594141792        1.2301195318977479E-002
  -8.0652687121620108       -3.3553252155009168        1.2299099331738467E-002
  -8.0666532905255650       -3.3540857457998499        1.2296978952649281E-002
  -8.0685620502389099       -3.3510471016657908        1.2295402922157255E-002
  -8.0701300888347145       -3.3493875900304162        1.2293258603039489E-002
  -8.0713378004302587       -3.3484445003263605        1.2291267474044616E-002
  -8.0714506429717421       -3.3483955411154653        1.2291041813864140E-002
  -8.0726606432191588       -3.3474476250462435        1.2289049937968937E-002
  -8.0739682921315783       -3.3463431962743186        1.2286978085338518E-002
  -8.0752263902746684       -3.3453201096448550        1.2284944689113985E-002
  -8.0795098133302368       -3.3479629528279116        1.2271845716632021E-002
  -8.0827568130898104       -3.3529399484359788        1.2258933587917105E-002
  -8.0860580757848144       -3.3575807115125418        1.2246245030248992E-002
  -8.0897394316010960       -3.3609921882681650        1.2233889571666313E-002
  -8.0917438653875067       -3.3570173362690450        1.2233031791664387E-002
  -8.0919019326816315       -3.3569473950880497        1.2232719258386491E-002
  -8.0935670879587605       -3.3549276983041394        1.2230715111892804E-002
  -8.0952282217221843       -3.3529194675618590        1.2228707811231969E-002
  -8.0984224396066384       -3.3579113577726307        1.2215976306645573E-002
  -8.1022880458573248       -3.3609069735245840        1.2203639606089379E-002
  -8.1055062724770934       -3.3656536202789384        1.2191129174311833E-002
  -8.1069683524632161       -3.3641955310706906        1.2189064961190377E-002
  -8.1121599811856093       -3.3661999952526114        1.2174567425869394E-002
  -8.1141215284115589       -3.3623951842521875        1.2173644442696807E-002
  -8.1147616536337352       -3.3620382883487059        1.2172460667106559E-002
  -8.1197345841684179       -3.3641050614621273        1.2158454930346480E-002
  -8.1210604096714150       -3.3629267512023122        1.2156443925304173E-002
  -8.1241778699397305       -3.3679567696143611        1.2143969350936109E-002
  -8.1258622480700762       -3.3657693133515822        1.2142105322166650E-002
  -8.1273076577848293       -3.3643272484145998        1.2140072997671666E-002
  -8.1308656668786039       -3.3676649591467651        1.2128247420598648E-002
  -8.1340177102320563       -3.3723271680163291        1.2116096244450605E-002
  -8.1356102528745247       -3.3704492607279035        1.2114151787122746E-002
  -8.1353438025072116       -3.3705488326110711        1.2114689540350221E-002
  -8.1368840489558512       -3.3688315974220195        1.2112709974002279E-002
  -8.1388385368399927       -3.3648199663847964        1.2112006095896180E-002
  -8.1404247832158276       -3.3629545823900791        1.2110059244805921E-002
  -8.1441329864601180       -3.3659145743618635        1.2098293843205382E-002
  -8.1450667301193338       -3.3652890436977287        1.2096684094850974E-002
  -8.1483791425060872       -3.3690859516596321        1.2085056152798212E-002
  -8.1485025442496095       -3.3690321979404221        1.2084815343244579E-002
  -8.1501050858560209       -3.3670806745913007        1.2082920952246183E-002
  -8.1507548273721468       -3.3667139269827224        1.2081735318749853E-002
  -8.1551020029533579       -3.3689709579328389        1.2069182388842067E-002
  -8.1590656059126072       -3.3715244005723104        1.2057267921432894E-002
  -8.1626349584106297       -3.3745867517232595        1.2045806074692035E-002
  -8.1663205723866401       -3.3774421696785168        1.2034287036347058E-002
  -8.1677603029463022       -3.3759515435666287        1.2032339483784984E-002
  -8.1685115342158614       -3.3754991116790127        1.2031005112288985E-002
  -8.1689225838182757       -3.3752940087540630        1.2030233541887389E-002
  -8.1702347949467669       -3.3740914932742165        1.2028305488229505E-002
  -8.1718828964061849       -3.3718927346502134        1.2026555015452490E-002
  -8.1724029496134030       -3.3716182950738918        1.2025593363463158E-002
  -8.1755294946431292       -3.3757449947104123        1.2014185852725696E-002
  -8.1790249672032900       -3.3788088331096029        1.2002957738382253E-002
  -8.1807247244975301       -3.3763270919579234        1.2001366958112034E-002
  -8.1822335471936896       -3.3746108889760946        1.1999480018446938E-002
  -8.1838516402513513       -3.3724987873537056        1.1997719127004260E-002
  -8.1895455331262070       -3.3741634382620962        1.1982701539987591E-002
  -8.1935126853409770       -3.3765549681340072        1.1971062554807311E-002
  -8.1963396858226449       -3.3823075961481615        1.1958863100932599E-002
  -8.1974726224701229       -3.3814029766292331        1.1957082183798325E-002
  -8.1981394555045775       -3.3810184266658423        1.1955890968845435E-002
  -8.1997535374317980       -3.3788719564805159        1.1954181948370108E-002
  -8.2039652699731604       -3.3810359777735322        1.1942230591552064E-002
  -8.2068384593276011       -3.3861337835091798        1.1930597400767410E-002
  -8.2083710436568662       -3.3842795433904147        1.1928803667525819E-002
  -8.2097346502959745       -3.3829184839943252        1.1926928883359306E-002
  -8.2135475186786415       -3.3853621929810616        1.1915678933586443E-002
  -8.2151141358191389       -3.3833653690694896        1.1913943940912991E-002
  -8.2151279454859569       -3.3833596474459764        1.1913917230384694E-002
  -8.2177871959934929       -3.3906223164469402        1.1900745956751339E-002
  -8.2191639435649027       -3.3892111405775713        1.1898896303229559E-002
  -8.2200446796558797       -3.3886228842696648        1.1897411062803400E-002
  -8.2211743926185683       -3.3877073708054031        1.1895660361674417E-002
  -8.2226244868700533       -3.3860865906374706        1.1893839982463040E-002
  -8.2264905405351385       -3.3884110046138827        1.1882626869668244E-002
  -8.2273111439075670       -3.3878841369201966        1.1881224691734964E-002
  -8.2292028680166727       -3.3833745905912167        1.1881140575912797E-002
  -8.2324350106225985       -3.3865811775811543        1.1870574892633884E-002
  -8.2343134618781342       -3.3821925244589051        1.1870402112818382E-002
  -8.2375070186818764       -3.3854575489172540        1.1859885692969111E-002
  -8.2374880615540178       -3.3854652754938517        1.1859922264229409E-002
  -8.2388054925272076       -3.3841757703100384        1.1858097244566483E-002
  -8.2400023859447629       -3.3831350568804637        1.1856314444464324E-002
  -8.2436513818608770       -3.3855902679767458        1.1845532891005409E-002
  -8.2463209085547149       -3.3916580361454369        1.1833597920685781E-002
  -8.2493344240948527       -3.3953436620707969        1.1823143224892817E-002
  -8.2528966476330456       -3.3978574608351004        1.1812548315001628E-002
  -8.2533427651320963       -3.3976282324156082        1.1811738222286075E-002
  -8.2572277785603720       -3.3998121202173337        1.1800728224476276E-002
  -8.2613124624640868       -3.4018493347392806        1.1789413372230143E-002
  -8.2608841822808117       -3.4019973037941234        1.1790257016047780E-002
  -8.2624770774082972       -3.3997025663515208        1.1788768145835448E-002
  -8.2651646674726198       -3.4050690512506518        1.1777530612207220E-002
  -8.2666027538848752       -3.4033909505109023        1.1775817952508906E-002
  -8.2708818411231420       -3.4052914837340751        1.1764221954991397E-002
  -8.2725057244354048       -3.4027875716570861        1.1762863372532000E-002
  -8.2741914616178587       -3.3998789081793310        1.1761741794208719E-002
  -8.2751414696409871       -3.3991945654526052        1.1760210709720815E-002
  -8.2778357540459542       -3.4042346270786625        1.1749310392271532E-002
  -8.2793652792551722       -3.4021788626300418        1.1747746222168046E-002
  -8.2812474516081398       -3.3968498487948069        1.1748444894325690E-002
  -8.2850984732388149       -3.3989559233541642        1.1737673594722969E-002
  -8.2863346099064081       -3.3977954309587632        1.1735938328108613E-002
  -8.2893086947096801       -3.4012213733882271        1.1725948798107108E-002
  -8.2920941418686596       -3.4054111083290515        1.1715686063301206E-002
  -8.2935845232146619       -3.4034828266203792        1.1714095532975945E-002
  -8.2963133584680548       -3.4079444790032318        1.1703722477869879E-002
  -8.2989099808091105       -3.4134669179320389        1.1692670329732219E-002
  -8.3023753648429022       -3.4158574722780659        1.1682581598589951E-002
  -8.3025850935469183       -3.4157619334692089        1.1682195385472618E-002
  -8.3040001082026809       -3.4140803225971252        1.1680556099182719E-002
  -8.3072278441571115       -3.4167728906413122        1.1670739753153624E-002
  -8.3070668950569040       -3.4168344935414852        1.1671046645396687E-002
  -8.3084874503478225       -3.4151210595483761        1.1669426311965108E-002
  -8.3112387800435048       -3.4191953080139270        1.1659416330662947E-002
  -8.3138309199553433       -3.4243627564623638        1.1648760309308392E-002
  -8.3146538407852333       -3.4238126048536142        1.1647414873657967E-002
  -8.3182602452569405       -3.4259834839172090        1.1637268707474441E-002
  -8.3210546531837100       -3.4297234201183122        1.1627507682752189E-002
  -8.3239462985248593       -3.4330692214973810        1.1617903926296743E-002
  -8.3252188902142024       -3.4317630884816439        1.1616254594862135E-002
  -8.3281143774586255       -3.4350573184908422        1.1606703437200286E-002
  -8.3310145259761601       -3.4383127250358023        1.1597188259906974E-002
  -8.3337773706446381       -3.4420449920609300        1.1587550101016642E-002
  -8.3342182930325439       -3.4418148202623660        1.1586776102468218E-002
  -8.3369551344717401       -3.4456169283272113        1.1577142964172237E-002
  -8.3400111229899263       -3.4484129848623937        1.1567736233794932E-002
  -8.3411938868541906       -3.4472937645784012        1.1566129086165956E-002
  -8.3444646545991663       -3.4497138367423124        1.1556603281785909E-002
  -8.3471727577188091       -3.4535327487136036        1.1547053235297948E-002
  -8.3510069862981737       -3.4554328198882107        1.1536775351158345E-002
  -8.3511940919894467       -3.4553477682343070        1.1536437653080975E-002
  -8.3525414240612097       -3.4537696923949710        1.1534893707715878E-002
  -8.3540022019391866       -3.4517436537943791        1.1533508290362942E-002
  -8.3565114895536343       -3.4567585619518391        1.1523330869106533E-002
  -8.3589301412221975       -3.4627914308600758        1.1512429597303534E-002
  -8.3601395719157168       -3.4615858989983588        1.1510856212206211E-002
  -8.3629407283829291       -3.4648546156659994        1.1501656882192679E-002
  -8.3643340972231872       -3.4630764504017009        1.1500203450100171E-002
  -8.3678254499878495       -3.4651600161880820        1.1490576325087305E-002
  -8.3704077183205232       -3.4693473906900447        1.1481043512267296E-002
  -8.3734410820064067       -3.4719782114793922        1.1471948734392988E-002
  -8.3764438114682882       -3.4746501084990582        1.1462894044718216E-002
  -8.3791461012996571       -3.4781311478021331        1.1453771602127471E-002
  -8.3824991636293085       -3.4802929397409477        1.1444432604556281E-002
  -8.3855033982334071       -3.4829141176792500        1.1435451258356346E-002
  -8.3890306123304281       -3.4849037811092130        1.1425908998747852E-002
  -8.3903656785049012       -3.4832794270352645        1.1424462305931075E-002
  -8.3930256987471648       -3.4868035195304503        1.1415436610165714E-002
  -8.3957135766945754       -3.4901884391172695        1.1406485630228617E-002
  -8.3994743944943799       -3.4919966597222571        1.1396633402147414E-002
  -8.4001612482823784       -3.4915631773527753        1.1395527989455959E-002
  -8.4028585573549677       -3.4948472049905437        1.1386669924976412E-002
  -8.4043428239606470       -3.4924760150695344        1.1385583755894199E-002
  -8.4067599969474305       -3.4973625795358920        1.1375896651060344E-002
  -8.4073885518476672       -3.4969812926330048        1.1374874167627745E-002
  -8.4100556654268654       -3.5002985756023168        1.1366074074740794E-002
  -8.4097524010974976       -3.5004081375054810        1.1366633980502715E-002
  -8.4126348740783872       -3.5030969448343181        1.1357942713498072E-002
  -8.4152297044657267       -3.5066453971424556        1.1349107839317939E-002
  -8.4179653860193788       -3.5096599843374281        1.1340458728175242E-002
  -8.4195696891023051       -3.5061428457101855        1.1340158189271931E-002
  -8.4205640776420765       -3.5053108562573976        1.1338755065354101E-002
  -8.4221345766527289       -3.5021366157756564        1.1338214064501752E-002
  -8.4244259771654892       -3.5081157766997708        1.1327872551826098E-002
  -8.4276021034211031       -3.5102811800666740        1.1319060978393115E-002
  -8.4299367006415498       -3.5154991496471415        1.1309330110911956E-002
  -8.4306542596769223       -3.5150275643659445        1.1308206871470239E-002
  -8.4335866000729851       -3.5174982712137099        1.1299667784944208E-002
  -8.4369374742886425       -3.5194624041731992        1.1290692133810681E-002
  -8.4382282180375139       -3.5178759757857301        1.1289338807907560E-002
  -8.4397030607190384       -3.5153612944888053        1.1288420491127160E-002
  -8.4444413488319690       -3.5167423047873232        1.1277000025123045E-002
  -8.4458275728060705       -3.5147359273996712        1.1275816711620080E-002
  -8.4481712283056094       -3.5194882652506054        1.1266539945816036E-002
  -8.4495073917568249       -3.5177006393626682        1.1265270968080672E-002
  -8.4505943137228350       -3.5166706998901032        1.1263859424352768E-002
  -8.4542448332672642       -3.5183878188850404        1.1254504940517978E-002
  -8.4544424570151460       -3.5182962081936990        1.1254163348193357E-002
  -8.4559961983516008       -3.5149894683972689        1.1253781213862715E-002
  -8.4571049165523497       -3.5139064971092857        1.1252370565600503E-002
  -8.4582298626389072       -3.5127845928071046        1.1250959537489313E-002
  -8.4611716422780745       -3.5151031827067203        1.1242602599277148E-002
  -8.4641924685504311       -3.5173010674478857        1.1234192809733319E-002
