  -2.2000000000000002      -0.29999999999999999       0.10070493454179255     
  -2.5339913176052162      -0.91558583243600689        8.1569997885634307E-002
  -2.6704116634774446      -0.79736782945160101        7.8327587525633111E-002
  -2.9410004324041052       -1.2110609900569420        6.6154401098011892E-002
  -3.1966954517685573       -1.4482161598083194        5.7749417901155745E-002
  -3.5386241961438829       -1.5637084902840344        5.0082522364089645E-002
  -3.6373730237237223       -1.3270492550562472        5.0021153347851968E-002
  -3.7209478953283965       -1.2329280392327240        4.9102492875963827E-002
  -3.8977083946195341       -1.3612005042366462        4.5361765093634043E-002
  -4.0513870919046386       -1.4882312978791004        4.2321647478850963E-002
  -4.1203499728616180       -1.4013417983767735        4.1769275092976399E-002
  -4.2480399640444304       -1.5331073953195640        3.9375873780977448E-002
  -4.3735780182488941       -1.6378533644099618        3.7298474025315852E-002
  -4.3946300800913995       -1.6271837164681877        3.7091299701756002E-002
  -4.4855390158625426       -1.8688673271128355        3.4949484461774066E-002
  -4.5264961928939504       -1.8293048848382614        3.4679445913228905E-002
  -4.6561696584631918       -1.8932710751476618        3.3042131647740537E-002
  -4.8067482111563544       -1.9414345547273473        3.1373536736553256E-002
  -4.8342328611123566       -1.9213539564212998        3.1190145738663445E-002
  -4.8683486640664748       -1.8904952950459621        3.0983934010976193E-002
  -4.9448848428133809       -2.0003928489771119        2.9892276314021998E-002
  -4.9805798112420634       -1.9614566211354789        2.9714602534724514E-002
  -4.9939866543005555       -1.9545246165159917        2.9620792382599924E-002
  -5.0399372621398397       -1.8529494146149545        2.9555727927556719E-002
  -5.1037394704581294       -2.0186835331276072        2.8471177659031194E-002
  -5.1212283688595557       -2.0082933743240794        2.8360569935253994E-002
  -5.1885677738212417       -2.0970860943081004        2.7533793468201683E-002
  -5.2544427790327459       -2.1767989047835066        2.6775466174464174E-002
  -5.3118194239127519       -2.2859689050606224        2.6013837667977706E-002
  -5.3796236712133929       -2.3427831745310770        2.5362053556511929E-002
  -5.4485771605454953       -2.3924334249351453        2.4745902412943586E-002
  -5.4720686738631068       -2.3684959973381705        2.4658900299122925E-002
  -5.5061189334665146       -2.2817416744696923        2.4676923073620825E-002
  -5.5834486109809296       -2.3182593287462168        2.4067837776928006E-002
  -5.6402632539611490       -2.3724702822302390        2.3562018929993510E-002
  -5.6568253251426173       -2.3601696289812168        2.3490680641789712E-002
  -5.7131117652731476       -2.4087331851241434        2.3019387923147217E-002
  -5.7690856392098100       -2.4535523309359104        2.2572207737591141E-002
  -5.8153486875681439       -2.5182778721446697        2.2143487951051657E-002
  -5.8581439359452281       -2.5930874385095248        2.1719322017429672E-002
  -5.8646801669460569       -2.5894829959253105        2.1692023072298484E-002
  -5.9219827680594763       -2.6237588932876297        2.1297444295356974E-002
  -5.9873433588795582       -2.6515032952213637        2.0886092376467331E-002
  -6.0269377497127783       -2.7146748525177204        2.0536647998029921E-002
  -6.0805669881401228       -2.7454848593113792        2.0197539200468326E-002
  -6.0961780831653840       -2.7303607069978399        2.0153872067478228E-002
  -6.1141159042345556       -2.7094032815933553        2.0111304230305903E-002
  -6.1562213410288011       -2.7504903067921602        1.9816005170898123E-002
  -6.1973907000610415       -2.7905420448751226        1.9533242851091929E-002
  -6.2104948591809483       -2.7792729748821139        1.9495227744406075E-002
  -6.2303169867642545       -2.7471024003411135        1.9469108047090948E-002
  -6.2651437883827690       -2.8027455264319521        1.9191128782486171E-002
  -6.2994534184178903       -2.8555533411285134        1.8926024475679253E-002
  -6.3095515611060824       -2.8480529110610515        1.8895788226796197E-002
  -6.3556325134693976       -2.8744884432422406        1.8636984699302042E-002
  -6.3889955610903906       -2.9210027204934303        1.8398749076799191E-002
  -6.4185694104526236       -2.9879169525680340        1.8140365470328438E-002
  -6.4580036880961327       -3.0163167266521156        1.7919869365970707E-002
  -6.4871177627350223       -3.0725398149012979        1.7691851120336791E-002
  -6.4810455719237101       -3.0748127043160651        1.7712148404203459E-002
  -6.4949813924054345       -3.0578577732262682        1.7688070973076352E-002
  -6.5235878185669636       -3.1102980495861883        1.7473001422071702E-002
  -6.5216617994615929       -3.1111431469988933        1.7479069244838673E-002
  -6.5324978754527621       -3.1010368596160469        1.7455066004731006E-002
  -6.5650555714662326       -3.1336583317572058        1.7265262169901114E-002
  -6.5914139060289472       -3.1916013705009543        1.7055225468007390E-002
  -6.6201224372997860       -3.2305254388007389        1.6874129676890174E-002
  -6.6536645791967119       -3.2570273686167233        1.6700211933594177E-002
  -6.6536842350181509       -3.2570177376179963        1.6700156480640934E-002
  -6.6816324837046865       -3.2932836167466797        1.6531677357799965E-002
  -6.7109464848611031       -3.3238770871368599        1.6370641375440434E-002
  -6.7268272737267898       -3.2819984324650888        1.6387607860504534E-002
  -6.7495507217936037       -3.3511396563444285        1.6184746435397364E-002
  -6.7578337798333976       -3.3438810922338078        1.6168185826655537E-002
  -6.8018659782257078       -3.3604802489833592        1.5985112543049261E-002
  -6.8341135769872592       -3.3824135591160971        1.5836358506801540E-002
  -6.8577792825392976       -3.4230220438524639        1.5687205505285240E-002
  -6.8729427761052593       -3.3754806855514112        1.5715557891309635E-002
  -6.9086948071850269       -3.3934626513141861        1.5565255513810107E-002
  -6.9197278586725322       -3.3791903607147598        1.5551721955033222E-002
  -6.9516467144196508       -3.3986793828340227        1.5413922328211866E-002
  -6.9818953599564706       -3.4188522936454988        1.5282244606914446E-002
  -7.0046228824855010       -3.4533476570117614        1.5153730405098414E-002
  -7.0260537633404239       -3.4928035602820109        1.5022885519159385E-002
  -7.0335922985136028       -3.4859446989359060        1.5009779381806308E-002
  -7.0614992116255193       -3.5061369514881617        1.4890310356394185E-002
  -7.0895399373935115       -3.5255227025256937        1.4773037354601556E-002
  -7.1170029153685270       -3.5448268208333014        1.4658989176320440E-002
  -7.1401752589618139       -3.5698363947141960        1.4550569019941997E-002
  -7.1652440014937735       -3.5905929446930980        1.4443962484073987E-002
  -7.1834887979320570       -3.6404007012399235        1.4315361691072946E-002
  -7.2084400807910445       -3.6599135049542033        1.4213312633178592E-002
  -7.2064997627770220       -3.6607853987077053        1.4217674878235227E-002
  -7.2256613552122868       -3.6948507695982236        1.4111915118367882E-002
  -7.2330682727020621       -3.6872074663015302        1.4101831333291346E-002
  -7.2428236533151775       -3.6722995712949964        1.4095569361355869E-002
  -7.2625006876444376       -3.7010448449510314        1.3997437229468541E-002
  -7.2838874072381357       -3.7235383061419620        1.3904385852463053E-002
  -7.2934912057010211       -3.7084161570672869        1.3899049796648638E-002
  -7.3039430949570567       -3.6882504530254381        1.3898390728593384E-002
  -7.3112712389869072       -3.6805891807039264        1.3888614232446955E-002
  -7.3285283422451668       -3.7198881383949676        1.3784567392894340E-002
  -7.3464507051207351       -3.7515221900571705        1.3690330288869719E-002
  -7.3492246885916881       -3.7497469284491487        1.3685187617586492E-002
  -7.3692552243619893       -3.7718086051411190        1.3599435719535707E-002
  -7.3786196276892069       -3.7562175552402768        1.3595601933159314E-002
  -7.3863435521267897       -3.7470247407381976        1.3587276731437760E-002
  -7.3855352533933107       -3.7474115560687875        1.3588946056127845E-002
  -7.3933093143414235       -3.7380448669478432        1.3580682459592574E-002
  -7.4093958939572575       -3.7785103088616818        1.3481397242225074E-002
  -7.4296132078380142       -3.7978854285542551        1.3400678685905896E-002
  -7.4351513595559968       -3.7929649462888984        1.3392607438298237E-002
  -7.4570462977553422       -3.8093017184274185        1.3312331963698985E-002
  -7.4722900781633079       -3.8512126822821613        1.3215808123243333E-002
  -7.4926221954037873       -3.8685222028497330        1.3139766803873359E-002
  -7.5010100796819801       -3.8554076751637090        1.3135543476295993E-002
  -7.5092877630677348       -3.8428110121367918        1.3130838439748618E-002
  -7.5168016217543778       -3.8331416465676127        1.3124172261960686E-002
  -7.5226775466358946       -3.8274649314855949        1.3116445857992627E-002
  -7.5278027272252110       -3.8230228053096584        1.3109026138197269E-002
  -7.5488021628073128       -3.8383271273335180        1.3034891798559645E-002
  -7.5558034555935620       -3.8300107846172935        1.3027763073646656E-002
  -7.5728504609092653       -3.8518283132248170        1.2955944722788690E-002
  -7.5787313486417194       -3.8459973915116734        1.2948526470174330E-002
  -7.5986027056983714       -3.8615113244670267        1.2878294626478323E-002
  -7.6058336691078825       -3.8521657695967599        1.2872019560114124E-002
  -7.6131510554647717       -3.8425275593368990        1.2865858863771985E-002
  -7.6417003272008408       -3.8527699580125403        1.2781280803604444E-002
  -7.6616764733775522       -3.8670768471242565        1.2713657831295572E-002
  -7.6705807733499496       -3.8477566406750427        1.2715683330635984E-002
  -7.6740914550827410       -3.8452307862788331        1.2710117391333658E-002
  -7.6896671796762917       -3.8677228961772743        1.2643781649635049E-002
  -7.6947001237224439       -3.8632030441941301        1.2636993259731661E-002
  -7.7103825042438725       -3.8842305506658850        1.2572726096055600E-002
  -7.7138068719743149       -3.8817546360601565        1.2567418622121742E-002
  -7.7315652330914340       -3.8972482335403171        1.2505370314453038E-002
  -7.7459255786910797       -3.9224132779810756        1.2440179995917480E-002
  -7.7401853404270247       -3.9243252447863406        1.2451625786972367E-002
  -7.7481057549868577       -3.9100493791359057        1.2449946710805808E-002
  -7.7528725817808990       -3.9058054954656232        1.2443638121820866E-002
  -7.7716009231235077       -3.9191643536771359        1.2382730873522473E-002
  -7.7907084966823996       -3.9318834627860957        1.2322123000690140E-002
  -7.8058219540100549       -3.9507870574840527        1.2263983508010551E-002
  -7.8100864702285033       -3.9471904554586343        1.2258242457424321E-002
  -7.8133260191917540       -3.9448362518163682        1.2253430867960068E-002
  -7.8292884688299127       -3.9608154315159032        1.2197231654215119E-002
  -7.8426344293251447       -3.9858670346701111        1.2136798593683721E-002
  -7.8380879044992628       -3.9874750428167864        1.2145417686073410E-002
  -7.8419539973627757       -3.9843428822520490        1.2140160970044923E-002
  -7.8500894677974298       -3.9651274463840820        1.2143860005244592E-002
  -7.8631067318737928       -3.9907662746774082        1.2083911220496138E-002
  -7.8671153959029416       -3.9874258164400795        1.2078597468624252E-002
  -7.8717444502631615       -3.9831399794017606        1.2072954723299525E-002
  -7.8881964953076125       -3.9967344709094785        1.2019587545905427E-002
  -7.9012324323068315       -4.0195942396608615        1.1963638415952705E-002
  -7.9173081516453463       -4.0331103507415378        1.1911888125272566E-002
  -7.9346407197228794       -4.0449508330482011        1.1859561361891785E-002
  -7.9403364301578536       -4.0380596248261016        1.1854680373988740E-002
  -7.9483098334167313       -4.0165134777106708        1.1861269211150275E-002
  -7.9555328702668193       -4.0027213670160693        1.1860668233849724E-002
  -7.9606851483930114       -3.9972617856955930        1.1855278843751467E-002
  -7.9750787653733788       -4.0126215822515974        1.1805955435593284E-002
  -7.9867158141190471       -4.0420254928117068        1.1747347506900719E-002
  -8.0000606653776689       -4.0593589032615363        1.1698729814435031E-002
  -8.0057855922440346       -4.0520725056512532        1.1694279554662377E-002
  -8.0066270147846126       -4.0516052444523885        1.1692954992678120E-002
  -8.0116266789657633       -4.0462526181432201        1.1687933718195835E-002
  -8.0184004650479075       -4.0342042898732720        1.1686400090230942E-002
  -8.0187037864172463       -4.0340466207516581        1.1685909505825976E-002
  -8.0299029552247934       -4.0640281064625778        1.1628493009462790E-002
  -8.0427036692428580       -4.0814423812600573        1.1581680688332886E-002
  -8.0491038067420497       -4.0709040091168909        1.1579390469341942E-002
  -8.0510019228283500       -4.0696957298889922        1.1576612447970923E-002
  -8.0546933606177369       -4.0665830855259131        1.1572040512287567E-002
  -8.0706347158412619       -4.0775547678876238        1.1525836633289545E-002
  -8.0689112332206410       -4.0782871646956025        1.1528739083997435E-002
  -8.0702123160925705       -4.0775199578763992        1.1526780144247385E-002
  -8.0844258001005205       -4.0902560983381084        1.1482620389492864E-002
  -8.0899000711353306       -4.0832076060574893        1.1478543429386812E-002
  -8.1010544644903817       -4.1067294902527900        1.1429575854113128E-002
  -8.1179039355686573       -4.1163354767070155        1.1383741336174558E-002
  -8.1322404831806345       -4.1280582060545017        1.1341185992512288E-002
  -8.1380886163268062       -4.1191718502933039        1.1338374586245242E-002
  -8.1427747841633487       -4.1140762339790324        1.1333961419477895E-002
  -8.1488209529258508       -4.1041877569592291        1.1331747786550545E-002
  -8.1528719278723560       -4.1003831359578085        1.1327278049313522E-002
  -8.1661603183111229       -4.1131257405402328        1.1286175022129702E-002
  -8.1781629063422621       -4.1287331037346320        1.1244952842341191E-002
  -8.1824253363786621       -4.1244592909288516        1.1240596686549163E-002
  -8.1867319085508274       -4.1200941768982702        1.1236238440552581E-002
  -8.1921115170081933       -4.1127913834612908        1.1232705892385416E-002
  -8.1949803272599908       -4.1106217086480550        1.1229026696771892E-002
  -8.2080577573737905       -4.1228650177837087        1.1189408612057113E-002
  -8.2098217619238287       -4.1217453075277577        1.1186938949882550E-002
  -8.2141976962618397       -4.1171804257908837        1.1182652946965679E-002
  -8.2206444347935506       -4.1033845858867748        1.1183585719166887E-002
  -8.2225597118514955       -4.1021466901635986        1.1180917844550354E-002
  -8.2344138478548352       -4.1164933208749837        1.1141926128401090E-002
  -8.2453217815486664       -4.1341360772203899        1.1101685485784076E-002
  -8.2491198022404006       -4.1306139345012207        1.1097553724478244E-002
  -8.2591804636806163       -4.1535881930759135        1.1053832996811518E-002
  -8.2571118568542747       -4.1544185637849704        1.1057165679059074E-002
  -8.2592104814308165       -4.1529977070206918        1.1054371756095360E-002
  -8.2742364397750237       -4.1619616508349910        1.1015046025387202E-002
  -8.2874916236088865       -4.1724242796076059        1.0977955611012571E-002
  -8.3017920604144120       -4.1816710411517279        1.0940186007539180E-002
  -8.3036047749533228       -4.1804897909317615        1.0937766094401039E-002
  -8.3205186962938225       -4.1880758470819668        1.0896687228687129E-002
  -8.3232126298315094       -4.1860197358944244        1.0893408792175149E-002
  -8.3279483381831607       -4.1800681744234405        1.0889960993817836E-002
  -8.3388570044693324       -4.1943211230989936        1.0854361345370144E-002
  -8.3415241445629107       -4.1922860540464510        1.0851131572992542E-002
  -8.3522953365173862       -4.2065674565490268        1.0815950181436256E-002
  -8.3658941250797607       -4.2156607504919208        1.0780511155655918E-002
  -8.3704194431601930       -4.2101351423720486        1.0777120997951877E-002
  -8.3812094265632027       -4.2236055329206854        1.0743040788613510E-002
  -8.3913852070883372       -4.2390508184657376        1.0708369622853112E-002
  -8.4028026138166449       -4.2504725872645253        1.0675365354971504E-002
  -8.4048980105404549       -4.2490045156393643        1.0672774346324526E-002
  -8.4157779986751731       -4.2613284677803325        1.0640081825439202E-002
  -8.4275494349515334       -4.2716932448797236        1.0607721379876976E-002
  -8.4369836679679917       -4.2893763776194698        1.0572898519908072E-002
  -8.4367407630907092       -4.2894959322185544        1.0573242057424681E-002
  -8.4475912156136843       -4.3011338986749275        1.0541678881576888E-002
  -8.4522759773388394       -4.2944991627017775        1.0539218871318265E-002
  -8.4612083639551550       -4.3148376960876567        1.0503112609191956E-002
  -8.4703338147177885       -4.3328083205629788        1.0469035522238204E-002
  -8.4816035695885539       -4.3429964352127586        1.0438498661798598E-002
  -8.4907369883580550       -4.3598884658172921        1.0405692775390510E-002
  -8.4943024482840865       -4.3562129205944693        1.0402605260066694E-002
  -8.5066460951425267       -4.3647590873221800        1.0371921583460224E-002
  -8.5166583544528169       -4.3769738518876462        1.0342184663036501E-002
  -8.5212122388529661       -4.3702842781098186        1.0340144995451691E-002
  -8.5265268051576566       -4.3589329551120892        1.0341052474505053E-002
  -8.5358173102134511       -4.3733487669146225        1.0310728592714724E-002
  -8.5453505462054995       -4.3864446583491379        1.0281305494072898E-002
  -8.5492179644262336       -4.3819281420461520        1.0278504080639453E-002
  -8.5536393036503195       -4.3756011154610555        1.0276369552714930E-002
  -8.5519315247103265       -4.3763009646839457        1.0278808260676639E-002
  -8.5617242726427829       -4.3880750584926913        1.0250278462066045E-002
  -8.5673441797989902       -4.3717948095708890        1.0255150592373585E-002
  -8.5664377514395138       -4.3722031403048494        1.0256408568112873E-002
  -8.5712701827710429       -4.3637341377631138        1.0255479566786451E-002
  -8.5761103120806741       -4.3552147237131429        1.0254563028388971E-002
  -8.5798073575211919       -4.3511014934741006        1.0251659952761857E-002
  -8.5898751071083890       -4.3616779759935573        1.0223883717807891E-002
  -8.5978430961959607       -4.3841105962127767        1.0189179268993405E-002
  -8.6017993972758564       -4.3791847336018348        1.0186596879416343E-002
  -8.6064796322908421       -4.3712521162347171        1.0185442613080712E-002
  -8.6179344352824394       -4.3793950497396885        1.0157657517060437E-002
  -8.6362953550583530       -4.3846849664123679        1.0120324616389131E-002
  -8.6461061233569296       -4.3949157645322448        1.0093828630104903E-002
  -8.6561717015457074       -4.4044946484173604        1.0067565279541866E-002
  -8.6660225333138783       -4.4143260166281486        1.0041549851775383E-002
  -8.6754029632678726       -4.4250446991370840        1.0015660771182074E-002
  -8.6779898943690501       -4.4228419671731114        1.0013113205761190E-002
  -8.6879454111426568       -4.4321387520295099        9.9875904803281342E-003
  -8.6889276557644042       -4.4315469007519521        9.9864113162912837E-003
  -8.6859488937640048       -4.4325833389815923        9.9906584104793306E-003
  -8.6873041342383974       -4.4317055043993161        9.9890852463539945E-003
  -8.6871702427058146       -4.4317724027593135        9.9892582054616156E-003
  -8.6901903438721249       -4.4288417669090396        9.9866131838024091E-003
  -8.6993970054801508       -4.4393089470646938        9.9614519515812319E-003
  -8.7109531332819756       -4.4464321748385647        9.9352753002757005E-003
  -8.7126119575591492       -4.4452820145747616        9.9334321660143020E-003
  -8.7169094737022270       -4.4383297831880002        9.9321355022175557E-003
  -8.7202733719018184       -4.4346339777809307        9.9295847274687744E-003
  -8.7297828441032035       -4.4439467317330532        9.9051315169078630E-003
  -8.7322353913877304       -4.4418867736111149        9.9027262096539146E-003
  -8.7319816280947755       -4.4420107935979765        9.9030527731404083E-003
  -8.7359257088180140       -4.4365064741107831        9.9010893368622725E-003
  -8.7408686896067653       -4.4241054816225986        9.9033929208492237E-003
  -8.7515921521524955       -4.4315297670407254        9.8786095443646749E-003
  -8.7598856133066132       -4.4436725134421726        9.8539815954220115E-003
  -8.7694095726456869       -4.4523919747234748        9.8302958138463212E-003
  -8.7841418127250765       -4.4576726270793365        9.8008475004971209E-003
  -8.7924428580314622       -4.4690738158785770        9.7771138550943378E-003
  -8.7929118581298216       -4.4688153214268738        9.7765463453742020E-003
  -8.8007428905584213       -4.4820438595899486        9.7521213038190713E-003
  -8.8055509187161594       -4.4696048582572834        9.7546610495182519E-003
  -8.8055434414478544       -4.4696086489034546        9.7546703552912669E-003
