  -2.2000000000000002      -0.29999999999999999       0.10070493454179255     
  -2.6060045942677981       -1.0483148901212112        7.7578170541929517E-002
  -2.7479190982867756      -0.92533580549581951        7.4586201031811780E-002
  -3.0619141480453842       -1.4053912234066677        6.1160423350670630E-002
  -3.3491723004106668       -1.6718209569853058        5.2598523792511419E-002
  -3.7331330764525634       -1.8015103310604694        4.5082162612207502E-002
  -3.8341413965448643       -1.5594360465292387        4.5182462759509809E-002
  -3.9172288050331030       -1.4658638069746242        4.4457409782965876E-002
  -4.1115908612614351       -1.6069094600227942        4.0837432944255798E-002
  -4.2783290531652884       -1.7447352304271302        3.7953256032242762E-002
  -4.3469283675004826       -1.6583038052013466        3.7529426247242197E-002
  -4.4845137707757043       -1.8002806557378859        3.5271036861843422E-002
  -4.6196622232374223       -1.9130453127486911        3.3332198454821285E-002
  -4.6349708572463042       -1.9052865603487503        3.3208169832243908E-002
  -4.7308993216089084       -2.1603147094969861        3.1202836877669320E-002
  -4.7702535911361608       -2.1223005901343153        3.0998640626606906E-002
  -4.9110919121250021       -2.1917742546475707        2.9478787197271594E-002
  -5.0757312146907161       -2.2444351518690744        2.7932542284345899E-002
  -5.1008340725502039       -2.2260947179971819        2.7797849424068342E-002
  -5.1334883867676666       -2.1965580124934090        2.7641436301598380E-002
  -5.2147441516281399       -2.3132323741766623        2.6634988372452831E-002
  -5.2496731492791495       -2.2751316706128861        2.6500390993088031E-002
  -5.2591377805206632       -2.2702379855595387        2.6446273504195077E-002
  -5.3059610502853243       -2.1667337382023115        2.6421504863136165E-002
  -5.3735669990692996       -2.3423485425054369        2.5405329979878179E-002
  -5.3880907122412580       -2.3337200009695542        2.5330711072486706E-002
  -5.4601087319759083       -2.4286818715673246        2.4563215068468001E-002
  -5.5305495581823774       -2.5139196064426255        2.3862492746444228E-002
  -5.5913741616406201       -2.6296500049397626        2.3159661414159455E-002
  -5.6641620165904563       -2.6906401194227132        2.2562018452525111E-002
  -5.7383404802812699       -2.7440526346197260        2.1998146012920727E-002
  -5.7611194694569070       -2.7208412562486575        2.1932963147718587E-002
  -5.7959172822945444       -2.6321822937269408        2.1967863279734833E-002
  -5.8802491094797720       -2.6720065967454509        2.1405507525105404E-002
  -5.9412089370772359       -2.7301727701988456        2.0941615889580704E-002
  -5.9563919208843572       -2.7188963653911014        2.0889472851197143E-002
  -6.0169656966619609       -2.7711590054504636        2.0456926554567503E-002
  -6.0772507729332306       -2.8194301975915135        2.0047245907272752E-002
  -6.1265470367326227       -2.8883994390749415        1.9655080881857807E-002
  -6.1719724942240850       -2.9678068243743141        1.9267406271875315E-002
  -6.1763946466688466       -2.9653682027001773        1.9252517389422765E-002
  -6.2384372077542158       -3.0024793357820494        1.8891813419962464E-002
  -6.3096688830004704       -3.0327159080597603        1.8515334158052229E-002
  -6.3517565543521659       -3.0998654129849155        1.8197045169998833E-002
  -6.4097668908283190       -3.1331923613687538        1.7888445730742993E-002
  -6.4248809958921687       -3.1185496968600441        1.7855724595061122E-002
  -6.4426427216575348       -3.0977980101670424        1.7824041781178357E-002
  -6.4878446334578097       -3.1419066153870188        1.7555037844817500E-002
  -6.5320327177996242       -3.1848951297105041        1.7297743586215317E-002
  -6.5444877919832951       -3.1741842476569824        1.7269437353032616E-002
  -6.5645751244020181       -3.1415832555490200        1.7252328019796551E-002
  -6.6017489157347917       -3.2009761903657630        1.6998321680894261E-002
  -6.6383781099364345       -3.2573541722298827        1.6756475753840955E-002
  -6.6475911762417468       -3.2505111356771623        1.6734639680036974E-002
  -6.6976879703957799       -3.2792504595433862        1.6498244958511207E-002
  -6.7333816929115926       -3.3290141299396971        1.6281139035905626E-002
  -6.7648160731943783       -3.4001380269880737        1.6045266879523061E-002
  -6.8074481709777510       -3.4308408068569869        1.5844842424656665E-002
  -6.8384397511255983       -3.4906896039506963        1.5637419008280858E-002
  -6.8297155835759149       -3.4939551581291632        1.5661035651616861E-002
  -6.8436056685893218       -3.4770558708182673        1.5643367250010663E-002
  -6.8741340802223201       -3.5330194621394648        1.5447368328655975E-002
  -6.8701326566448619       -3.5347752041791032        1.5457537276516839E-002
  -6.8805848900991871       -3.5250269082860060        1.5439660593199175E-002
  -6.9157044314986802       -3.5602152441221726        1.5266686020399585E-002
  -6.9438191826867541       -3.6220193810066728        1.5074850574064940E-002
  -6.9746251150935983       -3.6637871818645507        1.4910077617831908E-002
  -7.0109301533630184       -3.6924720994568583        1.4751984077630053E-002
  -7.0093271925696614       -3.6932575213944605        1.4755613367702045E-002
  -7.0393607031563414       -3.7322292536472688        1.4602348628034952E-002
  -7.0709655586100988       -3.7652135673324310        1.4456008724538413E-002
  -7.0873921515233489       -3.7218955925223671        1.4475208346691578E-002
  -7.1115899056882332       -3.7955227257449375        1.4289653382112780E-002
  -7.1194604616178205       -3.7886256432270229        1.4277473831801809E-002
  -7.1678658397454464       -3.8068733912023336        1.4110226265750540E-002
  -7.2029327864398001       -3.8307242900845311        1.3974933854628925E-002
  -7.2282987383473234       -3.8742502635060747        1.3839275517660841E-002
  -7.2440609732924939       -3.8248317006996864        1.3868518169243307E-002
  -7.2831911786853292       -3.8445127647515274        1.3731519544619930E-002
  -7.2943032691060425       -3.8301382298523539        1.3721784418595303E-002
  -7.3291423673329268       -3.8514102942815502        1.3596250538885590E-002
  -7.3621035848243954       -3.8733922273199628        1.3476410307940064E-002
  -7.3865469237614638       -3.9104918213228683        1.3359514108229231E-002
  -7.4095377074917987       -3.9528196260039778        1.3240467863367517E-002
  -7.4167990490376612       -3.9462129665262875        1.3230750051586297E-002
  -7.4471773798902552       -3.9681934315899650        1.3122152404359306E-002
  -7.4777243567375322       -3.9893118610133040        1.3015584615844792E-002
  -7.5076325521060099       -4.0103347574481107        1.2912000734802288E-002
  -7.5326919526806009       -4.0373810045209684        1.2813630680315213E-002
  -7.5599168419361860       -4.0599228122635465        1.2716932444073962E-002
  -7.5794241467414780       -4.1131771794423404        1.2599870208589157E-002
  -7.6065400606865676       -4.1343828027898093        1.2507414887268916E-002
  -7.6032297885736240       -4.1358702937870619        1.2513369549171561E-002
  -7.6238231584229332       -4.1724810704838493        1.2417381289719313E-002
  -7.6311191265376248       -4.1649522574221978        1.2409903106002195E-002
  -7.6410818794605877       -4.1497274619537476        1.2405967373472009E-002
  -7.6623090240775644       -4.1807372203726709        1.2316857067098589E-002
  -7.6854888445769349       -4.2051165736685823        1.2232454181378947E-002
  -7.6953200526113674       -4.1896363452927607        1.2229273925980010E-002
  -7.7061200582983664       -4.1687989911073879        1.2230445359539264E-002
  -7.7133763206370212       -4.1612128681291400        1.2223165649958685E-002
  -7.7319315973635687       -4.2034681078474936        1.2128281753980190E-002
  -7.7512553971472373       -4.2375757801957619        1.2042532965623886E-002
  -7.7533790261726372       -4.2362167248452351        1.2039428869976354E-002
  -7.7751265060695633       -4.2601694476207523        1.1961488422338153E-002
  -7.7847598397886042       -4.2441306481930852        1.1959557933639472E-002
  -7.7925320436145968       -4.2348803728153186        1.1953462670667223E-002
  -7.7905912113514137       -4.2358091676314027        1.1956660826329537E-002
  -7.7984303255062262       -4.2263640982189292        1.1950619700122570E-002
  -7.8157576566178282       -4.2699506235936715        1.1859787040345841E-002
  -7.8378048183795155       -4.2910793650542667        1.1786261361406267E-002
  -7.8431314212358991       -4.2863468376292175        1.1780300269203632E-002
  -7.8671185851791163       -4.3042447110108100        1.1707123724181177E-002
  -7.8835305472392987       -4.3493674515831078        1.1618848177187842E-002
  -7.9057510388254899       -4.3682846185256121        1.1549636700891291E-002
  -7.9143722590421772       -4.3548052681353111        1.1547128478487186E-002
  -7.9228727172817042       -4.3418695948282151        1.1544178969890082E-002
  -7.9305062494563154       -4.3320462249381722        1.1539408586467540E-002
  -7.9362733156719001       -4.3264746779178926        1.1533650593773854E-002
  -7.9411857148670535       -4.3222169748631112        1.1528176170296462E-002
  -7.9642600183802870       -4.3390334540519042        1.1460444699258363E-002
  -7.9713333425879371       -4.3306315502821731        1.1455209715859730E-002
  -7.9899087369118806       -4.3544051802865793        1.1389588304429788E-002
  -7.9957161360729669       -4.3486471227609451        1.1384048956031846E-002
  -8.0175465034352520       -4.3656904909961227        1.1319861251278129E-002
  -8.0249142766317334       -4.3561681182803609        1.1315359661693603E-002
  -8.0323852957415411       -4.3463275482292820        1.1310966245751930E-002
  -8.0642036290402768       -4.3577427625245155        1.1233266373247158E-002
  -8.0861997732888877       -4.3734963715473150        1.1171424728898732E-002
  -8.0955154902587072       -4.3532834883743217        1.1174626673077743E-002
  -8.0986492535846679       -4.3510288180635310        1.1170741583680656E-002
  -8.1156330920189124       -4.3755543133793990        1.1110003069323249E-002
  -8.1205272528684986       -4.3711590961031934        1.1104942351660962E-002
  -8.1376516662734950       -4.3941201327395980        1.1046102785514524E-002
  -8.1407131385953697       -4.3919066017658723        1.1042396241956491E-002
  -8.1602396201624074       -4.4089428273279152        1.0985596096772979E-002
  -8.1758709959364992       -4.4363352228169859        1.0925864683757835E-002
  -8.1684364348876706       -4.4388115370888315        1.0937759574087262E-002
  -8.1766865043354819       -4.4239414968713655        1.0937393635462605E-002
  -8.1813154386417697       -4.4198203782400309        1.0932697447472783E-002
  -8.2020072186088910       -4.4345797501282247        1.0876845613388680E-002
  -8.2231412595622100       -4.4486477934603617        1.0821278863832733E-002
  -8.2396885995557536       -4.4693448584525575        1.0768028365295505E-002
  -8.2437708109762600       -4.4659020084055427        1.0763794795718595E-002
  -8.2466763854325631       -4.4637905064509491        1.0760429075284865E-002
  -8.2642263158366962       -4.4813588307369407        1.0708929692530303E-002
  -8.2787715754846420       -4.5086616294081505        1.0653474711824575E-002
  -8.2727429032599762       -4.5107938412451372        1.0662624966355082E-002
  -8.2763913732337642       -4.5078379904218480        1.0658792517992148E-002
  -8.2849584987936655       -4.4876030140807295        1.0663354698225901E-002
  -8.2991564605023438       -4.5155673466953692        1.0608239716442348E-002
  -8.3029809536913586       -4.5123803597880210        1.0604333632465291E-002
  -8.3075227202734450       -4.5081753386493233        1.0600117306221768E-002
  -8.3257038307278339       -4.5231985744236765        1.0551119848401661E-002
  -8.3399507430663000       -4.5481819048507921        1.0499708749817583E-002
  -8.3577071376347689       -4.5631110906822920        1.0452242242340953E-002
  -8.3769172124200431       -4.5762341633618426        1.0404239983141727E-002
  -8.3827225794833851       -4.5692102821979486        1.0400662598608201E-002
  -8.3911570595929987       -4.5464181891125293        1.0407837876783430E-002
  -8.3987293688441103       -4.5319591562192096        1.0408284874345213E-002
  -8.4039138453372111       -4.5264654560879425        1.0404240378967703E-002
  -8.4197791946217251       -4.5433957758006649        1.0358923559836824E-002
  -8.4324649162981498       -4.5754494204760698        1.0304901214760890E-002
  -8.4471272430083282       -4.5944940783813308        1.0260268696660824E-002
  -8.4529983309945536       -4.5870216542838405        1.0257046883362160E-002
  -8.4532319050728209       -4.5868919452511348        1.0256756634093117E-002
  -8.4582706815568152       -4.5814974454213413        1.0252996611637104E-002
  -8.4653632269498260       -4.5688821496136152        1.0252513390556661E-002
  -8.4649730715146614       -4.5690849558481030        1.0253012940528895E-002
  -8.4771949695335724       -4.6018044073637716        1.0199976833586146E-002
  -8.4912740372100597       -4.6209577727982820        1.0156925977792540E-002
  -8.4979543847135819       -4.6099580109889962        1.0155692701278763E-002
  -8.4994275081369697       -4.6090202683264385        1.0154002114952924E-002
  -8.5029778526887210       -4.6060265946993848        1.0150623750276174E-002
  -8.5207209490575284       -4.6182383304484569        1.0108074443458306E-002
  -8.5180080056148846       -4.6193912002794875        1.0111710594559052E-002
  -8.5187980436363002       -4.6189253402097430        1.0110774514429953E-002
  -8.5345589948549101       -4.6330481047914667        1.0070104849748776E-002
  -8.5401936955501174       -4.6257930485289576        1.0067161083413831E-002
  -8.5524185905031818       -4.6515723584593802        1.0021949155715026E-002
  -8.5712495865479568       -4.6623080244090911        9.9796977430792293E-003
  -8.5871710266330208       -4.6753266909661289        9.9405371078506808E-003
  -8.5932594478832094       -4.6660752126052722        9.9387409967305867E-003
  -8.5980033250642443       -4.6609168446594893        9.9354388219961877E-003
  -8.6043270572702895       -4.6505744140964049        9.9342070886110218E-003
  -8.6083378201146612       -4.6468075597586420        9.9308514295924997E-003
  -8.6230769727077519       -4.6609413402371151        9.8929747663481574E-003
  -8.6363268391946288       -4.6781705809643226        9.8549915592241050E-003
  -8.6405964860393762       -4.6738895320777925        9.8517167869902698E-003
  -8.6449194052824652       -4.6695078487605963        9.8484389192822746E-003
  -8.6504909306165754       -4.6619445290568748        9.8459386162203927E-003
  -8.6531466172376916       -4.6599360391715399        9.8432995661198400E-003
  -8.6676743471173108       -4.6735371432422674        9.8067551423668981E-003
  -8.6690526367130207       -4.6726622673832718        9.8052437112339397E-003
  -8.6734695063009024       -4.6680546828633815        9.8020180744787209E-003
  -8.6802980015572295       -4.6534418942604514        9.8037202214461983E-003
  -8.6818532391195671       -4.6524367018685968        9.8020243070127428E-003
  -8.6949862854500477       -4.6683311513473136        9.7659967332425941E-003
  -8.7070205521958091       -4.6877956660712314        9.7287966494804829E-003
  -8.7107806235703791       -4.6843087161332511        9.7256919906236142E-003
  -8.7218364730485849       -4.7095555596121370        9.6851976590802621E-003
  -8.7187742971317554       -4.7107847642898619        9.6891227205464277E-003
  -8.7205640162392299       -4.7095730494703378        9.6872645778005341E-003
  -8.7374182245283123       -4.7196276611414847        9.6508922440024635E-003
  -8.7522117241485216       -4.7313045187931051        9.6166373198140406E-003
  -8.7682253740722320       -4.7416590558124483        9.5817465295223968E-003
  -8.7696989433565360       -4.7406988086230220        9.5802100679832462E-003
  -8.7887663713649342       -4.7492507331944909        9.5421853320330867E-003
  -8.7912725847493682       -4.7473378970736233        9.5398281883608913E-003
  -8.7961590689921092       -4.7411968492750347        9.5373105469245805E-003
  -8.8082434794196001       -4.7569859913276868        9.5044323474775469E-003
  -8.8107256881294038       -4.7550920277749515        9.5021096605848107E-003
  -8.8226574945899596       -4.7709122760228944        9.4696172301080121E-003
  -8.8378878708346136       -4.7810965867369166        9.4368871125417482E-003
  -8.8425463688787094       -4.7754083601501129        9.4343938171805516E-003
  -8.8545106158522930       -4.7903447204145380        9.4029360536707664E-003
  -8.8657615450481799       -4.8074219179472886        9.3709265808442702E-003
  -8.8784619688259347       -4.8201271939778332        9.3404944826447137E-003
  -8.8803038388257942       -4.8188367476135223        9.3387262972284418E-003
  -8.8923853473310928       -4.8325216828144058        9.3085789565570589E-003
  -8.9055081608322002       -4.8440763507124096        9.2787488163019027E-003
  -8.9159102945603124       -4.8635736761621713        9.2466046571449238E-003
  -8.9150434098677280       -4.8640003454536007        9.2475714967872064E-003
  -8.9271022229890526       -4.8769343739941151        9.2184893813664574E-003
  -8.9319804528212874       -4.8700256412021297        9.2168086394348158E-003
  -8.9418110492089511       -4.8924093468590675        9.1834402614239165E-003
  -8.9518689419389883       -4.9122162164555467        9.1519923406445537E-003
  -8.9644267337875903       -4.9235687458200958        9.1238814830693418E-003
  -8.9744989467596028       -4.9421970529274812        9.0936418910601870E-003
  -8.9780911526620066       -4.9384939359333506        9.0913353009101777E-003
  -8.9919082396471808       -4.9480602440447861        9.0630842712726232E-003
  -9.0030125417463829       -4.9616072798937463        9.0357269513623630E-003
  -9.0077642682801837       -4.9546270796016874        9.0343910402252547E-003
  -9.0134036989068278       -4.9425818825157428        9.0358265358754380E-003
  -9.0236781092632476       -4.9585243921199718        9.0078947270066205E-003
  -9.0342375160617987       -4.9730299435572878        8.9808145656387044E-003
  -9.0381997261593146       -4.9684027257391206        8.9787498184758629E-003
  -9.0428088596966703       -4.9618069616624245        8.9773117873247280E-003
  -9.0402753211546223       -4.9628452078535990        8.9801745229949187E-003
  -9.0511511863582328       -4.9759215637489822        8.9539035240663572E-003
  -9.0571641443131963       -4.9585026901729279        8.9590504970835875E-003
  -9.0555657927902722       -4.9592227206570358        8.9608013652467313E-003
  -9.0606638530223940       -4.9502881943075234        8.9604945774467704E-003
  -9.0657726685717250       -4.9412958488172762        8.9602010387395594E-003
  -9.0695481870575563       -4.9370953116440566        8.9580358133641760E-003
  -9.0807683746133758       -4.9488824659153616        8.9324162009143046E-003
  -9.0895376702075925       -4.9735710385894896        8.9002730157611096E-003
  -9.0936244966188742       -4.9684826631068839        8.8983942359435794E-003
  -9.0985584269531365       -4.9601200528250491        8.8978613825970946E-003
  -9.1114105201733047       -4.9692562850735031        8.8722241158946513E-003
  -9.1323331210986254       -4.9752842410158777        8.8375945854467820E-003
  -9.1432675970258810       -4.9866868562192801        8.8131826198012599E-003
  -9.1545014956652633       -4.9973775695221452        8.7889927900821792E-003
  -9.1654864547723083       -5.0083408242303182        8.7650392916219007E-003
  -9.1759240541553613       -5.0202674965141147        8.7412077011496045E-003
  -9.1784337468529618       -5.0181305318604217        8.7393275270942188E-003
  -9.1895480990038241       -5.0285094748238608        8.7158348793028306E-003
  -9.1901884951286803       -5.0281236042817898        8.7152355692447052E-003
  -9.1862035719046062       -5.0295101288752475        8.7197407838001308E-003
  -9.1872798944391967       -5.0288129587711969        8.7187704385342946E-003
  -9.1866165123622956       -5.0291444149293314        8.7194436314392779E-003
  -9.1896398928188994       -5.0262105969321125        8.7174629383778464E-003
  -9.1998986030241205       -5.0378738656015170        8.6942680924264690E-003
  -9.2129058633395342       -5.0458915752988860        8.6701200848927767E-003
  -9.2143449585756443       -5.0448937660799240        8.6688837068208749E-003
  -9.2188701017936641       -5.0375732949839440        8.6681619908981523E-003
  -9.2223046417531336       -5.0337998777757349        8.6662589278945473E-003
  -9.2329312212859804       -5.0442066299535950        8.6437117744344490E-003
  -9.2353035325284178       -5.0422140641659929        8.6419403349480371E-003
  -9.2345097293735794       -5.0426020141160723        8.6427431779329805E-003
  -9.2386297061402942       -5.0368522158753324        8.6413873353951669E-003
  -9.2439207474854097       -5.0235780060858168        8.6440579142249736E-003
  -9.2559854289393932       -5.0319308714230315        8.6211657103303727E-003
  -9.2652050387074141       -5.0454296243867196        8.5984238510081815E-003
  -9.2758672563499367       -5.0551911941915559        8.5765741703739996E-003
  -9.2926294229596031       -5.0611994573015577        8.5492955537870979E-003
  -9.3018627349955132       -5.0738810811065411        8.5274086578240038E-003
  -9.3019306359200016       -5.0738436567812428        8.5273444172485058E-003
  -9.3106180130222000       -5.0885187715354308        8.5048021164459871E-003
  -9.3157683797510469       -5.0751940952852035        8.5076598487026350E-003
  -9.3152810264142403       -5.0754411619925390        8.5081355599277587E-003
  -9.3263243952988368       -5.0841176906217642        8.4869053410950874E-003
  -9.3394928475741033       -5.0910891741397979        8.4641527654027542E-003
  -9.3420941648758475       -5.0887136801476975        8.4624040135153414E-003
  -9.3419909234881313       -5.0887690298684518        8.4625018119614016E-003
  -9.3495839457187611       -5.1117845206910522        8.4356108304861135E-003
  -9.3479034730001036       -5.1125120465030385        8.4373177363068989E-003
  -9.3567187913308398       -5.1251833449019877        8.4163967971832669E-003
  -9.3592351901495086       -5.1229006475417620        8.4147180750996798E-003
  -9.3617025403320291       -5.1206902987632086        8.4130509459154918E-003
  -9.3666211724493280       -5.1086499699689636        8.4152490007986750E-003
  -9.3695017154897915       -5.1057678812113272        8.4135121371048237E-003
  -9.3781329161135112       -5.1186581978729428        8.3927794785781714E-003
  -9.3818129732267757       -5.1138179084948003        8.3914054769189741E-003
  -9.3819887406956628       -5.1137193441475048        8.3912442284208057E-003
  -9.3916429458019497       -5.1234898607068953        8.3714859918719610E-003
  -9.3924739156403785       -5.1229669422308124        8.3707676471078581E-003
  -9.4031399191485399       -5.1311544125074020        8.3508850883221332E-003
  -9.4137025297021104       -5.1393620912054665        8.3311923542074770E-003
  -9.4235680331771334       -5.1483741660370264        8.3119030978665315E-003
  -9.4266950381797585       -5.1448958292098865        8.3103046179940094E-003
  -9.4362129020683962       -5.1543261271050369        8.2912420307799158E-003
  -9.4436917448602209       -5.1725220235086846        8.2686792995367211E-003
  -9.4458747027699133       -5.1706551795564897        8.2671804653730984E-003
  -9.4494985569702123       -5.1657247161240125        8.2659838314874182E-003
  -9.4565559838277959       -5.1890665872144250        8.2404318635333415E-003
  -9.4593135080880142       -5.1862729793467821        8.2388583813086114E-003
  -9.4597438800674034       -5.1860188120809187        8.2384846620611515E-003
  -9.4599210292058302       -5.1859187410404592        8.2383276300684542E-003
  -9.4599461073373998       -5.1859049354640918        8.2383051457409102E-003
  -9.4598477088816431       -5.1859580046861753        8.2383941409312229E-003
  -9.4683111711226982       -5.1971193334314423        8.2196983463681574E-003
  -9.4726064661055283       -5.1886388110214305        8.2201523860268039E-003
  -9.4734559999780519       -5.1880959003400591        8.2194455415099139E-003
  -9.4768261109570826       -5.1838277085017248        8.2181219173917651E-003
  -9.4802231954381764       -5.1794779228806442        8.2168172630221765E-003
  -9.4834850600078848       -5.1755119650928947        8.2154138706542184E-003
  -9.4852068134527716       -5.1741866629522235        8.2141355537506556E-003
  -9.4867989919180697       -5.1729977571081127        8.2129276454358663E-003
  -9.4905323803328443       -5.1674553085783428        8.2120145577436483E-003
  -9.4996334556150082       -5.1765653187093497        8.1940438545925511E-003
  -9.5080829505412616       -5.1870283405097410        8.1760196030589948E-003
  -9.5174707153083347       -5.1954582576719757        8.1582680955956284E-003
  -9.5142894423589439       -5.1965806546619691        8.1615227981268086E-003
  -9.5137328725921773       -5.1968580669322142        8.1620362074852956E-003
  -9.5167192859634788       -5.1934968002991981        8.1605769800685221E-003
  -9.5259405133307045       -5.2020098513478459        8.1430274461901410E-003
  -9.5357904125434469       -5.2096146808568600        8.1253656876973356E-003
  -9.5380336595984048       -5.2076037018037793        8.1239241320389122E-003
  -9.5407176739801365       -5.2048495083884863        8.1224374835996687E-003
  -9.5434802488017869       -5.2019387376450208        8.1209579730315857E-003
  -9.5440301327268706       -5.2016071389160086        8.1204933087914103E-003
  -9.5460544407670884       -5.1998986503323472        8.1191171025102263E-003
  -9.5480153875059912       -5.1982713491832602        8.1177645493065095E-003
  -9.5478684977268067       -5.1983493118571360        8.1178959813635754E-003
  -9.5496796218012943       -5.1969031969849082        8.1166074870465954E-003
  -9.5601510148314972       -5.2036735030224337        8.0988247523704412E-003
  -9.5707865590251799       -5.2102600903198555        8.0810192930414852E-003
  -9.5717845603180454       -5.2095998621043220        8.0802210556944632E-003
  -9.5747922887027332       -5.2060840006198381        8.0788523135065047E-003
  -9.5830231585492633       -5.2157263025825840        8.0620368108035058E-003
  -9.5859129073882077       -5.2124744524349840        8.0606407689203900E-003
  -9.5933788608703239       -5.2245710288282083        8.0431718598601536E-003
  -9.5965354526595075       -5.2205975579431900        8.0419382863699835E-003
  -9.5976296473023357       -5.2198563754355307        8.0410805665765243E-003
  -9.5968917210400733       -5.2202106153690195        8.0417573348615084E-003
  -9.5961513335408544       -5.2205659051781401        8.0424364766897190E-003
  -9.6043686946593727       -5.2298102180574952        8.0260163036060921E-003
  -9.6013615991289960       -5.2308698485592959        8.0290237047905937E-003
  -9.6054710117159932       -5.2220659647790333        8.0298681353661513E-003
  -9.6147739857799195       -5.2294068011611436        8.0134257390211665E-003
  -9.6186482069175945       -5.2222303952109188        8.0134572469088214E-003
  -9.6176714206838252       -5.2226805003621930        8.0143620467768139E-003
  -9.6197518085283473       -5.2208584834521874        8.0130138934325877E-003
  -9.6222552118183788       -5.2183526814179739        8.0116007935248194E-003
  -9.6248300785375491       -5.2157107849667588        8.0101894073731448E-003
  -9.6322747409346920       -5.2267724677956791        7.9936136069680298E-003
  -9.6319216747927090       -5.2269523573247003        7.9939280619690800E-003
  -9.6401273592450423       -5.2356392608382425        7.9780460784067888E-003
  -9.6501575090178200       -5.2419973038422292        7.9615250903883120E-003
  -9.6579003919828690       -5.2515688080711831        7.9457139335372406E-003
  -9.6585245216550621       -5.2511846700132905        7.9452075368344928E-003
  -9.6601002366257003       -5.2499703094190044        7.9440910864643204E-003
  -9.6635547595255069       -5.2446591469716299        7.9433959856210889E-003
  -9.6644968723968478       -5.2440382656735691        7.9426580041498853E-003
  -9.6760288975041089       -5.2494196392719354        7.9250642836598186E-003
  -9.6829044740333856       -5.2620598405906360        7.9083946718024427E-003
  -9.6938497240078938       -5.2676126578795088        7.8915096973647438E-003
  -9.6955275830575207       -5.2662741159025233        7.8903619575590739E-003
  -9.7036414563839468       -5.2743785827485237        7.8752728804328299E-003
  -9.7132742198864150       -5.2806095743632122        7.8596249883379505E-003
  -9.7286494513131494       -5.2848975006328072        7.8384181129157304E-003
  -9.7320095906605850       -5.2797158145139944        7.8377639449088241E-003
  -9.7407233937949194       -5.2866546173973514        7.8228647287256793E-003
  -9.7526157458865370       -5.2916052276865502        7.8055116417256364E-003
  -9.7544153392554023       -5.2901027569392216        7.8043416710921101E-003
  -9.7619904647982345       -5.2987418956282690        7.7897925410531244E-003
  -9.7690931393215461       -5.3086500539611032        7.7750252191087473E-003
  -9.7772783460114425       -5.3159721644893789        7.7606773549157874E-003
  -9.7788313703050882       -5.3147551217119338        7.7596275364227108E-003
  -9.7791753255470493       -5.3145545667678977        7.7593508538116637E-003
  -9.7858383477951190       -5.3259881578058952        7.7442068631654055E-003
  -9.7879833425668590       -5.3239553632185599        7.7429874137357477E-003
  -9.7940077576749403       -5.3405870064119556        7.7253211074312690E-003
  -9.7970794248810424       -5.3362545056915964        7.7244904503675762E-003
  -9.8055896768837076       -5.3428660295136714        7.7103495353349075E-003
  -9.8143348102968915       -5.3491789340716460        7.6961626979936562E-003
  -9.8126987942194468       -5.3498496032757794        7.6976398827602504E-003
  -9.8159296945525707       -5.3447970748974418        7.6970839377382217E-003
  -9.8184996757152962       -5.3418903711325507        7.6959349273799478E-003
  -9.8280170044102810       -5.3475032998333045        7.6813346233198165E-003
  -9.8262890349005652       -5.3481995338747543        7.6828994233847465E-003
  -9.8270537436172383       -5.3477068587934360        7.6823233945380997E-003
  -9.8273475635035865       -5.3475368158957295        7.6820899140354762E-003
  -9.8374158151034052       -5.3527650371593856        7.6671333404552192E-003
  -9.8455396857012865       -5.3594738253805829        7.6535330460006370E-003
  -9.8427993453873981       -5.3604290203415266        7.6560944693738180E-003
  -9.8446139199796132       -5.3588549677192505        7.6549896297276694E-003
  -9.8505135554719470       -5.3740440587048273        7.6386627241808733E-003
  -9.8512772024769628       -5.3735495322325262        7.6380950147348038E-003
  -9.8573174365282803       -5.3868596208573019        7.6228248452463905E-003
  -9.8634699639959269       -5.3990255771585058        7.6081778131764314E-003
  -9.8699228667456929       -5.4092818797594413        7.5944152215047748E-003
  -9.8707651386363136       -5.4087215465816758        7.5938059128821400E-003
  -9.8786952941491890       -5.4152993172334902        7.5806914912193218E-003
  -9.8859363026162015       -5.4229050070205282        7.5677520811291343E-003
  -9.8976383514857265       -5.4272757839183221        7.5518110477244991E-003
  -9.8995753080183224       -5.4254747415277906        7.5507390342602282E-003
  -9.9067323890610322       -5.4330518056076649        7.5379877712988966E-003
  -9.9076557915763654       -5.4324215229061972        7.5373373185587799E-003
  -9.9152438935113327       -5.4391672124712178        7.5246469000479488E-003
  -9.9187736717305324       -5.4312699825849799        7.5255436834306168E-003
  -9.9279005262382309       -5.4365167485316945        7.5120799946510157E-003
  -9.9306034187938543       -5.4329896525134753        7.5112145724034549E-003
  -9.9316003907461603       -5.4322954654874716        7.5105229742592839E-003
  -9.9292159547605561       -5.4331574487644154        7.5126665808971796E-003
  -9.9363101019942839       -5.4405173222985672        7.5002163525220685E-003
  -9.9436259220803294       -5.4474134894768707        7.4878317004653094E-003
  -9.9468913554771792       -5.4412840292083100        7.4879321009510835E-003
  -9.9487500835248994       -5.4395798744110193        7.4868984461195828E-003
  -9.9542269056328188       -5.4553585838997565        7.4711852875491988E-003
  -9.9609997891269479       -5.4631207208555344        7.4589456938404363E-003
  -9.9678740645908590       -5.4705756123054137        7.4468086985319225E-003
  -9.9708301510213584       -5.4659427969037226        7.4463499112027770E-003
  -9.9776474652424163       -5.4734198353489845        7.4342934672478427E-003
  -9.9807263527908532       -5.4681455294218884        7.4340867444645971E-003
  -9.9871860214194115       -5.4764288201193523        7.4219678102082484E-003
  -9.9887435852695017       -5.4751241100201522        7.4210411004659027E-003
  -9.9976388286761324       -5.4801267779565235        7.4082540528003921E-003
  -10.003817160848479       -5.4891245452818884        7.3960751924248063E-003
  -10.012811554580070       -5.4940057229927639        7.3833162419983198E-003
  -10.015224511665894       -5.4911185123634842        7.3824108630272216E-003
  -10.016959763237207       -5.4895594835674553        7.3814495165155846E-003
  -10.022495207519940       -5.5019602885923771        7.3680034775179155E-003
  -10.022537229402930       -5.5019369992648430        7.3679716621199882E-003
  -10.025201929456605       -5.4982598894439789        7.3672675031971257E-003
  -10.026168507718772       -5.4975814472555493        7.3666205187479386E-003
  -10.033237322046400       -5.5040351524149704        7.3550906952622079E-003
  -10.043722394804920       -5.5081965240778397        7.3412497778156107E-003
  -10.049704402988112       -5.5172057377184354        7.3294375167393157E-003
  -10.049987847291476       -5.5170393345604980        7.3292301066230506E-003
  -10.052440752116034       -5.5139654595330327        7.3284028727936268E-003
  -10.054611216541536       -5.5115952476217993        7.3274626787621054E-003
  -10.063486203565240       -5.5162859130857429        7.3151195960919043E-003
  -10.066098773385118       -5.5126898792099093        7.3144277980296876E-003
  -10.072590116602992       -5.5198498435842360        7.3032247983910057E-003
  -10.075330139673984       -5.5157492366218497        7.3026939669267564E-003
  -10.076634540586648       -5.5147261985728626        7.3018940267449706E-003
  -10.078824565946737       -5.5122923393178134        7.3009716009167199E-003
  -10.081929312496234       -5.5062223656001033        7.3012001798153977E-003
  -10.088174101341393       -5.5138090886617794        7.2900459105790334E-003
  -10.097345805717664       -5.5182211675594655        7.2776412856804555E-003
  -10.104104772138415       -5.5245934359843787        7.2666990369813960E-003
  -10.109608711914207       -5.5349495721489381        7.2547957879191003E-003
  -10.115064620935021       -5.5454657288692921        7.2428749111888083E-003
  -10.121224831661012       -5.5528854612875493        7.2320317601070215E-003
  -10.130185168974768       -5.5572603140780199        7.2200188376114307E-003
  -10.136667468757592       -5.5638264662167147        7.2093795131072834E-003
  -10.137492606287331       -5.5632625457392031        7.2088361966066716E-003
  -10.143688542732086       -5.5703496765996530        7.1982210895485659E-003
  -10.145415735631298       -5.5687315042209953        7.1973394077110018E-003
  -10.151869955299222       -5.5751952293003564        7.1868372276591803E-003
  -10.158064772760108       -5.5821288873124368        7.1763582880456584E-003
  -10.158938559168014       -5.5815203524349881        7.1757939296856980E-003
  -10.165447845014182       -5.5877617695651089        7.1654071149545836E-003
  -10.165177139608462       -5.5879014074963003        7.1656095696221705E-003
  -10.167762788497846       -5.5840867547220530        7.1650983755239383E-003
  -10.170363234492198       -5.5802111484826291        7.1646045434093884E-003
  -10.173461872021768       -5.5733253392155806        7.1653110885424092E-003
  -10.176251829717268       -5.5685733530678743        7.1651145224389482E-003
  -10.177611385391268       -5.5674616264506787        7.1643295353438843E-003
  -10.174742302903461       -5.5683855002440410        7.1667994741232803E-003
  -10.178185443358274       -5.5566779544423914        7.1698912789310964E-003
  -10.179625888090349       -5.5554664001265239        7.1690759825608283E-003
  -10.186041988511619       -5.5616676053743541        7.1588316694950020E-003
  -10.195255120744291       -5.5656796550227075        7.1469402408971565E-003
  -10.201367530247417       -5.5723493424341344        7.1367920583263120E-003
  -10.206839619827440       -5.5809539588601025        7.1262315369838743E-003
  -10.209514428448120       -5.5766420280049385        7.1259015094931434E-003
  -10.215109933193268       -5.5846137466745409        7.1155951809933555E-003
  -10.217074551582787       -5.5825188104293195        7.1147473522917377E-003
  -10.219441782902271       -5.5793814385216898        7.1140711925032334E-003
  -10.227931431182501       -5.5835585039651026        7.1029433234075894E-003
  -10.233570434353730       -5.5911452399417998        7.0928591265018749E-003
  -10.235001659410296       -5.5899273637401086        7.0920704766350880E-003
  -10.237770386304938       -5.5849998858928283        7.0919890304799796E-003
  -10.245955262803943       -5.5892510290173627        7.0811837594052067E-003
  -10.247179912989090       -5.5882859841776042        7.0804662785580218E-003
  -10.249702033823571       -5.5845237064940214        7.0799820068008354E-003
  -10.255865187578507       -5.5906124656815397        7.0702497940135257E-003
  -10.258182734064382       -5.5875668594993249        7.0695751181616973E-003
  -10.266465356584076       -5.5916936370427646        7.0587895484743399E-003
  -10.273180283827950       -5.5969007716647736        7.0490279650344727E-003
  -10.275047523058120       -5.5949637926943563        7.0481987540745280E-003
  -10.283326962203299       -5.5990351732435961        7.0374953672859165E-003
  -10.288156366505712       -5.6103182312618953        7.0263288871523447E-003
  -10.287479339372625       -5.6106328463654007        7.0268423645285689E-003
  -10.290124494152776       -5.6061478358700896        7.0266387630135525E-003
  -10.295783965203757       -5.6129639371417195        7.0171237374190530E-003
  -10.296509882817130       -5.6124772464342616        7.0166567273081404E-003
  -10.297563719280518       -5.6116887102261845        7.0160240296606863E-003
  -10.295904284471941       -5.6123219979843464        7.0173565703877880E-003
  -10.302657511891798       -5.6172777858394882        7.0077791203618954E-003
  -10.309141146323300       -5.6224902684391864        6.9983517765009684E-003
  -10.314856831882230       -5.6289338814458141        6.9890399502031322E-003
  -10.320400167384232       -5.6357572265807541        6.9797104429385288E-003
  -10.326250700071814       -5.6418090064114299        6.9705130797597598E-003
  -10.331680632439372       -5.6488347118319551        6.9612210697749290E-003
  -10.334267292649415       -5.6444211024960502        6.9610460530603281E-003
  -10.340208987068115       -5.6501949911850833        6.9519455292367111E-003
  -10.342705962255565       -5.6462011975607052        6.9516299878498566E-003
  -10.349142866246986       -5.6512326117863418        6.9424587036598841E-003
  -10.350645707015397       -5.6498701532394664        6.9417015419245475E-003
  -10.353215935096152       -5.6454753780932050        6.9415293663776601E-003
  -10.357816346755818       -5.6569136759501006        6.9307258518329440E-003
  -10.359266577711464       -5.6556242574967301        6.9299834088808344E-003
  -10.361253597032370       -5.6533210058334644        6.9292571249848370E-003
  -10.362719071705660       -5.6520091180392891        6.9285111000156781E-003
  -10.365183819898714       -5.6480853697610760        6.9281870702975496E-003
  -10.367001399627540       -5.6461617597706875        6.9274212382310144E-003
  -10.368133927462729       -5.6452773803005689        6.9267735793835279E-003
  -10.367180521390798       -5.6456910364299961        6.9274980887138373E-003
  -10.368319770909791       -5.6447985465910797        6.9268480615113674E-003
  -10.369646627548057       -5.6436778951428188        6.9261348527498868E-003
  -10.370880252117360       -5.6426747104472827        6.9254506701712263E-003
  -10.377892948091748       -5.6470014966438198        6.9161416741975413E-003
  -10.382927907486495       -5.6547190736841531        6.9069817555865382E-003
  -10.388067820566098       -5.6619445268032447        6.8979994063562370E-003
  -10.393934035914802       -5.6673806917121281        6.8892790852863066E-003
  -10.396604593803220       -5.6620848957454530        6.8894915420447964E-003
  -10.395754862072716       -5.6624608827014491        6.8901281099504087E-003
  -10.397781529558525       -5.6600027012577323        6.8894488774478360E-003
  -10.399802107441962       -5.6575599198803159        6.8887665570231639E-003
  -10.404752904427019       -5.6652969734875569        6.8797332530387070E-003
  -10.410986988908387       -5.6701280195021582        6.8710104326132294E-003
  -10.415986556022867       -5.6775020120206925        6.8621555230154079E-003
  -10.417637312166574       -5.6758557616503733        6.8614162666260350E-003
  -10.426407363927812       -5.6792418386541401        6.8510156979739610E-003
  -10.429015351176261       -5.6741831286518565        6.8511585288385185E-003
  -10.429102876062608       -5.6741343299601201        6.8510988321320333E-003
  -10.437464761941358       -5.6776095687134411        6.8410719950980671E-003
  -10.438865428865277       -5.6763647441092191        6.8403650528614610E-003
  -10.443688438068799       -5.6841466636870734        6.8315272928058338E-003
  -10.445777753906571       -5.6814333257898895        6.8309296905040224E-003
  -10.447412340192614       -5.6798025220492514        6.8302007379046435E-003
  -10.453083784611795       -5.6851228122469095        6.8218602583308384E-003
  -10.457981225871741       -5.6923666510904543        6.8132696329787903E-003
  -10.459903590298001       -5.6900998218886381        6.8126007915553831E-003
  -10.458277885058727       -5.6907073441592315        6.8138584374860854E-003
  -10.460103137408661       -5.6886723532219214        6.8131609465141452E-003
  -10.462721531502700       -5.6832980395203370        6.8134549009159244E-003
  -10.464637416488461       -5.6810450091950351        6.8127822861851865E-003
  -10.470614494221586       -5.6858160805034954        6.8044674578822727E-003
  -10.471286529945214       -5.6853658724101130        6.8040528917450377E-003
  -10.476510504832994       -5.6913539407809237        6.7958428615994097E-003
  -10.475636850321045       -5.6917345041180516        6.7964882424330214E-003
  -10.477593362436860       -5.6893519269284321        6.7958472037773074E-003
  -10.477727498670383       -5.6892762135229509        6.7957571769433778E-003
  -10.484942876139261       -5.6930223999743141        6.7868144959995578E-003
  -10.491424407650298       -5.6971979491147087        6.7783719510770730E-003
  -10.497152313446776       -5.7021122462927245        6.7702840238943749E-003
  -10.503103635881795       -5.7067230148238544        6.7621539811969361E-003
  -10.504761747705265       -5.7050062875071292        6.7614570605417906E-003
  -10.505104235539994       -5.7048000229068245        6.7612356961861330E-003
  -10.504796543167869       -5.7049535532961908        6.7614511473765024E-003
  -10.506214451264647       -5.7036541766956175        6.7607669393199262E-003
  -10.508276889567062       -5.7009026446355033        6.7602202664748950E-003
  -10.508179428965025       -5.7009540760005253        6.7602870751389404E-003
  -10.513078681424759       -5.7074205567812513        6.7522185006517370E-003
  -10.518685977226296       -5.7123354425074835        6.7442920793910153E-003
  -10.520855008306992       -5.7091685352610915        6.7438616061909675E-003
  -10.522659653049065       -5.7071158509428033        6.7432003038664107E-003
  -10.524675124932223       -5.7044850495719306        6.7426365747987735E-003
  -10.534508571197785       -5.7073599289590842        6.7317479403954930E-003
  -10.541030530563111       -5.7112915806329214        6.7234947123263620E-003
  -10.545368619383408       -5.7201191034569776        6.7148090778328734E-003
  -10.546463933090028       -5.7192445248469879        6.7142185787497193E-003
  -10.546667456729146       -5.7191271566244675        6.7140855729635931E-003
  -10.548686963537985       -5.7164415363463812        6.7135495992950468E-003
  -10.555688150600652       -5.7200388013035477        6.7050465218736772E-003
  -10.560124413926669       -5.7279099179750830        6.6967942194103621E-003
  -10.561993919665195       -5.7256480440432922        6.6961851882660177E-003
  -10.563540956353627       -5.7241038972486828        6.6955125881049621E-003
  -10.569784546253086       -5.7281054822014079        6.6875524382147824E-003
  -10.571724285001979       -5.7256330742238175        6.6869849161438075E-003
  -10.570688447567484       -5.7260622425664716        6.6877445175001415E-003
  -10.574726465159358       -5.7370904571354782        6.6782848018784886E-003
  -10.576307473330901       -5.7354699127253852        6.6776226470310817E-003
  -10.576938663654769       -5.7350483316259977        6.6772429360092492E-003
  -10.578048289264510       -5.7341490968472888        6.6766562140453912E-003
  -10.579773735077868       -5.7322205543733968        6.6760146551828516E-003
  -10.586138098268865       -5.7360470441310838        6.6680644917767283E-003
  -10.586659222775733       -5.7357124565869890        6.6677445794193369E-003
  -10.589237268852083       -5.7295668362168826        6.6684501629246818E-003
  -10.594391495303688       -5.7346803096919103        6.6609964086512879E-003
  -10.596947532749004       -5.7287086020514186        6.6616305069095378E-003
  -10.602031714613730       -5.7339065613047415        6.6542117154713724E-003
  -10.600947202373488       -5.7343485885441838        6.6550055298377703E-003
  -10.602430274330473       -5.7328969534942882        6.6543501210919228E-003
  -10.603682836093711       -5.7318078357589455        6.6537269086866030E-003
  -10.609651384573324       -5.7358237477502767        6.6460914059071176E-003
  -10.613737984365503       -5.7451124880331195        6.6375608957227276E-003
  -10.618486439416998       -5.7509200004916039        6.6301858320420111E-003
  -10.624289551405999       -5.7550151549900965        6.6227039259062837E-003
  -10.624112003904038       -5.7551063841692836        6.6228233393016622E-003
  -10.630538465034565       -5.7587188993716945        6.6150169924322237E-003
  -10.637348646245600       -5.7621154412797706        6.6069765719595731E-003
  -10.635499640220466       -5.7627542653127799        6.6083724807607441E-003
  -10.637530028456592       -5.7598292718037500        6.6079581153608968E-003
  -10.641664109440379       -5.7680840586723967        6.5999713720169108E-003
  -10.643400788135086       -5.7660575310747095        6.5993794035713090E-003
  -10.650594141866732       -5.7692524198422888        6.5911136510645278E-003
  -10.652690871916040       -5.7660194118712109        6.5907933364317117E-003
  -10.654907683684090       -5.7621944031486780        6.5906569675170858E-003
  -10.655712326730969       -5.7616147747630899        6.5902023065671882E-003
  -10.659870194654697       -5.7693926880858131        6.5824670587587572E-003
  -10.661791643966721       -5.7668101564860184        6.5819828559216739E-003
  -10.664392030522297       -5.7594476554325000        6.5832570336967879E-003
  -10.670780076374072       -5.7629411961452481        6.5756146276582678E-003
  -10.672141810797934       -5.7616627918353727        6.5749950629042236E-003
  -10.676846729142044       -5.7670825362100162        6.5679591271259798E-003
  -10.681189984708404       -5.7736154512375535        6.5607131236973901E-003
  -10.683045806003580       -5.7712143568682146        6.5601997484364405E-003
  -10.687283427243269       -5.7781428780672037        6.5528668645945141E-003
  -10.691268019077738       -5.7866172197972876        6.5450101685958330E-003
  -10.696921923802524       -5.7905174993565129        6.5379034619589167E-003
  -10.696326692168080       -5.7907886483230584        6.5383135616458128E-003
  -10.698046309860223       -5.7887450455977039        6.5377524717711100E-003
  -10.703249583178991       -5.7930856012258856        6.5308514106284053E-003
  -10.701945728220524       -5.7935846487306124        6.5317953070489912E-003
  -10.703680169575428       -5.7914926141610703        6.5312453919326961E-003
  -10.707973550620151       -5.7978503767952407        6.5241885426002757E-003
  -10.711962057561394       -5.8058014923623338        6.5166336840591765E-003
  -10.712554170767177       -5.8054056437935628        6.5162901710282871E-003
  -10.718493896076236       -5.8089810678532041        6.5091295690611678E-003
  -10.722874879974379       -5.8148444209163559        6.5022693007522597E-003
  -10.727443453096534       -5.8201305250021367        6.4955326624109334E-003
  -10.728906293518870       -5.8186291289232770        6.4949457062032393E-003
  -10.733485280027901       -5.8238386959137083        6.4882483406837827E-003
  -10.738074109760078       -5.8289896412027220        6.4815805610366241E-003
  -10.742400471420005       -5.8348340294690422        6.4748196577687914E-003
  -10.742275817765959       -5.8348991015917928        6.4749000998807777E-003
  -10.746555250667999       -5.8408442272818624        6.4681416741240406E-003
  -10.751447509852410       -5.8453203675497258        6.4615597968445222E-003
  -10.752750261771427       -5.8440876055277986        6.4609918401677706E-003
  -10.758057309805967       -5.8480143408457250        6.4543166867835344E-003
  -10.762286598102726       -5.8539783972324209        6.4476246981397724E-003
  -10.768674370607448       -5.8571438898875767        6.4403741492157279E-003
  -10.768077278913289       -5.8574153067310446        6.4407756806524070E-003
  -10.769703284591150       -5.8555108317106441        6.4402483189511103E-003
  -10.771547776591200       -5.8529525974664613        6.4398427149652210E-003
  -10.775403745075421       -5.8606588993248412        6.4326615103466739E-003
  -10.779086936782299       -5.8698459240710292        6.4249263967977518E-003
  -10.780454972661625       -5.8684822983177405        6.4243696837074380E-003
  -10.784873682388627       -5.8736385651322447        6.4179443531173410E-003
  -10.786596918931211       -5.8714394350285266        6.4174771362373248E-003
  -10.792340945210668       -5.8748673489171148        6.4107212103497640E-003
  -10.796344212079758       -5.8813589971320104        6.4040398938342152E-003
  -10.801212033840693       -5.8855808340146449        6.3976971093639458E-003
  -10.806021973538126       -5.8898608278354301        6.3913866007512983E-003
  -10.810257831410347       -5.8953173808536414        6.3850256783042339E-003
  -10.815739260950867       -5.8988513772512299        6.3785003376668854E-003
  -10.820554261553571       -5.9030524384251830        6.3722507294462303E-003
  -10.826369651566671       -5.9063328372106740        6.3655730492264270E-003
  -10.827996670779031       -5.9043532684548161        6.3650928360540352E-003
  -10.832157307364843       -5.9098654325858613        6.3588095096149639E-003
  -10.836372036790742       -5.9151731587795346        6.3525850202288655E-003
  -10.842637063501165       -5.9181854159511458        6.3456730338042697E-003
  -10.843032647559301       -5.9179357577009526        6.3454465964234846E-003
  -10.847268951143580       -5.9230935418770905        6.3392936740029526E-003
  -10.849189887522115       -5.9200247502177934        6.3390793476132603E-003
  -10.852893894823474       -5.9275127829572440        6.3322915447200688E-003
  -10.853183777593912       -5.9273369375319689        6.3321228333496305E-003
  -10.857367664897204       -5.9325407422011729        6.3260120853946182E-003
  -10.855881199426070       -5.9330777654189859        6.3270488879566579E-003
  -10.860479150930772       -5.9373667928566904        6.3210193458667638E-003
  -10.864528621287937       -5.9429044775183639        6.3148816280204122E-003
  -10.868847778756674       -5.9476639776805591        6.3088871992840780E-003
  -10.871008925839263       -5.9429260612829502        6.3092595135279192E-003
  -10.872006805335563       -5.9420911510010344        6.3087908641378740E-003
  -10.874105642022357       -5.9378490519416891        6.3089800967312017E-003
  -10.877582839558592       -5.9469224214893979        6.3016858476193458E-003
  -10.882750201670282       -5.9504453996124766        6.2955620684486012E-003
  -10.886311762517314       -5.9584057089951949        6.2887393266538106E-003
  -10.886788964415882       -5.9580920882609698        6.2884762269934174E-003
  -10.891493719985354       -5.9620561818628470        6.2825613623703775E-003
  -10.896997698012459       -5.9652823682117200        6.2763153127590836E-003
  -10.898572710558335       -5.9633465504976453        6.2758727085226495E-003
  -10.900499910517736       -5.9600605771839845        6.2757612002381511E-003
  -10.908657208564071       -5.9624380840686602        6.2676485230446846E-003
  -10.910417990367261       -5.9598895833497929        6.2673329135685615E-003
  -10.914007068274111       -5.9671673213919378        6.2608533407857471E-003
  -10.915674953203387       -5.9649358920896605        6.2604698579454216E-003
  -10.916868131405963       -5.9638052669233046        6.2599775019074660E-003
  -10.922955928751765       -5.9666688243793269        6.2534353606228362E-003
  -10.922454622176708       -5.9669012106305095        6.2537551833486997E-003
  -10.924542274742818       -5.9624581777655790        6.2540443562481189E-003
  -10.925781032764126       -5.9612481864720914        6.2535500185332011E-003
  -10.927051623181132       -5.9599810316526893        6.2530549662196729E-003
  -10.931795022663772       -5.9637195843246378        6.2472631638906461E-003
  -10.936690058948788       -5.9672811017997525        6.2414323392743715E-003
  -10.936818082653417       -5.9672078920365115        6.2413572883030545E-003
  -10.937624401403628       -5.9665891061363316        6.2409579009643553E-003
  -10.938965171391285       -5.9651799202278433        6.2404703921179220E-003
  -10.940172529438668       -5.9640178678332854        6.2399815496554543E-003
  -10.944533413029328       -5.9682134003406748        6.2343213511761456E-003
  -10.945741193295634       -5.9670481106173838        6.2338343652028451E-003
  -10.950102360476643       -5.9712106644448379        6.2281974744459300E-003
  -10.954230754251686       -5.9758012325562913        6.2225673533589359E-003
  -10.957687028973087       -5.9833311543025207        6.2161547187553528E-003
  -10.959104194368553       -5.9817391091606353        6.2156906496675431E-003
  -10.958851432711104       -5.9818654805764115        6.2158462808056094E-003
  -10.963392484210811       -5.9856845231835738        6.2102391775615325E-003
  -10.968563531450821       -5.9888865574276791        6.2043919744494223E-003
  -10.969061676662257       -5.9885541942930240        6.2041245546936531E-003
  -10.969122870151766       -5.9885200226762505        6.2040886350237827E-003
  -10.974483284655603       -5.9915767133466353        6.1981572615781074E-003
  -10.978742027981674       -5.9957406999596605        6.1926528201966943E-003
  -10.983501678126414       -5.9992285332324560        6.1870448041765813E-003
  -10.987347507912922       -6.0043138208551223        6.1814787057472816E-003
  -10.986102470748305       -6.0047803360734413        6.1823101037398395E-003
  -10.991828297853859       -6.0076013764211753        6.1762111216513938E-003
  -10.992011158716860       -6.0074941980619752        6.1761069010684757E-003
  -10.996382112192068       -6.0113799749894756        6.1706642037809567E-003
  -11.001167012337266       -6.0147713688027054        6.1651083745568663E-003
  -11.004886415705208       -6.0201275595700769        6.1595523306760807E-003
  -11.003533199594928       -6.0206200756973569        6.1604574062116713E-003
  -11.005733234694727       -6.0139981823599458        6.1616444003625790E-003
  -11.009380896294452       -6.0195860516589992        6.1560477856142460E-003
  -11.010562731116618       -6.0184310765624653        6.1555884967996188E-003
  -11.015935171367083       -6.0213561981714161        6.1497756394888253E-003
  -11.019323103506608       -6.0283099497300903        6.1437891487302436E-003
  -11.024203291859077       -6.0315332721928288        6.1382662205596485E-003
  -11.028481505297643       -6.0353958727125763        6.1329598344110762E-003
  -11.027659396609097       -6.0357395132119960        6.1334858780399621E-003
  -11.031171772105866       -6.0417119583456911        6.1278627317154569E-003
  -11.037186297044116       -6.0443088465223473        6.1217062246873028E-003
  -11.042415127460190       -6.0472417173167585        6.1160559199546320E-003
  -11.044306347947291       -6.0435913413700604        6.1161443952103935E-003
  -11.045666073097284       -6.0420565264308150        6.1157147264594694E-003
  -11.046808011041053       -6.0409548909784103        6.1152690336965590E-003
  -11.047739746273360       -6.0401667387075753        6.1148552877552265E-003
  -11.052175449249686       -6.0437111779184276        6.1095928888388390E-003
  -11.057111662698956       -6.0467857070497706        6.1041364813870036E-003
  -11.061156759317363       -6.0508671317153047        6.0989673863374276E-003
  -11.067226093083447       -6.0533857793055645        6.0928437478005425E-003
  -11.068656032627077       -6.0516579704778364        6.0924451583164434E-003
  -11.069956491848670       -6.0502413498364485        6.0920128931881883E-003
  -11.073883341578240       -6.0544908433126876        6.0868810367792694E-003
  -11.074530781270196       -6.0540197282768657        6.0865611161311289E-003
  -11.078193897586795       -6.0589310950788180        6.0813554224185880E-003
  -11.078566819748586       -6.0586929342008276        6.0811565792352924E-003
  -11.078797941976420       -6.0585541796168565        6.0810293788608758E-003
  -11.079553516353174       -6.0579711121639237        6.0806715352895281E-003
  -11.083201181063863       -6.0628654962662640        6.0754933594786955E-003
  -11.085074036021174       -6.0591518402712827        6.0756225173919064E-003
  -11.088630699995823       -6.0643257747272443        6.0704004529621644E-003
  -11.090049176102992       -6.0626026355352387        6.0700112139218882E-003
  -11.093579379417244       -6.0678300544054737        6.0647938920700122E-003
  -11.094127368952918       -6.0674492139113401        6.0645166799475495E-003
  -11.097664405148350       -6.0725998244454686        6.0593345596641479E-003
  -11.101337717545325       -6.0772583209877649        6.0542667729329615E-003
  -11.103104907377636       -6.0741372828129796        6.0542185915995334E-003
  -11.102588440822148       -6.0743723885571441        6.0545342800349235E-003
  -11.104201537656650       -6.0719836358823747        6.0542847612171909E-003
  -11.105257954094778       -6.0709992349916790        6.0538629401180842E-003
  -11.106892250671102       -6.0685200276506368        6.0536355453095231E-003
  -11.112155752097960       -6.0712300579629783        6.0481490773936167E-003
  -11.113244021821060       -6.0701923708864980        6.0477252083131648E-003
  -11.114477687317603       -6.0688854977152404        6.0473025284427193E-003
  -11.112751531915674       -6.0694471336533189        6.0484565399461232E-003
  -11.111570302867745       -6.0698877229025783        6.0492213686430731E-003
  -11.115783651826801       -6.0733914907403781        6.0442415369494603E-003
  -11.119056225220641       -6.0795703119120352        6.0388447535193734E-003
  -11.122401211011105       -6.0852729986230418        6.0336063608328154E-003
  -11.126096806219390       -6.0896479145656928        6.0286781131858114E-003
  -11.130389467063992       -6.0929963254265136        6.0237271996413334E-003
  -11.134003474298096       -6.0975406380291171        6.0188014646734350E-003
  -11.137156793940083       -6.1043177552849093        6.0132668284990469E-003
  -11.141693871856566       -6.1073901066417120        6.0082593288303104E-003
  -11.147849716826808       -6.1097019252135700        6.0022924823170858E-003
  -11.153702141611641       -6.1120898589837918        5.9965442907769818E-003
  -11.155111458373312       -6.1103128327446106        5.9961947705682046E-003
  -11.154255713614901       -6.1106617216352008        5.9967279261500042E-003
  -11.156196648334429       -6.1058379163801382        5.9972899332032528E-003
  -11.157161989150103       -6.1049748655891829        5.9968942650128459E-003
  -11.158206912181930       -6.1039889331839499        5.9964886100859803E-003
  -11.162124332330352       -6.1077098407958701        5.9917144495950474E-003
  -11.163323640326002       -6.1064396169548845        5.9913102218374830E-003
  -11.167307844295442       -6.1100310683622956        5.9865454493877521E-003
  -11.170853149069995       -6.1145163266660862        5.9817459847790093E-003
  -11.174504045486936       -6.1186974140589667        5.9770005482450124E-003
  -11.175498565950132       -6.1177847076612952        5.9766054888810193E-003
  -11.179097887654962       -6.1220608456366321        5.9718656363885198E-003
  -11.182568752580689       -6.1266821735529264        5.9670827659106746E-003
  -11.186498522972087       -6.1302648680262708        5.9623929260432026E-003
  -11.188030789492167       -6.1280234207272315        5.9621509306705660E-003
  -11.192233319247316       -6.1312374744477101        5.9574107218942508E-003
  -11.195199296867578       -6.1388501587581406        5.9517443790166966E-003
  -11.200570482826540       -6.1412996500543162        5.9464224766290538E-003
  -11.204375026789201       -6.1450047482128012        5.9418023126756869E-003
  -11.204606121289343       -6.1448646829589313        5.9416802583818710E-003
  -11.208374648473423       -6.1486085341715864        5.9370771053864468E-003
  -11.211475596221517       -6.1546961701137732        5.9319907936267579E-003
  -11.213224165160076       -6.1512316982541400        5.9321112255032405E-003
  -11.214069238884832       -6.1505190080167287        5.9317528242547471E-003
  -11.215599221280248       -6.1482310579052610        5.9315354525096590E-003
  -11.216487809567258       -6.1474603448223331        5.9311675852329795E-003
  -11.216793354140467       -6.1472686077550964        5.9310093901947299E-003
  -11.220481223526264       -6.1510881286168999        5.9264497695264906E-003
  -11.222014646875913       -6.1487724790792448        5.9262414395757478E-003
  -11.227334239445449       -6.1511794588048767        5.9210121749862527E-003
  -11.231204529937667       -6.1546462853569288        5.9164726791000729E-003
  -11.235055266639336       -6.1581262858733403        5.9119479370342634E-003
  -11.237978453461373       -6.1653558065191891        5.9065429466383986E-003
  -11.238028900561790       -6.1653275329698856        5.9065155526964383E-003
  -11.239051066596620       -6.1643465377330173        5.9061360088614491E-003
  -11.240444213854502       -6.1625088331761333        5.9058337983466328E-003
  -11.243785113144611       -6.1670674501102791        5.9012569372286694E-003
  -11.245179912560873       -6.1652181001295299        5.9009588209563858E-003
  -11.244064358595617       -6.1656343826995119        5.9016537567884580E-003
  -11.247939333774957       -6.1690038802278053        5.8971739918382317E-003
  -11.251672020474604       -6.1725734397565573        5.8927246174354788E-003
  -11.252185256397141       -6.1722139715015638        5.8924776613072608E-003
  -11.253529264495928       -6.1705076499441391        5.8921586867439167E-003
  -11.255180945309384       -6.1675052171678910        5.8921540640883398E-003
  -11.259157853775230       -6.1706992735671298        5.8876807692723925E-003
  -11.260164365514703       -6.1697373807304992        5.8873065595090009E-003
  -11.264116116868919       -6.1729421108998519        5.8828538073902280E-003
  -11.265962637870913       -6.1682496131442539        5.8834182742895031E-003
  -11.265123715221662       -6.1685882357029405        5.8839279946011269E-003
  -11.265310843887125       -6.1684769119288747        5.8838295808835558E-003
  -11.268259515905035       -6.1748284210486508        5.8788194750996059E-003
  -11.269543395952477       -6.1732746330886661        5.8784825465806054E-003
  -11.269586203988911       -6.1732507474748850        5.8784593954530175E-003
  -11.272489583461297       -6.1799070946740438        5.8733607185359488E-003
  -11.274136923843098       -6.1768517745576768        5.8733818264424392E-003
  -11.274619407133953       -6.1765186812288455        5.8731484808537031E-003
  -11.275699865427256       -6.1754174640095414        5.8727772635022374E-003
  -11.277198444868649       -6.1731256666507797        5.8725876824529660E-003
  -11.282208107655499       -6.1755167220891440        5.8676759311431072E-003
  -11.285987942317353       -6.1788387615602849        5.8633291189171604E-003
  -11.287036284236672       -6.1777935775652875        5.8629595962512724E-003
  -11.287609677201166       -6.1773769287320857        5.8626916135774429E-003
  -11.291174103347904       -6.1810238425091182        5.8583794745760741E-003
  -11.294662460488093       -6.1848070543978650        5.8540730027897767E-003
  -11.295974511954176       -6.1831479276956900        5.8537604729827263E-003
  -11.297485003364942       -6.1807645796581960        5.8536008049906814E-003
  -11.298587186071586       -6.1796120848219633        5.8532355759532114E-003
  -11.303840209436100       -6.1818676201025058        5.8482168733845598E-003
  -11.305262237511061       -6.1798389226434942        5.8479749883265644E-003
  -11.311035716679218       -6.1819359029286840        5.8426278663549318E-003
  -11.315685489221563       -6.1844242006609633        5.8379896871849054E-003
  -11.319085969621062       -6.1882894263304156        5.8337395926156537E-003
  -11.320675138214542       -6.1854571305846378        5.8337078646945708E-003
  -11.321455643851412       -6.1848103607632536        5.8333787381168335E-003
  -11.324335773246107       -6.1909145158707650        5.8285926342237070E-003
  -11.327513668709791       -6.1953632116343185        5.8242783342518619E-003
  -11.331138500449031       -6.1987296356927191        5.8200798393294399E-003
  -11.332652450505543       -6.1962591596355168        5.8199548384356096E-003
  -11.336005784364595       -6.2001343939012763        5.8157559113127845E-003
  -11.339069022527561       -6.2049486520174018        5.8113899196737201E-003
  -11.342707933680870       -6.2082441549655156        5.8072239032161714E-003
  -11.345782228923053       -6.2129493417313943        5.8029038852593032E-003
  -11.346156940994629       -6.2127033752833309        5.8027204822376516E-003
  -11.347700858723655       -6.2100328523533790        5.8026577781292452E-003
  -11.351909436473596       -6.2126990051646498        5.7983291225198862E-003
  -11.355130853970401       -6.2168077942376687        5.7941558058909213E-003
  -11.359157159266996       -6.2196007918756697        5.7899224361973242E-003
  -11.362083887246239       -6.2248932019717289        5.7854886943939591E-003
  -11.361043226151059       -6.2252826187792722        5.7861179928864999E-003
  -11.361961766690992       -6.2244298116173624        5.7857746912405531E-003
  -11.364606937964616       -6.2324409763268678        5.7804266315329153E-003
  -11.364923164771778       -6.2322389754074381        5.7802706018352020E-003
  -11.368208855608106       -6.2360650457108147        5.7761839671247499E-003
  -11.371570464516576       -6.2396988316338149        5.7721238352113329E-003
  -11.375055430228485       -6.2430808590766791        5.7680789952101819E-003
  -11.380881238063321       -6.2450530566587128        5.7628535477722582E-003
  -11.385440045766634       -6.2474241607966530        5.7584263994213611E-003
  -11.390819692339095       -6.2494896322651936        5.7535117129417588E-003
  -11.393721209492693       -6.2545830062440437        5.7492182408829563E-003
  -11.396772144978948       -6.2589601313093404        5.7451124364429895E-003
  -11.397320293446295       -6.2585593695328336        5.7448656256937026E-003
  -11.400635309160664       -6.2621582613353262        5.7408869655785743E-003
  -11.403882371128816       -6.2658942701001532        5.7369066934393372E-003
  -11.403732235861776       -6.2659714793153674        5.7369875481443353E-003
  -11.404956361917975       -6.2644490112453362        5.7366964950860116E-003
  -11.406455039674434       -6.2618457691028402        5.7366445648472132E-003
  -11.407667071229424       -6.2603564084040109        5.7363483535650397E-003
  -11.411673854356257       -6.2630057145209586        5.7322508919540769E-003
  -11.415221017131225       -6.2661319575280254        5.7283059696892971E-003
  -11.418442469719265       -6.2698460533811318        5.7243672091959671E-003
  -11.422765638993660       -6.2722579556337799        5.7201433141019480E-003
  -11.421790169144931       -6.2726277502189847        5.7207207222099840E-003
  -11.423396509422719       -6.2692501198678894        5.7209061143181240E-003
  -11.424211302648940       -6.2685347836055376        5.7205903860755528E-003
  -11.428780324435595       -6.2708067392584477        5.7162443653180212E-003
  -11.431816750089117       -6.2749692223366216        5.7122726131604738E-003
  -11.435089207827980       -6.2784800197889732        5.7083954151464023E-003
  -11.436257559007238       -6.2770837379091411        5.7080959460883984E-003
  -11.439343388286376       -6.2810359383090013        5.7041815027477428E-003
  -11.442742586114342       -6.2842748866668448        5.7003290695278571E-003
  -11.446210409143942       -6.2873936890414068        5.6964784532611999E-003
  -11.448960116215117       -6.2928040707682174        5.6922300851580268E-003
  -11.452045802235567       -6.2966756915895719        5.6883637489671644E-003
  -11.453785867625278       -6.2915790527647601        5.6891501491114190E-003
  -11.454999711998877       -6.2900402212713438        5.6888767724537805E-003
  -11.458831299622469       -6.2927040604045885        5.6849533319932458E-003
  -11.461901262078269       -6.2965677447168398        5.6811097892146131E-003
  -11.463296246161768       -6.2943545732524111        5.6809769995186778E-003
  -11.464160154618913       -6.2935572568449318        5.6806616831494841E-003
  -11.465744850010726       -6.2901664264028687        5.6808660351860699E-003
  -11.469110026502484       -6.2933535002917180        5.6770835238461239E-003
  -11.469559123410384       -6.2930411316334975        5.6768782278671659E-003
  -11.469526688657592       -6.2930586603242302        5.6768950956855961E-003
  -11.472959831306669       -6.2961188484527995        5.6731176872463250E-003
  -11.476415649745400       -6.2991349326123300        5.6693450729573954E-003
  -11.479358384487350       -6.3032854745803482        5.6654952239459438E-003
  -11.482162274845072       -6.3080111523837861        5.6615185752152651E-003
  -11.482491822563359       -6.3077966208852914        5.6613627560960379E-003
  -11.485300340931436       -6.3124575033659598        5.6574127572189955E-003
  -11.488304385355024       -6.3163323128618289        5.6536401969635519E-003
  -11.489497456254533       -6.3148163495298890        5.6533760045600241E-003
  -11.490916499146740       -6.3124157528822167        5.6533025822239607E-003
  -11.494508416055030       -6.3151963676907625        5.6495442330509616E-003
  -11.495207382955254       -6.3146204515565074        5.6492635232098902E-003
  -11.495146644037536       -6.3146528776115574        5.6492950192235155E-003
  -11.496118788800830       -6.3136566488360932        5.6489832265519463E-003
  -11.498631123348069       -6.3205667921067841        5.6443575338544433E-003
  -11.499148713687624       -6.3201886357561401        5.6441306050850262E-003
  -11.504338720989654       -6.3221100573345943        5.6395572309653709E-003
  -11.505360709952747       -6.3210086313554301        5.6392522349472517E-003
  -11.508283709262495       -6.3249983725143428        5.6355109848828825E-003
  -11.508005979204190       -6.3251330394214387        5.6356598991164682E-003
  -11.510874681634894       -6.3292890889837361        5.6318947529082264E-003
  -11.512485043609269       -6.3253434691840553        5.6323025021691280E-003
  -11.516103279961944       -6.3280188630543144        5.6285878118263587E-003
  -11.517011050717622       -6.3271313129788478        5.6282812607261609E-003
  -11.520586872993306       -6.3298361718698901        5.6245896484016754E-003
  -11.519725096784558       -6.3301703996576588        5.6250839812814037E-003
  -11.520986055868260       -6.3283939597857328        5.6248762235866761E-003
  -11.521512922000793       -6.3280055079487862        5.6246476738831194E-003
  -11.525229179770076       -6.3305583264481102        5.6209182039475931E-003
  -11.526099517643912       -6.3297310962083948        5.6206152436392379E-003
  -11.529314589433609       -6.3328831863250752        5.6170149246608549E-003
  -11.528427578965443       -6.3332236411826281        5.6175242086342857E-003
  -11.528421979244168       -6.3332267090764844        5.6175270566991443E-003
  -11.527788347668197       -6.3334927834722086        5.6178817392002044E-003
  -11.528710818133353       -6.3325730333383827        5.6175781640212044E-003
  -11.531853997775849       -6.3358266900245175        5.6139923355864197E-003
  -11.533200794792325       -6.3336702657087134        5.6138743659954436E-003
  -11.533335172782714       -6.3335912912980916        5.6138082078327047E-003
  -11.534162604087772       -6.3328289478928177        5.6135110194443106E-003
  -11.537886170078298       -6.3353254875749530        5.6098096985187371E-003
  -11.540803998220076       -6.3390732819286360        5.6061979927694277E-003
  -11.543185130367766       -6.3469168518366486        5.6013473017164804E-003
  -11.544441158097795       -6.3451150159617145        5.6011549871501243E-003
  -11.545672954251298       -6.3434005324221925        5.6009451708390516E-003
  -11.546845904282243       -6.3418788605068368        5.6007010073502693E-003
  -11.549370378469709       -6.3476227634574176        5.5965887842015227E-003
  -11.550749155590331       -6.3452605191221281        5.5965303312851050E-003
  -11.550185697618288       -6.3455027759325873        5.5968417429412293E-003
  -11.554907271750965       -6.3474560522216272        5.5926509758418867E-003
  -11.555401870794768       -6.3470965396188967        5.5924362159175799E-003
  -11.559615476225906       -6.3492354218472400        5.5885434733537404E-003
  -11.559075841205591       -6.3494693482437938        5.5888403504664383E-003
  -11.558720179481430       -6.3496354627834091        5.5890312851730548E-003
  -11.561675116650299       -6.3531354398117168        5.5855106048796335E-003
  -11.565256992891484       -6.3556683283924134        5.5819242801798136E-003
  -11.564428865051029       -6.3559907545726375        5.5823934253096457E-003
  -11.566987124630037       -6.3611663127252207        5.5785009215948431E-003
  -11.569999112090654       -6.3644807584759855        5.5750218351765038E-003
  -11.570856350771685       -6.3636570990140484        5.5747311327832318E-003
  -11.570781512052662       -6.3636967766642307        5.5747692621549699E-003
  -11.573503437494596       -6.3678687699612349        5.5711630298404934E-003
  -11.576657968435473       -6.3708754095172564        5.5677097669417025E-003
  -11.578103298097481       -6.3679962002599595        5.5678093267969870E-003
  -11.581072147858047       -6.3713479001965982        5.5643563220707029E-003
  -11.581379390236044       -6.3711480686384174        5.5642148249041351E-003
  -11.582353965920241       -6.3700984882501928        5.5639299457743473E-003
  -11.583393848331657       -6.3689013719101073        5.5636563092845556E-003
  -11.587677044729094       -6.3709452130549078        5.5597809210814223E-003
  -11.588315103163142       -6.3704284759066780        5.5595273468508474E-003
  -11.588379730304432       -6.3703917534773620        5.5594955123762042E-003
  -11.589772787026211       -6.3678234362846480        5.5595087192655546E-003
  -11.591106080387350       -6.3655901364217842        5.5594323963431020E-003
  -11.590984114303973       -6.3656532370716281        5.5594949558412810E-003
  -11.592007365539596       -6.3644916769660966        5.5592188006564581E-003
  -11.595072047282187       -6.3675685615574427        5.5558140500578147E-003
  -11.596207471081589       -6.3661050835542392        5.5555764924485459E-003
  -11.599880935607400       -6.3684560275597377        5.5520247794732204E-003
  -11.601097778286793       -6.3667148718815652        5.5518380472293358E-003
  -11.602136333875357       -6.3655117517368707        5.5515674522554582E-003
  -11.602621809536435       -6.3651584325967363        5.5513588908522515E-003
  -11.605005537774691       -6.3714098108189159        5.5472034238464082E-003
  -11.605870463454155       -6.3705625349289416        5.5469178880583406E-003
  -11.606405697555136       -6.3701588911109477        5.5466938642570315E-003
  -11.607657023549329       -6.3682690270240343        5.5465408250923321E-003
  -11.608604528670153       -6.3672650159719275        5.5462574740796928E-003
  -11.611403365598129       -6.3708747843220692        5.5428460056309069E-003
  -11.612901236220821       -6.3673936039928085        5.5431396485741543E-003
  -11.616155876420615       -6.3700960790905343        5.5397610381537048E-003
  -11.617190552854332       -6.3688924390963608        5.5394938779305680E-003
  -11.618670495711440       -6.3655608623504678        5.5397405448205156E-003
  -11.618613847721486       -6.3655910246624954        5.5397691574317603E-003
  -11.621681538430282       -6.3685433704797534        5.5364294542722308E-003
  -11.624761290578407       -6.3714645297464223        5.5330962470607637E-003
  -11.628209440514011       -6.3739220748487950        5.5296846980966395E-003
  -11.628800655051165       -6.3734566224946363        5.5294456974792437E-003
  -11.632468258566337       -6.3757270479914521        5.5259544549930845E-003
  -11.632696361240486       -6.3755853909953748        5.5258475641609519E-003
  -11.637233319415810       -6.3774454091840109        5.5219023438806665E-003
  -11.638457016083898       -6.3756267214918632        5.5217410938955096E-003
  -11.641727629050660       -6.3782309670647104        5.5184089236785311E-003
  -11.642473503641851       -6.3775659590018074        5.5181383821774318E-003
  -11.642374794040400       -6.3776174045574097        5.5181883886125183E-003
  -11.641885203329508       -6.3778313948566918        5.5184524127891103E-003
  -11.644629410350134       -6.3814072285828116        5.5151189387653643E-003
  -11.645560822653986       -6.3804202900629070        5.5148422342325759E-003
  -11.646652159996178       -6.3790425306589702        5.5146037969836682E-003
  -11.647753022923316       -6.3776362526264077        5.5143695062033100E-003
  -11.648982829707535       -6.3757737419411287        5.5142205972292290E-003
  -11.651852354862402       -6.3789763685748904        5.5109474118513590E-003
  -11.653149956665343       -6.3767910111893951        5.5108755954901304E-003
  -11.653129798619963       -6.3768019274915240        5.5108856353520350E-003
  -11.656518114841802       -6.3792288270209783        5.5075488533206964E-003
  -11.660548168214227       -6.3812318834283221        5.5039255558346550E-003
  -11.660627706784606       -6.3811864700144110        5.5038869217381992E-003
  -11.661170168778554       -6.3807722268934697        5.5036638355659721E-003
  -11.665003199258752       -6.3828625393123772        5.5001496805805513E-003
  -11.668599360569861       -6.3850928134060938        5.4967518758544161E-003
  -11.668995528373573       -6.3848192146546978        5.4965780957004573E-003
  -11.669112865411547       -6.3847508025961890        5.4965217552839863E-003
  -11.669931792385299       -6.3839651263579791        5.4962474191889901E-003
  -11.673333524240961       -6.3863331595771511        5.4929370861205020E-003
  -11.676432840502333       -6.3890272671915938        5.4897169742639087E-003
  -11.679784677833549       -6.3914259513057043        5.4864357369928994E-003
  -11.682834913110950       -6.3941709334878292        5.4832361326848950E-003
  -11.685263258330696       -6.3988837810806221        5.4797195533766501E-003
  -11.688454634182227       -6.4014258090184146        5.4765045213284198E-003
  -11.689620025581291       -6.3997590234351982        5.4763273404176424E-003
  -11.692479249872108       -6.4028005602060638        5.4731563947820003E-003
  -11.693946342800187       -6.3991771989367114        5.4735181645152583E-003
  -11.694444631277740       -6.3988065169342434        5.4733111473861517E-003
  -11.698883374107453       -6.4005969621253351        5.4695166052777452E-003
  -11.701563319715946       -6.4040477499830892        5.4663205537642577E-003
  -11.701361131740102       -6.4041476490617937        5.4664237116093728E-003
  -11.703719236887128       -6.4091857956383933        5.4628477951072169E-003
  -11.705233636671188       -6.4048662005253236        5.4634417594691198E-003
  -11.708867783307941       -6.4069832743499848        5.4600943167489972E-003
  -11.709332527281472       -6.4066449476755905        5.4598991024221435E-003
  -11.711982060850897       -6.4101247837064355        5.4567214898189869E-003
  -11.714822662202868       -6.4131093439732094        5.4536022352600789E-003
  -11.717304553292898       -6.4172178181972264        5.4503067850239575E-003
  -11.721831146811143       -6.4189507104009769        5.4464969088823178E-003
  -11.722804540497915       -6.4178321579650524        5.4462458936169293E-003
  -11.725420673618206       -6.4213462901378549        5.4430898835020449E-003
  -11.729259699495005       -6.4233139895623994        5.4396754872133796E-003
  -11.730232509642681       -6.4221926858877820        5.4394264118336633E-003
  -11.730820102262806       -6.4217215361562712        5.4391975888366572E-003
  -11.733448400485088       -6.4251507677680175        5.4360714966565108E-003
  -11.732421197665721       -6.4255123610052571        5.4366465434364302E-003
  -11.731172753487648       -6.4259204427664098        5.4373574424527423E-003
  -11.733757106063623       -6.4294704381181251        5.4342171565829123E-003
  -11.734368206002513       -6.4289697473138805        5.4339837774665146E-003
  -11.737313263587010       -6.4316720863165395        5.4309181422719753E-003
  -11.739633604817511       -6.4365620237247567        5.4274576687420419E-003
  -11.739425852860400       -6.4366643654003157        5.4275625491434073E-003
  -11.740076411060969       -6.4361122120554937        5.4273219717036148E-003
  -11.741490692036454       -6.4327419444500453        5.4276213167820187E-003
  -11.742149029696986       -6.4321797041576136        5.4273789681880038E-003
  -11.745078561084298       -6.4348718516820727        5.4243335100622190E-003
  -11.748417943247031       -6.4370980185079478        5.4211838321836896E-003
  -11.750681615550004       -6.4423388867625659        5.4176390563419911E-003
  -11.750223267799182       -6.4425397906994650        5.4178792436370103E-003
  -11.751280974239643       -6.4411622735721679        5.4176705438394399E-003
  -11.753874341574683       -6.4445443004001568        5.4146039899592635E-003
  -11.755170266040759       -6.4420880090424548        5.4146388016407844E-003
  -11.759616758507731       -6.4437808481013468        5.4109363204545178E-003
  -11.762232370385789       -6.4470598397240169        5.4078991510536842E-003
  -11.762233472102468       -6.4470592354899638        5.4078986209453589E-003
