  -2.2000000000000002      -0.29999999999999999       0.10070493454179255     
  -2.6062722280222275       -1.0488081710504564        7.7563551949750911E-002
  -2.7482887367511291      -0.92574069203619924        7.4570732778231980E-002
  -3.0628280704469839       -1.4066282455273946        6.1126492264214016E-002
  -3.3506550884269775       -1.6735855976015268        5.2554743154702557E-002
  -3.7355282310305222       -1.8035831392179875        4.5030677206468868E-002
  -3.8367474844980802       -1.5610033364695206        4.5131725043744318E-002
  -3.9200618876918694       -1.4671754576627998        4.4405980917478771E-002
  -4.1151174148769378       -1.6087243522688177        4.0779399735860894E-002
  -4.2824912847702432       -1.7470755740267099        3.7890263080600589E-002
  -4.3513505771889891       -1.6603165904790012        3.7465948567477814E-002
  -4.4895690799532222       -1.8029467477572905        3.5202779894460218E-002
  -4.6253768514674132       -1.9162615249171504        3.3259973749434374E-002
  -4.6407314935113098       -1.9084794546332051        3.3135972582751853E-002
  -4.7372001170525220       -2.1649436300587426        3.1125453569006409E-002
  -4.7767470071882734       -2.1267434494912485        3.0921125163589872E-002
  -4.9185058137479105       -2.1966711772543763        2.9397011123418929E-002
  -5.0842609584273575       -2.2496889834638978        2.7846768133678881E-002
  -5.1095012027278450       -2.2312481734933889        2.7711984175549001E-002
  -5.1423662734820201       -2.2015208330334985        2.7555326027363554E-002
  -5.2242465152868292       -2.3190918750814173        2.6545661787324815E-002
  -5.2594281773584095       -2.2807155640614680        2.6410834953781989E-002
  -5.2689415067160388       -2.2757966996602010        2.6356715057627805E-002
  -5.3161694260743158       -2.1713979621949320        2.6331986086413166E-002
  -5.3844114638485374       -2.3486650862354588        2.5311255995704020E-002
  -5.3990438477358094       -2.3399719834011177        2.5236501760880534E-002
  -5.4717845875810314       -2.4358868217959948        2.4465447596461753E-002
  -5.5429437562221038       -2.5219937952263765        2.3761616889109192E-002
  -5.6043937554563552       -2.6389141283595143        2.3055766497416329E-002
  -5.6779533525211932       -2.7005508979743915        2.2455696884261696E-002
  -5.7529349140384101       -2.7545416871437025        2.1889616776579291E-002
  -5.7759269122182744       -2.7311132564462359        2.1824382491187528E-002
  -5.8110973283790379       -2.6415049634532424        2.1859643298448771E-002
  -5.8964441385636137       -2.6818085753148528        2.1294650566473179E-002
  -5.9581349759243460       -2.7406722579699982        2.0828709005438449E-002
  -5.9734730284464259       -2.7292806835997290        2.0776478037415076E-002
  -6.0348127653812389       -2.7822041897144882        2.0341896313884198E-002
  -6.0958714715461824       -2.8310948392661182        1.9930344646649924E-002
  -6.1458025678857515       -2.9009522600027076        1.9536434321667608E-002
  -6.1918185719768735       -2.9813919686724106        1.9147068813939717E-002
  -6.1962561700214547       -2.9789448294324594        1.9132273775611257E-002
  -6.2591633536538582       -3.0165731417191748        1.8769882206401918E-002
  -6.3314067207148312       -3.0472391590797474        1.8391691608019359E-002
  -6.3740796654733307       -3.1153224486085782        1.8072030419387080E-002
  -6.4329257165978388       -3.1491295152030876        1.7762131320352505E-002
  -6.4482267366385555       -3.1343057659866589        1.7729396011101115E-002
  -6.4662247520680456       -3.1132780132658691        1.7697685906888645E-002
  -6.5121141833508469       -3.1580575088138878        1.7427384074382518E-002
  -6.5569819791104775       -3.2017072824894330        1.7168872734315343E-002
  -6.5696005992436506       -3.1908557572450627        1.7140541946214328E-002
  -6.5899867494734297       -3.1577697949630186        1.7123453206875597E-002
  -6.6277641036306836       -3.2181270480859383        1.6868071806418344E-002
  -6.6649934258854211       -3.2754287196252188        1.6624946180122554E-002
  -6.6743273395190803       -3.2684959233054700        1.6603101406330811E-002
  -6.7252890480008309       -3.2977314276838521        1.6365394657632034E-002
  -6.7615925231127108       -3.3483452063085934        1.6147119879112336E-002
  -6.7935642395506397       -3.4206848881453134        1.5909987608062077E-002
  -6.8369470331648321       -3.4519283040617248        1.5708536586083108E-002
  -6.8684773336666547       -3.5128174406606001        1.5500062892361112E-002
  -6.8595395439578963       -3.5161629560193410        1.5523928386522560E-002
  -6.8736528144407192       -3.4989921314667622        1.5506268273769209E-002
  -6.9047415903328941       -3.5559829624874437        1.5309136335504937E-002
  -6.9006113334263022       -3.5577952339316026        1.5319485487290247E-002
  -6.9112290792070876       -3.5478925726447978        1.5301603223759732E-002
  -6.9470337418944563       -3.5837673718288778        1.5127525100189498E-002
  -6.9756916577762604       -3.6467655376008312        1.4934473580495806E-002
  -7.0071010922662929       -3.6893515884793548        1.4768696908959739E-002
  -7.0441321297420014       -3.7186101241808052        1.4609660824243613E-002
  -7.0424437469412169       -3.7194374013645652        1.4613424823386791E-002
  -7.0730856291060080       -3.7591985616192694        1.4459201121932592E-002
  -7.1053381641385185       -3.7928588241764118        1.4311964783056927E-002
  -7.1220790468209811       -3.7487120471687336        1.4331400341020144E-002
  -7.1467747336661951       -3.8238542530522097        1.4144621595910168E-002
  -7.1547730201743569       -3.8168452383724034        1.4132460961667348E-002
  -7.2042456771140193       -3.8354953266564724        1.3964104954325906E-002
  -7.2400744298559045       -3.8598643704221098        1.3827963131484475E-002
  -7.2659815126699572       -3.9043188818122272        1.3691466822811650E-002
  -7.2820634943761497       -3.8538978326549711        1.3721001526883859E-002
  -7.3220748911519324       -3.8740221037862437        1.3583112653619825E-002
  -7.3334064431851713       -3.8593636746341575        1.3573394555016799E-002
  -7.3690402108515585       -3.8811209485084128        1.3447031852123119E-002
  -7.4027548418380160       -3.9036053352259525        1.3326418901063786E-002
  -7.4277491025441771       -3.9415411068890918        1.3208782784312855E-002
  -7.4512585766012434       -3.9848238604356845        1.3088992288109499E-002
  -7.4586545290318647       -3.9780947265816033        1.3079287352985799E-002
  -7.4897459374311888       -4.0005911441569459        1.2969996400587842E-002
  -7.5210141174138165       -4.0222081721024878        1.2862760072121155E-002
  -7.5516313471661674       -4.0437294589027868        1.2758538393601939E-002
  -7.5772812465080719       -4.0714130227186933        1.2659574716240641E-002
  -7.6051551345212651       -4.0944921918838224        1.2562301015636042E-002
  -7.6251182455309410       -4.1489908965665876        1.2444535681655162E-002
  -7.6528870287878874       -4.1707070872786822        1.2351553245883936E-002
  -7.6494480691821849       -4.1722524047869909        1.2357617707978040E-002
  -7.6705367685256567       -4.2097437754630462        1.2261050972155687E-002
  -7.6779805107934518       -4.2020624721551973        1.2253593447590480E-002
  -7.6881646820232437       -4.1864993115320042        1.2249699942053370E-002
  -7.7099196805253376       -4.2182801873929270        1.2160013734624078E-002
  -7.7336827240343942       -4.2432729449127331        1.2075075998538890E-002
  -7.7437378146769476       -4.2274401907953187        1.2071940181412050E-002
  -7.7547919105302272       -4.2061125992023687        1.2073185607481839E-002
  -7.7622084370380033       -4.1983589266456711        1.2065914037620947E-002
  -7.7812419425130610       -4.2417032188587056        1.1970346239791136E-002
  -7.8010670086494747       -4.2766956565590295        1.1883997136305861E-002
  -7.8032088747440849       -4.2753249300615215        1.1880933278605480E-002
  -7.8255345014547455       -4.2999144250248307        1.1802438375592339E-002
  -7.8354018396900420       -4.2834860251108875        1.1800555342424154E-002
  -7.8433578410302278       -4.2740169986995538        1.1794471864681886E-002
  -7.8413208470757105       -4.2749918121655295        1.1797757978539663E-002
  -7.8493507071455770       -4.2653169197944587        1.1791724892796738E-002
  -7.8671529572596084       -4.3100980936131563        1.1700142947842093E-002
  -7.8898165325691636       -4.3318175706353852        1.1626034862999887E-002
  -7.8952619086171554       -4.3269795167797387        1.1620082021038274E-002
  -7.9199322560366436       -4.3453871432686029        1.1546315293483928E-002
  -7.9368005830877584       -4.3917646051847958        1.1457326064020751E-002
  -7.9596544192049627       -4.4112209629088737        1.1387580192973446E-002
  -7.9684971398719169       -4.3973952946997823        1.1385108672642346E-002
  -7.9772183342299394       -4.3841237135821336        1.1382190227731076E-002
  -7.9850486969321848       -4.3740470482275038        1.1377432758516690E-002
  -7.9909570369144234       -4.3683390170046463        1.1371676638689158E-002
  -7.9959857867362896       -4.3639804698614464        1.1366204836217590E-002
  -8.0197518902124987       -4.3813011306682679        1.1297875030664956E-002
  -8.0270121395788347       -4.3726771916645619        1.1292642891270009E-002
  -8.0461434435789894       -4.3971623000218711        1.1226436475110605E-002
  -8.0520999122127748       -4.3912564395684006        1.1220895591264815E-002
  -8.0745972300376341       -4.4088205082636129        1.1156129975239619E-002
  -8.0821668181586528       -4.3990373027453478        1.1151634954666173E-002
  -8.0898453471075804       -4.3889234078535582        1.1147247214228048E-002
  -8.1226694357814182       -4.4006994491295002        1.1068814170727118E-002
  -8.1453504758980770       -4.4169435796548235        1.1006412615863957E-002
  -8.1549377243724024       -4.3961415379021789        1.1009691095555003E-002
  -8.1581428054170004       -4.3938355561405480        1.1005811792723095E-002
  -8.1756578620507732       -4.4191281565790117        1.0944502326942985E-002
  -8.1806825667990370       -4.4146157039244835        1.0939435023597127E-002
  -8.1983480918683718       -4.4383022827710317        1.0880038604063672E-002
  -8.2014801232329475       -4.4360377356161758        1.0876338456740138E-002
  -8.2216341102685835       -4.4536214394664997        1.0818996829996534E-002
  -8.2377624666775198       -4.4818847429483659        1.0758701325149627E-002
  -8.2300430015533301       -4.4844559534788191        1.0770760697082837E-002
  -8.2385425580782368       -4.4691362342745773        1.0770434818800063E-002
  -8.2432988643696792       -4.4649017169587086        1.0765731665188894E-002
  -8.2646758508936333       -4.4801498442081416        1.0709320084037799E-002
  -8.2865114910789366       -4.4946849126784976        1.0653204975042921E-002
  -8.3036021795111026       -4.5160615864750069        1.0599438368309438E-002
  -8.3077948873293739       -4.5125255461227738        1.0595202147487038E-002
  -8.3107709306139483       -4.5103628339614312        1.0591841788881609E-002
  -8.3289080588328464       -4.5285189714975189        1.0539829678650111E-002
  -8.3439354804658681       -4.5567268328437232        1.0483826635466053E-002
  -8.3376615887964505       -4.5589457735296621        1.0493114764150544E-002
  -8.3414079090525650       -4.5559106481502845        1.0489282247958691E-002
  -8.3502504171504057       -4.5350252367127011        1.0493935269049902E-002
  -8.3649294683592927       -4.5639371241297342        1.0438242613787256E-002
  -8.3688606584007186       -4.5606612257104855        1.0434333347811138E-002
  -8.3735362359318604       -4.5563323149224191        1.0430109202347985E-002
  -8.3923504690759660       -4.5718787063899065        1.0380591806756122E-002
  -8.4070874817801062       -4.5977214749245379        1.0328640538551740E-002
  -8.4254630323232789       -4.6131712334753141        1.0280685735074036E-002
  -8.4453464209169233       -4.6267542703216966        1.0232196027166213E-002
  -8.4513337565438569       -4.6195102264097319        1.0228618104762515E-002
  -8.4600487394409036       -4.5959601440281395        1.0235909638091475E-002
  -8.4678723310970323       -4.5810212970597268        1.0236397528117580E-002
  -8.4732214755483728       -4.5753531074915808        1.0232341874932618E-002
  -8.4896518396073866       -4.5928863689109827        1.0186536513101564E-002
  -8.5027842946267587       -4.6260687969701602        1.0131932628880600E-002
  -8.5179674245765131       -4.6457899177404025        1.0086834226603895E-002
  -8.5240297732541439       -4.6380740667001197        1.0083611834754867E-002
  -8.5242435148757707       -4.6379553710845967        1.0083353281118560E-002
  -8.5294447685350629       -4.6323869236511985        1.0079584704653834E-002
  -8.5367793274313666       -4.6193411657506234        1.0079129828044115E-002
  -8.5363469684212312       -4.6195659097754129        1.0079668819365903E-002
  -8.5490115831681432       -4.6534705657899709        1.0026028838574400E-002
  -8.5636047200388248       -4.6733232783233998        9.9825030415361879E-003
  -8.5705140527899122       -4.6619464727780331        9.9812894696084137E-003
  -8.5720162031740053       -4.6609902524923621        9.9796124579706689E-003
  -8.5756768180029166       -4.6579035982501127        9.9762267695845466E-003
  -8.5940860762173550       -4.6705738217544139        9.9331918044392592E-003
  -8.5912394558247271       -4.6717834978278141        9.9369049820886343E-003
  -8.5920328403346797       -4.6713156644411651        9.9359905241750944E-003
  -8.6083894658425653       -4.6859721891772184        9.8948470102726803E-003
  -8.6142194433823480       -4.6784657008385810        9.8918995478593352E-003
  -8.6269028183424599       -4.7052118328352837        9.8461566935796416E-003
  -8.6464551543653290       -4.7163587391157016        9.8034192402257376E-003
  -8.6629823330798867       -4.7298727069266429        9.7638172895867879E-003
  -8.6692854582240297       -4.7202949816871138        9.7620314408048831E-003
  -8.6741918316440465       -4.7149599195819984        9.7587204217436021E-003
  -8.6807425342344793       -4.7042462801561875        9.7575041637428892E-003
  -8.6848887952309894       -4.7003521677824986        9.7541368475070733E-003
  -8.7001976049388308       -4.7150322082007516        9.7158155914867060E-003
  -8.7139572928190656       -4.7329243865902164        9.6773920442779632E-003
  -8.7183737438230970       -4.7284961415056186        9.6741067693040216E-003
  -8.7228466211986486       -4.7239624615837341        9.6708175074327902E-003
  -8.7286199854005861       -4.7161251465565659        9.6683146174284234E-003
  -8.7313596156992599       -4.7140531702545836        9.6656704489247267E-003
  -8.7464591642845910       -4.7281896205762681        9.6286865532166747E-003
  -8.7478695213508377       -4.7272943897382325        9.6271840800733737E-003
  -8.7524440939853747       -4.7225222927503934        9.6239448900649754E-003
  -8.7595310874434933       -4.7073563252353852        9.6256962864891202E-003
  -8.7611277768001461       -4.7063243414199665        9.6240046949854167E-003
  -8.7747849485671683       -4.7228531208981357        9.5875261686970675E-003
  -8.7872976976689259       -4.7430915445822066        9.5498653557324620E-003
  -8.7911909401877804       -4.7394810966924465        9.5467472467727892E-003
  -8.8026863503884591       -4.7657317093327709        9.5057498928222076E-003
  -8.7994714786116113       -4.7670222084855691        9.5097532897848187E-003
  -8.8013121563345500       -4.7657759925483658        9.5078981482231480E-003
  -8.8188551311213512       -4.7762414974248095        9.4710702151971412E-003
  -8.8342501668073830       -4.7883931616599460        9.4363939088795944E-003
  -8.8509171157291053       -4.7991701263389315        9.4010790906808063E-003
  -8.8524289549062143       -4.7981849406838375        9.3995495266766260E-003
  -8.8722820540805234       -4.8070892463182311        9.3610611573866926E-003
  -8.8748709298797426       -4.8051133191398270        9.3586999495079252E-003
  -8.8799419412250202       -4.7987403684637258        9.3561755499191913E-003
  -8.8925191931421796       -4.8151734429892530        9.3228972795666339E-003
  -8.8950841340783775       -4.8132163534709989        9.3205701928483851E-003
  -8.9075042796541748       -4.8296840850700864        9.2876829355142496E-003
  -8.9233646148561121       -4.8402896393341690        9.2545600128539768E-003
  -8.9281996084663913       -4.8343859040657016        9.2520601868480903E-003
  -8.9406555883924241       -4.8499361517354824        9.2202267078449994E-003
  -8.9523676721624419       -4.8677133116996423        9.1878391381278787E-003
  -8.9655917712342710       -4.8809424630967104        9.1570533897896780E-003
  -8.9674894110520977       -4.8796129434216668        9.1552883448838118E-003
  -8.9800699779821684       -4.8938631707962443        9.1247908042395333E-003
  -8.9937370747066243       -4.9058970813420011        9.0946186418544989E-003
  -9.0045658627354470       -4.9261941098116377        9.0621084921831529E-003
  -9.0036372365363757       -4.9266511674638842        9.0631120965982484E-003
  -9.0161965224194329       -4.9401219925298001        9.0337007147711420E-003
  -9.0212627807680086       -4.9329469666722261        9.0320245657070433E-003
  -9.0314985515574087       -4.9562532312656273        8.9982749441934028E-003
  -9.0419713924465253       -4.9768772525554859        8.9664744896134890E-003
  -9.0550534113775534       -4.9887036951221875        8.9380555961223497E-003
  -9.0655412939881117       -5.0081007728764559        8.9074867469917645E-003
  -9.0692654453260619       -5.0042616365677484        8.9051786180084497E-003
  -9.0836641265115894       -5.0142306134415922        8.8766223745332801E-003
  -9.0952310141902384       -5.0283419948362695        8.8489740835361718E-003
  -9.1001663881183603       -5.0210920198451925        8.8476475762767712E-003
  -9.1060295011381278       -5.0085690620262566        8.8491238896269888E-003
  -9.1167334095948380       -5.0251780115867781        8.8208902447484520E-003
  -9.1277349795085119       -5.0402909664448030        8.7935218637390997E-003
  -9.1318478264864940       -5.0354878292179697        8.7914574712587464E-003
  -9.1366370183345129       -5.0286343980271502        8.7900264910082682E-003
  -9.1339671037449630       -5.0297285312354498        8.7929461884629773E-003
  -9.1453041597710811       -5.0433593897122710        8.7663883821844663E-003
  -9.1515613892080676       -5.0252328886930391        8.7716188594354639E-003
  -9.1498683238472704       -5.0259955861684551        8.7734134568053495E-003
  -9.1551719268311551       -5.0167008390588936        8.7731257156123295E-003
  -9.1604877740564827       -5.0073440841786416        8.7728508941803066E-003
  -9.1644112208017940       -5.0029789661259354        8.7706810365726501E-003
  -9.1761164488155416       -5.0152756704093928        8.7447671102976257E-003
  -9.1852600671558378       -5.0410180899085990        8.7122534953690094E-003
  -9.1895090163047737       -5.0357278606449842        8.7103741417411083E-003
  -9.1946442285149601       -5.0270240939683264        8.7098565313222451E-003
  -9.2080583412684103       -5.0365598518735180        8.6839270934376891E-003
  -9.2299096342165594       -5.0428553708506048        8.6489013164645755E-003
  -9.2413183892058992       -5.0547525704931671        8.6242219342846094E-003
  -9.2530402337154474       -5.0659076363394124        8.5997704358236737E-003
  -9.2645019362152254       -5.0773466924769792        8.5755610930285213E-003
  -9.2753915368262980       -5.0897898504315338        8.5514780550016625E-003
  -9.2779933931498473       -5.0875744098707329        8.5495971911740288E-003
  -9.2895919922727046       -5.0984055583819465        8.5258572345244272E-003
  -9.2902398820194829       -5.0980151725596601        8.5252715989756235E-003
  -9.2860513694698099       -5.0994725345547529        8.5298489574824853E-003
  -9.2871552176882837       -5.0987575351446344        8.5288879084970959E-003
  -9.2864395707140197       -5.0991151052462831        8.5295896117792199E-003
  -9.2895805857419251       -5.0960671374001336        8.5276058582921654E-003
  -9.3002919093991441       -5.1082449885256587        8.5041536843446560E-003
  -9.3138789259072663       -5.1166200614752162        8.4797401814428047E-003
  -9.3153629380681320       -5.1155911087151713        8.4785095049520962E-003
  -9.3200762772846382       -5.1079661868425141        8.4777992444893518E-003
  -9.3236491728314252       -5.1040407628560471        8.4758931946359254E-003
  -9.3347493381338289       -5.1149113039439227        8.4530951759646360E-003
  -9.3372111175806971       -5.1128435914892068        8.4513221685094952E-003
  -9.3363594897460924       -5.1132598016968727        8.4521541158626666E-003
  -9.3406514014102626       -5.1072700528382304        8.4508011599488501E-003
  -9.3461699727687506       -5.0934250138047306        8.4535233064613295E-003
  -9.3587812753287842       -5.1021563269697410        8.4303678405851287E-003
  -9.3684138736962481       -5.1162597509792729        8.4073677485843653E-003
  -9.3795567887614730       -5.1264614132305431        8.3852736627396465E-003
  -9.3970861428154198       -5.1327446684777343        8.3576893249866450E-003
  -9.4067327256191202       -5.1459939048995471        8.3355649140664720E-003
  -9.4067838670757986       -5.1459657177353026        8.3355182192258633E-003
  -9.4158600133737096       -5.1612975591968562        8.3127307645020770E-003
  -9.4212325964728478       -5.1473979799644711        8.3156397584877636E-003
  -9.4207026791832842       -5.1476666247238372        8.3161389780174785E-003
  -9.4322485331442074       -5.1567379446704651        8.2946760907317684E-003
  -9.4460199044718625       -5.1640286183369355        8.2716760117310505E-003
  -9.4487246600431405       -5.1615586656689700        8.2699246809586884E-003
  -9.4485972262254858       -5.1616269854230712        8.2700411454040175E-003
  -9.4565313708015974       -5.1856764648174618        8.2428525054705493E-003
  -9.4547511653710892       -5.1864471678386739        8.2445971584479763E-003
  -9.4639664912930481       -5.1996934444017757        8.2234492968719236E-003
  -9.4665826497467727       -5.1973202522225623        8.2217690745961854E-003
  -9.4691478074351032       -5.1950222836555700        8.2201003058255343E-003
  -9.4742819299109655       -5.1824544556080321        8.2223418407418852E-003
  -9.4772811986096510       -5.1794535774832529        8.2206016012835795E-003
  -9.4863076641325055       -5.1929342048023539        8.1996383157358372E-003
  -9.4901451293162342       -5.1878868804277278        8.1982652155276475E-003
  -9.4903102879430925       -5.1877942651539257        8.1981191110101787E-003
  -9.5004110281340353       -5.1980166965412025        8.1781403566459632E-003
  -9.5012629505735209       -5.1974805928666825        8.1774304735369261E-003
  -9.5124254784379563       -5.2060492066901949        8.1573263180623017E-003
  -9.5234795426863670       -5.2146387695826801        8.1374168779875626E-003
  -9.5338027475165532       -5.2240689516982393        8.1179182014889297E-003
  -9.5370617871482022       -5.2204437456105115        8.1163178447954468E-003
  -9.5470215152759899       -5.2303118425174091        8.0970491725867056E-003
  -9.5548434871874655       -5.2493425661915349        8.0742422413024404E-003
  -9.5571128446306961       -5.2474018342152320        8.0727430396721114E-003
  -9.5608933422046771       -5.2422582484044300        8.0715492445665882E-003
  -9.5682748311123991       -5.2666719286332535        8.0457179289002371E-003
  -9.5711469185443629       -5.2637622584764951        8.0441432690489967E-003
  -9.5715788940962749       -5.2635071441795436        8.0437819847022449E-003
  -9.5717453484417661       -5.2634131145969549        8.0436398587796654E-003
  -9.5717523148963846       -5.2634092795456482        8.0436338422271228E-003
  -9.5716297486767914       -5.2634753831636116        8.0437406289221650E-003
  -9.5804899683104328       -5.2751599421856419        8.0248384511786008E-003
  -9.5849769962645048       -5.2663008670182876        8.0253144844030355E-003
  -9.5858492768186458       -5.2657434196400095        8.0246156613705977E-003
  -9.5893666318593258       -5.2612887455445376        8.0232924740276049E-003
  -9.5929127765179558       -5.2567480963106936        8.0219881999644346E-003
  -9.5963174954980683       -5.2526084481230662        8.0205837062464966E-003
  -9.5981062352154130       -5.2512315839828831        8.0193055831663772E-003
  -9.5997592127082463       -5.2499972785050444        8.0180985568566975E-003
  -9.6036601418128651       -5.2442061053458113        8.0171897659450098E-003
  -9.6131966666073403       -5.2537519924853830        7.9990106727986354E-003
  -9.6220490719186120       -5.2647139387988782        7.9807796521458758E-003
  -9.6318864005737321       -5.2735475501768718        7.9628270137737395E-003
  -9.6285285917482799       -5.2747322314596845        7.9661367203731400E-003
  -9.6279260012752523       -5.2750325819298904        7.9666720440315416E-003
  -9.6310436906828567       -5.2715235615516027        7.9652103043200157E-003
  -9.6407092190529635       -5.2804467919579281        7.9474582365649110E-003
  -9.6510348402064707       -5.2884189129665895        7.9295948348049143E-003
  -9.6533724468815851       -5.2863233443810396        7.9281510298396200E-003
  -9.6561732521845371       -5.2834493063075438        7.9266613592227416E-003
  -9.6590569299354563       -5.2804109361735740        7.9251786778095669E-003
  -9.6596168878044733       -5.2800732625133771        7.9247232392829527E-003
  -9.6617257252124329       -5.2782934322875841        7.9233447740046248E-003
  -9.6637682736337513       -5.2765984135871085        7.9219900682879502E-003
  -9.6635965789753939       -5.2766895416065669        7.9221379729735256E-003
  -9.6654821701500850       -5.2751839675384664        7.9208478248572831E-003
  -9.6764681743035474       -5.2822869967184349        7.9028523075097851E-003
  -9.6876264369505556       -5.2891973032973629        7.8848363451757275E-003
  -9.6886579134727686       -5.2885149295284162        7.8840426160606304E-003
  -9.6918014084053610       -5.2848403647583950        7.8826710312465079E-003
  -9.7004342778951340       -5.2949536013879914        7.8656571668142394E-003
  -9.7034540783278374       -5.2915554034718042        7.8642578983106008E-003
  -9.7112836711317492       -5.3042411599136612        7.8465833005111185E-003
  -9.7145841084652478       -5.3000866183928288        7.8453485625129150E-003
  -9.7157173136844737       -5.2993190110100077        7.8444942047456757E-003
  -9.7149248889733588       -5.2996994128080139        7.8451936515517226E-003
  -9.7141297622519449       -5.3000809703321154        7.8458956053473767E-003
  -9.7227521344736854       -5.3097809099392981        7.8292789779358645E-003
  -9.7195737426606517       -5.3109009012657271        7.8323389399236314E-003
  -9.7238776120156469       -5.3016804190667139        7.8332083665953647E-003
  -9.7336432134494295       -5.3093863077218568        7.8165674747686566E-003
  -9.7377003090949774       -5.3018711545344974        7.8166131843574790E-003
  -9.7366568583958060       -5.3023519788116644        7.8175433362915082E-003
  -9.7388283687257058       -5.3004501562492283        7.8161913273745408E-003
  -9.7414450415935185       -5.2978309761030857        7.8147733328413609E-003
  -9.7441371934555452       -5.2950687413056610        7.8133568676495724E-003
  -9.7519520289094697       -5.3066804473226705        7.7965763611170802E-003
  -9.7515645393114845       -5.3068778758296640        7.7969083911238806E-003
  -9.7601805096163279       -5.3159991262443596        7.7808313907020161E-003
  -9.7707155955377658       -5.3226772448025672        7.7641092006220996E-003
  -9.7788443855588305       -5.3327257949891207        7.7481082614660529E-003
  -9.7794846588830815       -5.3323317208691803        7.7476088264029309E-003
  -9.7811260905206101       -5.3310667142303076        7.7464914257599172E-003
  -9.7847443846631688       -5.3255037613911202        7.7458006092434722E-003
  -9.7857197201736739       -5.3248609853541629        7.7450661922200863E-003
  -9.7978380803908554       -5.3305159698969184        7.7272567935532570E-003
  -9.8050566010478217       -5.3437866467541584        7.7103861352875065E-003
  -9.8165569182886419       -5.3496210644742721        7.6932998164960737E-003
  -9.8183063741643064       -5.3482254048525766        7.6921505926720582E-003
  -9.8268280016234186       -5.3567371531185257        7.6768841528711950E-003
  -9.8369476507550555       -5.3632830886505936        7.6610538589594766E-003
  -9.8531090582967114       -5.3677902678941525        7.6395985480546486E-003
  -9.8566285873262807       -5.3623627862240255        7.6389489429350161E-003
  -9.8657811742701629       -5.3696509927278138        7.6238810165860154E-003
  -9.8782777293555224       -5.3748531237872132        7.6063317447866308E-003
  -9.8801558079751644       -5.3732851261295131        7.6051600557879798E-003
  -9.8881105562195639       -5.3823572098766723        7.5904497246118410E-003
  -9.8955681213829312       -5.3927604370235107        7.5755203485642006E-003
  -9.9041644920129723       -5.4004503559565151        7.5610171247339894E-003
  -9.9057831038416744       -5.3991819148615061        7.5599673097115419E-003
  -9.9061297668955390       -5.3989797810345266        7.5596995349224740E-003
  -9.9131256588553143       -5.4109845687473772        7.5443903820912482E-003
  -9.9153673186693627       -5.4088601654636568        7.5431689513039343E-003
  -9.9216915707053648       -5.4263195704749068        7.5253090608229673E-003
  -9.9249083015107296       -5.4217824616032937        7.5244810955762843E-003
  -9.9338487932029853       -5.4287282340417473        7.5101889558988532E-003
  -9.9430363136664681       -5.4353604873270953        7.4958520899231114E-003
  -9.9412992732296459       -5.4360725705048667        7.4973581428820022E-003
  -9.9446841206268246       -5.4307792974950928        7.4968078945938021E-003
  -9.9473737398093665       -5.4277372805661734        7.4956575984208591E-003
  -9.9573760088695877       -5.4336362071326549        7.4809009188172510E-003
  -9.9555422648440928       -5.4343750598766851        7.4824954084233572E-003
  -9.9563321041554236       -5.4338661940321433        7.4819245615688765E-003
  -9.9566263328225446       -5.4336959145600234        7.4817001790264273E-003
  -9.9672108461030415       -5.4391922191417983        7.4665812224392423E-003
  -9.9757481250354729       -5.4462424048448925        7.4528361988067497E-003
  -9.9728483438984536       -5.4472531757757450        7.4554385872054535E-003
  -9.9747437110118184       -5.4456090396857952        7.4543327126977742E-003
  -9.9809404168998359       -5.4615629625453135        7.4378285891600103E-003
  -9.9817291720110841       -5.4610521764358761        7.4372662056700423E-003
  -9.9880741370212611       -5.4750337615680165        7.4218321694127778E-003
  -9.9945371380724222       -5.4878136457337598        7.4070304052182151E-003
  -10.001316253911263       -5.4985884343995979        7.3931248987627648E-003
  -10.002187320263713       -5.4980089453026109        7.3925208662390359E-003
  -10.010522438925976       -5.5049226179067610        7.3792714735512821E-003
  -10.018131723930455       -5.5129151318651255        7.3662005275781919E-003
  -10.030438522653878       -5.5175117860191012        7.3500966206793261E-003
  -10.032462388784706       -5.5156299323827165        7.3490248415031554E-003
  -10.039983403363518       -5.5235922858993582        7.3361468763060234E-003
  -10.040940123199491       -5.5229392619442006        7.3355012031154450E-003
  -10.048915477484092       -5.5300292120576886        7.3226852753069550E-003
  -10.052616990157434       -5.5217477579002585        7.3236033249045153E-003
  -10.062213313487931       -5.5272644079598878        7.3100062524095767E-003
  -10.065044428044196       -5.5235699907113167        7.3091430296758604E-003
  -10.066079266370087       -5.5228494375019865        7.3084553767239317E-003
  -10.063552911338716       -5.5237627250894130        7.3106334739354382E-003
  -10.071010097416055       -5.5314992358554864        7.2980593314206001E-003
  -10.078700662790267       -5.5387486520374685        7.2855528298397185E-003
  -10.082124897459346       -5.5323211100228011        7.2856655915196633E-003
  -10.084067779294621       -5.5305397997314909        7.2846320327582441E-003
  -10.089822094752117       -5.5471179668001467        7.2687610327579035E-003
  -10.096941404611751       -5.5552771294683092        7.2564027564751866E-003
  -10.104167416645931       -5.5631134659103294        7.2441494656508973E-003
  -10.107266005689999       -5.5582573186411706        7.2436971407374715E-003
  -10.114432396470507       -5.5661172144362219        7.2315257966272736E-003
  -10.117660589443712       -5.5605871399971507        7.2313280435474985E-003
  -10.124450604678145       -5.5692940370937531        7.2190940703031076E-003
  -10.126076406385653       -5.5679321668198893        7.2181688353339536E-003
  -10.135432654096284       -5.5731941026980953        7.2052604838502539E-003
  -10.141926478350539       -5.5826513345305191        7.1929680535174042E-003
  -10.151386833092692       -5.5877853851494272        7.1800910360493861E-003
  -10.153913822085210       -5.5847617302646659        7.1791874470775330E-003
  -10.155727098163329       -5.5831326007092335        7.1782272150350051E-003
  -10.161544197529956       -5.5961643848572846        7.1646563107596100E-003
  -10.161573566535592       -5.5961481079952557        7.1646350236242787E-003
  -10.164366239350905       -5.5922944042279292        7.1639345768739968E-003
  -10.165369932747211       -5.5915899108920497        7.1632917834005289E-003
  -10.172803799365335       -5.5983769024756773        7.1516556673577531E-003
  -10.183837305731855       -5.6027559393973254        7.1376865830133258E-003
  -10.190125678175884       -5.6122265534561731        7.1257681143468820E-003
  -10.190409621685987       -5.6120598572262743        7.1255692852143504E-003
  -10.192979610912447       -5.6088392570525620        7.1247444566872138E-003
  -10.195252210270668       -5.6063575107474728        7.1238054325287537E-003
  -10.204590365690320       -5.6112929729635761        7.1113501354113165E-003
  -10.207329046417209       -5.6075233555569701        7.1106618717585550E-003
  -10.214155528730371       -5.6150529790145036        7.0993587066370189E-003
  -10.217028711371572       -5.6107530908612073        7.0988329224588049E-003
  -10.218389221882070       -5.6096860462089291        7.0980352895903378E-003
  -10.220683230053504       -5.6071366268638592        7.0971138694055583E-003
  -10.223941523689673       -5.6007664589867625        7.0973547237966617E-003
  -10.230509733403943       -5.6087461023900484        7.0860993975834135E-003
  -10.240162778614168       -5.6133897318969730        7.0735826170622382E-003
  -10.247272625490956       -5.6200928059971522        7.0625439408377256E-003
  -10.253059651555484       -5.6309815933664620        7.0505361174187618E-003
  -10.258795922256702       -5.6420381416802741        7.0385118003380050E-003
  -10.265274348108388       -5.6498411517474825        7.0275766508914707E-003
  -10.274703826159104       -5.6544450608324146        7.0154619825971440E-003
  -10.281521447282433       -5.6613508718901437        7.0047349293152778E-003
  -10.282376988960998       -5.6607661724254870        7.0041965544620976E-003
  -10.288893129440341       -5.6682195639658870        6.9934943439832042E-003
  -10.290699411304526       -5.6665272947225214        6.9926145285724144E-003
  -10.297488070258762       -5.6733259516315506        6.9820267593740399E-003
  -10.304003236787139       -5.6806181659517891        6.9714634426769678E-003
  -10.304910121402390       -5.6799865803455027        6.9709038575946139E-003
  -10.311757055860589       -5.6865517512453776        6.9604338952486758E-003
  -10.311457685712218       -5.6867061753067212        6.9606479275243684E-003
  -10.314169133652790       -5.6827059290044524        6.9601419041509889E-003
  -10.316896418292483       -5.6786412872509855        6.9596532889871637E-003
  -10.320149118517190       -5.6714131190201167        6.9603757490540995E-003
  -10.323076731708955       -5.6664266716071161        6.9601868193709688E-003
  -10.324496632211201       -5.6652656002274711        6.9594040202568498E-003
  -10.321458468209450       -5.6662439199910484        6.9619060132250386E-003
  -10.325075452491809       -5.6539452613376184        6.9650357931738413E-003
  -10.326581207528903       -5.6526787746941478        6.9642220241657848E-003
  -10.333333739225582       -5.6592051430868207        6.9538906762888321E-003
  -10.343035501499457       -5.6634299768280831        6.9418979977660241E-003
  -10.349467507674946       -5.6704483990389871        6.9316659789325566E-003
  -10.355224268671925       -5.6795006485518282        6.9210188492888859E-003
  -10.358031486662972       -5.6749752668930498        6.9206948996032103E-003
  -10.363918615446417       -5.6833624520659427        6.9103047637929091E-003
  -10.365977147732528       -5.6811673723898384        6.9094583569305730E-003
  -10.368460391168105       -5.6778762456923895        6.9087850600710174E-003
  -10.377399961308903       -5.6822746810905969        6.8975661178701624E-003
  -10.383333362359396       -5.6902575010761600        6.8874013534305969E-003
  -10.384829725008879       -5.6889841971666550        6.8866145951248757E-003
  -10.387736620260650       -5.6838108223620889        6.8865411839851651E-003
  -10.396355331683624       -5.6882872950141286        6.8756489672994539E-003
  -10.397634199973382       -5.6872795254006263        6.8749338333961166E-003
  -10.400281431385013       -5.6833306187792241        6.8744538739724335E-003
  -10.406768686733159       -5.6897395673749251        6.8646443438601362E-003
  -10.409200344361654       -5.6865440019131253        6.8639722587620199E-003
  -10.417923067295243       -5.6908900574087600        6.8531006705344604E-003
  -10.424992285166502       -5.6963719290346280        6.8432631256455665E-003
  -10.426949200040227       -5.6943419251143714        6.8424351602055745E-003
  -10.435668592344644       -5.6986296508415508        6.8316482918714750E-003
  -10.440749450213021       -5.7105001861129479        6.8203955887984570E-003
  -10.440023248714903       -5.7108376525870828        6.8209217144773390E-003
  -10.442800680809620       -5.7061283583755316        6.8207246974470916E-003
  -10.448757453555778       -5.7133025211063160        6.8111373365007249E-003
  -10.449510902159084       -5.7127973722753458        6.8106746632933890E-003
  -10.450610275007339       -5.7119747633344486        6.8100448600525174E-003
  -10.448847872675499       -5.7126473464428305        6.8113969746115503E-003
  -10.455959356230190       -5.7178660369505359        6.8017457978742845E-003
  -10.462786340145941       -5.7233545534986572        6.7922469194997039E-003
  -10.468803174566158       -5.7301376685124419        6.7828653985503992E-003
  -10.474638126331021       -5.7373199669179771        6.7734668867341285E-003
  -10.480797020452693       -5.7436907152267445        6.7642024427183823E-003
  -10.486512185993586       -5.7510854794340762        6.7548434008668865E-003
  -10.489228249804164       -5.7464510691838466        6.7546751681900642E-003
  -10.495483449537559       -5.7525296091495894        6.7455095428328527E-003
  -10.498105086361742       -5.7483364251377971        6.7451995837070925E-003
  -10.504882876135579       -5.7536342931706139        6.7359630290915505E-003
  -10.506456060938037       -5.7522080615132252        6.7352078894687304E-003
  -10.509155300539023       -5.7475926924722263        6.7350423027996258E-003
  -10.513996361258078       -5.7596293314828930        6.7241605018334193E-003
  -10.515514192763165       -5.7582798085368090        6.7234201728093293E-003
  -10.517598410911045       -5.7558638889404543        6.7226960608523503E-003
  -10.519132574727703       -5.7544905108657458        6.7219519807498983E-003
  -10.521721091275298       -5.7503697299375478        6.7216331916210223E-003
  -10.523627024526121       -5.7483526122374808        6.7208689736785411E-003
  -10.524810319795524       -5.7474285889942252        6.7202238195413037E-003
  -10.523792801370364       -5.7478700616738774        6.7209619500708520E-003
  -10.524983333030784       -5.7469373973258833        6.7203143262049786E-003
  -10.526371923646748       -5.7457646059029504        6.7196029469208541E-003
  -10.527662232579031       -5.7447153254284915        6.7189207772242101E-003
  -10.535051383291643       -5.7492743816636720        6.7095422715633506E-003
  -10.540353289817620       -5.7574011348044349        6.7003149649340994E-003
  -10.545765853078008       -5.7650098669923873        6.6912675044480067E-003
  -10.551944774680358       -5.7707358137558078        6.6824849835798042E-003
  -10.554751336485804       -5.7651703179640990        6.6827067412929429E-003
  -10.553843195022296       -5.7655721498978973        6.6833559688887437E-003
  -10.555970606185333       -5.7629917746361681        6.6826788269906427E-003
  -10.558091744266695       -5.7604274208210766        6.6819984965856638E-003
  -10.563305658491103       -5.7685756712905585        6.6728995236054901E-003
  -10.569873879321293       -5.7736656531731487        6.6641143597641556E-003
  -10.575139076229767       -5.7814314300339626        6.6551968403563847E-003
  -10.576869859617712       -5.7797053708554422        6.6544592740186131E-003
  -10.586114698842760       -5.7832747611345070        6.6439844854485107E-003
  -10.588855847579978       -5.7779577579386681        6.6441357815207576E-003
  -10.588937094028811       -5.7779124597317608        6.6440829338513278E-003
  -10.597751631162756       -5.7815758224569471        6.6339850633897537E-003
  -10.599218863943049       -5.7802718383092238        6.6332799073375069E-003
  -10.604298336404250       -5.7884675610464171        6.6243810382257259E-003
  -10.606492424656482       -5.7856181580519443        6.6237860849469431E-003
  -10.608206708007435       -5.7839078416709011        6.6230587049309671E-003
  -10.614182093458195       -5.7895132540299441        6.6146610885287060E-003
  -10.619340420886001       -5.7971429713876317        6.6060121303486386E-003
  -10.621358460808699       -5.7947633227816171        6.6053453913973723E-003
  -10.619631536941176       -5.7954086702184053        6.6066197326005152E-003
  -10.621547306705484       -5.7932727605681684        6.6059240296243585E-003
  -10.624300479205619       -5.7876218111087301        6.6062273103251806E-003
  -10.626312255094845       -5.7852560156043928        6.6055564921412152E-003
  -10.632611543452663       -5.7902842844825351        6.5971842282761929E-003
  -10.633310321839781       -5.7898161610267422        6.5967734308950247E-003
  -10.638814726827800       -5.7961256770785869        6.5885071337900740E-003
  -10.637881711592540       -5.7965320979081776        6.5891644022463411E-003
  -10.639936635855218       -5.7940296775883251        6.5885253713035075E-003
  -10.640067628310568       -5.7939557386933194        6.5884415625116714E-003
  -10.647675396477140       -5.7979056523539212        6.5794364412046580E-003
  -10.654508152058924       -5.8023074679815174        6.5709361904315545E-003
  -10.660545090251116       -5.8074869016830961        6.5627940123012445E-003
  -10.666817807227824       -5.8123466696349562        6.5546101036672126E-003
  -10.668557810740383       -5.8105451556966754        6.5539148301059580E-003
  -10.668908902562499       -5.8103337093122613        6.5536985984814538E-003
  -10.668573533808253       -5.8105010494873364        6.5539224361645370E-003
  -10.670060197118357       -5.8091386653367207        6.5532398430529007E-003
  -10.672227539672829       -5.8062471788292722        6.5526957620689521E-003
  -10.672114261896821       -5.8063069571450727        6.5527697731382513E-003
  -10.677277566440367       -5.8131219579784226        6.5446463974657724E-003
  -10.683188477348589       -5.8183029672706184        6.5366669396812634E-003
  -10.685468523035752       -5.8149739724613489        6.5362399268923867E-003
  -10.687363925885894       -5.8128180557777931        6.5355802917522856E-003
  -10.689482095326289       -5.8100532029837151        6.5350188988185752E-003
  -10.699856738878983       -5.8130863053257853        6.5240548880085144E-003
  -10.706733882278863       -5.8172320736209864        6.5157472170989401E-003
  -10.711304755088941       -5.8265332856819363        6.5070047388311120E-003
  -10.712451222982947       -5.8256178618256671        6.5064164626572295E-003
  -10.712656025525769       -5.8254997560836372        6.5062889630306828E-003
  -10.714778631106489       -5.8226770309682729        6.5057555249148072E-003
  -10.722162459923842       -5.8264709002673838        6.4971967760286166E-003
  -10.726837397558150       -5.8347654889442975        6.4888914226609411E-003
  -10.728801611097788       -5.8323890301240748        6.4882844437373962E-003
  -10.730425398242218       -5.8307682762447728        6.4876133848541136E-003
  -10.737009358061778       -5.8349880079964667        6.4796024863950389E-003
  -10.739047954545846       -5.8323895950848454        6.4790372316174171E-003
  -10.737944145057114       -5.8328469256206130        6.4798085266722970E-003
  -10.742199108942630       -5.8444676413914607        6.4702872497797524E-003
  -10.743858897568531       -5.8427663464658224        6.4696267403264521E-003
  -10.744515591602564       -5.8423277310714470        6.4692506424909356E-003
  -10.745677674081188       -5.8413859855211161        6.4686660218032446E-003
  -10.747490308760263       -5.8393599914613894        6.4680261226334867E-003
  -10.754203176361548       -5.8433960149173361        6.4600249833153250E-003
  -10.754743800777229       -5.8430489074734595        6.4597090125860538E-003
  -10.757457232553408       -5.8365805507790016        6.4604258144940491E-003
  -10.762892192289408       -5.8419725378616079        6.4529246589139127E-003
  -10.765582526434274       -5.8356870708791817        6.4535693455457744E-003
  -10.770943653353640       -5.8411681728578690        6.4461036551772839E-003
  -10.769788505097328       -5.8416389900381080        6.4469091329067392E-003
  -10.771345642310351       -5.8401148597049337        6.4462550870536027E-003
  -10.772659359191000       -5.8389725668488639        6.4456334219394115E-003
  -10.778955382786389       -5.8432088190533653        6.4379491475227545E-003
  -10.783263128421090       -5.8530002183682335        6.4293641816807884E-003
  -10.788269951320972       -5.8591237229719759        6.4219435512122836E-003
  -10.794390848378875       -5.8634431328280989        6.4144159468504033E-003
  -10.794193677433098       -5.8635444451154806        6.4145422041546763E-003
  -10.800973270971475       -5.8673554671112749        6.4066882225948564E-003
  -10.808158071261964       -5.8709388483065155        6.3985993167587230E-003
  -10.806195264893782       -5.8716169898934512        6.4000105603648390E-003
  -10.808330682318164       -5.8685406904969861        6.3995993554124614E-003
  -10.812688727039619       -5.8772426802453088        6.3915644018345923E-003
  -10.814513881006798       -5.8751129109933524        6.3909744225762845E-003
  -10.822104099131566       -5.8784840649133407        6.3826591001844221E-003
  -10.824309720005733       -5.8750831550681699        6.3823425399092380E-003
  -10.826642341681257       -5.8710583215735817        6.3822110842266860E-003
  -10.827483157711630       -5.8704526358099978        6.3817591686914227E-003
  -10.831866826203871       -5.8786529428408247        6.3739778788568565E-003
  -10.833887547813568       -5.8759369839140021        6.3734962558422530E-003
  -10.836625724527073       -5.8681843561769149        6.3747846268578049E-003
  -10.843366042685107       -5.8718705501160864        6.3670968445898538E-003
  -10.844795699392018       -5.8705283799662160        6.3664788196103102E-003
  -10.849757743000062       -5.8762443150716797        6.3594019712962914E-003
  -10.854337585899378       -5.8831330933265082        6.3521142292350397E-003
  -10.856289240271568       -5.8806080084295189        6.3516031572163310E-003
  -10.860757558258808       -5.8879137193808537        6.3442283371026864E-003
  -10.864958442986866       -5.8968480680502209        6.3363269457741541E-003
  -10.870922957426068       -5.9009626180612837        6.3291809906942508E-003
  -10.870284871134722       -5.9012532888328844        6.3295993178439144E-003
  -10.872092600301237       -5.8991049739671597        6.3290403388058351E-003
  -10.877581332241059       -5.9036836583555115        6.3221013381113376E-003
  -10.876194523442841       -5.9042144562527694        6.3230567695391300E-003
  -10.878018061939223       -5.9020149552073544        6.3225090034811950E-003
  -10.882545699623730       -5.9087196118385190        6.3154131406459660E-003
  -10.886751099489540       -5.9171031049178824        6.3078167124767780E-003
  -10.887367515484085       -5.9166910090773834        6.3074767273770304E-003
  -10.893634852197266       -5.9204636391752770        6.3002773950799939E-003
  -10.898254954676760       -5.9266470200447428        6.2933808263849964E-003
  -10.903073199614882       -5.9322220089029027        6.2866091584842087E-003
  -10.904609644845067       -5.9306450680358331        6.2860243242009468E-003
  -10.909438985542863       -5.9361394659413893        6.2792924779754558E-003
  -10.914278650738851       -5.9415719731592711        6.2725908937731160E-003
  -10.918840897540649       -5.9477350135549596        6.2657961371762145E-003
  -10.918699846299054       -5.9478086456019099        6.2658826803792915E-003
  -10.923212617025877       -5.9540779316955517        6.2590906291590358E-003
  -10.928372884416374       -5.9587992843035957        6.2524766524476158E-003
  -10.929740094567169       -5.9575055270461403        6.2519111060852246E-003
  -10.935338769972782       -5.9616480402296936        6.2452036301513681E-003
  -10.939798487120491       -5.9679370426980363        6.2384797315068784E-003
  -10.946538967726129       -5.9712773216189898        6.2311947129866305E-003
  -10.945898699129609       -5.9715683651607758        6.2316040294915593E-003
  -10.947607541789424       -5.9695668665167538        6.2310793484768884E-003
  -10.949547358604217       -5.9668764206905260        6.2306770513402268E-003
  -10.953612906855264       -5.9750015758028141        6.2234616215145087E-003
  -10.957495781628639       -5.9846866721725531        6.2156898439231917E-003
  -10.958932023901115       -5.9832550599025049        6.2151357216309131E-003
  -10.963592196841066       -5.9886930942076972        6.2086812713366968E-003
  -10.965403838735458       -5.9863811444964066        6.2082171252073491E-003
  -10.971464667435054       -5.9899981193960530        6.2014306117567902E-003
  -10.975685817494277       -5.9968430843066711        6.1947196328708794E-003
  -10.980820507429046       -6.0012963745897014        6.1883494507447090E-003
  -10.985893952919948       -6.0058108418631146        6.1820121692647695E-003
  -10.990360679620654       -6.0115647957953513        6.1756246685940718E-003
  -10.996143545287028       -6.0152931345948621        6.1690723977695554E-003
  -11.001222098080740       -6.0197241435857123        6.1627977060244943E-003
  -11.007357659011717       -6.0231851473328302        6.1560933380758213E-003
  -11.009067468831393       -6.0211048485436223        6.1556163147536442E-003
  -11.013454563781130       -6.0269170330309407        6.1493085184861880E-003
  -11.017898750439215       -6.0325137211100737        6.1430602755862679E-003
  -11.024509322843867       -6.0356921184345795        6.1361218184045069E-003
  -11.024917959980248       -6.0354342222167361        6.1358997882429043E-003
  -11.029384943454437       -6.0408728637635170        6.1297241920998165E-003
  -11.031405336065164       -6.0376451858135427        6.1295143176952078E-003
  -11.035309952369065       -6.0455387703396539        6.1227012060722577E-003
  -11.035606906057499       -6.0453586356336464        6.1225371634271919E-003
  -11.040018672813957       -6.0508458705380468        6.1164044225091706E-003
  -11.038438564439312       -6.0514167246213226        6.1174512597718051E-003
  -11.043288039681071       -6.0559403765887483        6.1114001453883519E-003
  -11.047557847946855       -6.0617793751876370        6.1052407878833892E-003
  -11.052112578166476       -6.0667984649929876        6.0992257646634148E-003
  -11.054386841942978       -6.0618125611061160        6.0996050880125722E-003
  -11.055431980114054       -6.0609381102247326        6.0991397958541542E-003
  -11.057640622424181       -6.0564740756835205        6.0993351991717711E-003
  -11.061306015578843       -6.0660385212703263        6.0920144894349923E-003
  -11.066757430155610       -6.0697551592528534        6.0858698818486469E-003
  -11.070511814220932       -6.0781464404874344        6.0790238086950686E-003
  -11.071006708127753       -6.0778211924301928        6.0787649902667345E-003
  -11.075969249593530       -6.0820024891167170        6.0728308864935708E-003
  -11.081776315178431       -6.0854063318691320        6.0665646579288104E-003
  -11.083431348872001       -6.0833721616970964        6.0661255980353984E-003
  -11.085458647458060       -6.0799155151669222        6.0660189312033543E-003
  -11.094069942056709       -6.0824253428179365        6.0578786960365210E-003
  -11.095921454520461       -6.0797455213679905        6.0575670515590034E-003
  -11.099705120042465       -6.0874178336506750        6.0510670253012223E-003
  -11.101458489137038       -6.0850720368234095        6.0506872504290385E-003
  -11.102710291789071       -6.0838858606272250        6.0501981435011915E-003
  -11.109134764684145       -6.0869077823855742        6.0436354746439347E-003
  -11.108595956759704       -6.0871575528053103        6.0439616786706488E-003
  -11.110793149704978       -6.0824813913477342        6.0442571037268890E-003
  -11.112093337409899       -6.0812113969050827        6.0437659166283448E-003
  -11.113427231719784       -6.0798811093625975        6.0432739823699623E-003
  -11.118431506055613       -6.0838252728803122        6.0374643096734806E-003
  -11.123595963643311       -6.0875828151899327        6.0316158595391783E-003
  -11.123722384302406       -6.0875105221208656        6.0315455608654818E-003
  -11.124565685229852       -6.0868633553231497        6.0311496627910221E-003
  -11.125973891919012       -6.0853832915979238        6.0306652750023145E-003
  -11.127241161153115       -6.0841635761612043        6.0301795187573635E-003
  -11.131841607909086       -6.0885895883470198        6.0245021045874248E-003
  -11.133109361842761       -6.0873664348713525        6.0240182121064374E-003
  -11.137710181719127       -6.0917577272916903        6.0183644263780292E-003
  -11.142064908288690       -6.0965999661898262        6.0127178036123146E-003
  -11.145709187614223       -6.1045394792073386        6.0062860992174203E-003
  -11.147198184388545       -6.1028667386165614        6.0058252977080364E-003
  -11.146922216492957       -6.1030047122871975        6.0059864759540284E-003
  -11.151713265986414       -6.1070340042143458        6.0003633905727754E-003
  -11.157170138637282       -6.1104130282848672        5.9944997032029415E-003
  -11.157687858860534       -6.1100676046768028        5.9942362604846287E-003
  -11.157743753796247       -6.1100363918739689        5.9942051482538526E-003
  -11.163401055005004       -6.1132623774413135        5.9882570275978635E-003
  -11.167893780919263       -6.1176551405478481        5.9827377941154506E-003
  -11.172915897691908       -6.1213353072506163        5.9771149799359271E-003
  -11.176972057416398       -6.1266987112459947        5.9715345973278397E-003
  -11.175647312281615       -6.1271950930274652        5.9723737380834837E-003
  -11.181690763109751       -6.1301726224413686        5.9662587293360997E-003
  -11.181875262619020       -6.1300644836392637        5.9661590522794858E-003
  -11.186486654832121       -6.1341640105655868        5.9607028106603765E-003
  -11.191535526329352       -6.1377424993615728        5.9551334141388912E-003
  -11.195458106434771       -6.1433912782829490        5.9495641662502853E-003
  -11.194018988462295       -6.1439150592260798        5.9504770345952312E-003
  -11.196335663644712       -6.1369420904962659        5.9516727559277378E-003
  -11.200182688267283       -6.1428353649115213        5.9460626035780489E-003
  -11.201423191009845       -6.1416230552486413        5.9456066676937232E-003
  -11.207093458882838       -6.1447103344570788        5.9397798194323458E-003
  -11.210665926944358       -6.1520428471308994        5.9337792002932084E-003
  -11.215815678427774       -6.1554442137247962        5.9282440080717551E-003
  -11.220329054544179       -6.1595191317211473        5.9229263795905398E-003
  -11.219451361488513       -6.1598860064229823        5.9234588021780232E-003
  -11.223155333226753       -6.1661842419059889        5.9178235491629807E-003
  -11.229504096303032       -6.1689254439025634        5.9116537615903075E-003
  -11.235022221398355       -6.1720205811788116        5.9059921133974291E-003
  -11.237012469602959       -6.1681790649602668        5.9060856005135297E-003
  -11.238441033112364       -6.1665665474482481        5.9056594581302791E-003
  -11.239639458132629       -6.1654104185214740        5.9052172205108213E-003
  -11.240615746500216       -6.1645845788760214        5.9048069982454337E-003
  -11.245295980410150       -6.1683244155320978        5.8995341968768123E-003
  -11.250505209958540       -6.1715689932155744        5.8940671806702125E-003
  -11.254772421260959       -6.1758745273240754        5.8888886226612560E-003
  -11.261179218926030       -6.1785332154309289        5.8827533111600865E-003
  -11.262682113943946       -6.1767172538466291        5.8823583240976756E-003
  -11.264048216440417       -6.1752291264508452        5.8819295465163081E-003
  -11.268190520628387       -6.1797117768794649        5.8767888232906414E-003
  -11.268866412591212       -6.1792199583051115        5.8764726827337504E-003
  -11.272730009705313       -6.1844001221225522        5.8712581027162859E-003
  -11.273115732767922       -6.1841537861504268        5.8710633568848656E-003
  -11.273351584930452       -6.1840121919429061        5.8709404287951971E-003
  -11.274141841626724       -6.1834023605705948        5.8705862482804931E-003
  -11.277989401481012       -6.1885649611046967        5.8653991354725545E-003
  -11.279960748222706       -6.1846560072282086        5.8655332000787149E-003
  -11.283712180405116       -6.1901132740282563        5.8603022469345669E-003
  -11.285203254205895       -6.1883019444673941        5.8599165806560230E-003
  -11.288926765676825       -6.1938156082408362        5.8546905851158933E-003
  -11.289497654320577       -6.1934188533777803        5.8544172331799994E-003
  -11.293228444275295       -6.1988516069544071        5.8492267079734307E-003
  -11.297103244393622       -6.2037656303214854        5.8441511104161256E-003
  -11.298962963824927       -6.2004811754013796        5.8441073540808934E-003
  -11.298408603234900       -6.2007335312561169        5.8444283325749455E-003
  -11.300105565721285       -6.1982205862229174        5.8441827194751919E-003
  -11.301214079238228       -6.1971876396934595        5.8437643546070724E-003
  -11.302933591655746       -6.1945791609936425        5.8435408728256515E-003
  -11.308490131036958       -6.1974400683884738        5.8380451849864663E-003
  -11.309632433150909       -6.1963508603402095        5.8376247254702503E-003
  -11.310928502803828       -6.1949778798505815        5.8372054353301207E-003
  -11.309095335990978       -6.1955743338902574        5.8383667327371967E-003
  -11.307838210682537       -6.1960432318544951        5.8391379371008452E-003
  -11.312284992776561       -6.1997411197422903        5.8341497644101119E-003
  -11.315736994137719       -6.2062587120245771        5.8287438947915967E-003
  -11.319265497237067       -6.2122742675440534        5.8234971515632745E-003
  -11.323164651585181       -6.2168901606706006        5.8185616201409185E-003
  -11.327695042800443       -6.2204240087191893        5.8136036638659939E-003
  -11.331507828655296       -6.2252182688545137        5.8086712392517595E-003
  -11.334833482378652       -6.2323657666645200        5.8031288607321256E-003
  -11.339622100836047       -6.2356084525265683        5.7981151223815957E-003
  -11.346122119682473       -6.2380495250940609        5.7921403876112143E-003
  -11.352301170040629       -6.2405707301604441        5.7863852351156785E-003
  -11.353782803796856       -6.2387025184615013        5.7860394451609166E-003
  -11.352869835091049       -6.2390747376726408        5.7865780262861309E-003
  -11.354913635135192       -6.2339952812158916        5.7871455182987924E-003
  -11.355926073895995       -6.2330901231006246        5.7867534098176784E-003
  -11.357022697436005       -6.2320554089145039        5.7863512750543130E-003
  -11.361156498623396       -6.2359818430782035        5.7815717609673821E-003
  -11.362416382455528       -6.2346474615129566        5.7811710548096263E-003
  -11.366620846451060       -6.2384374602805872        5.7764011243825811E-003
  -11.370361204656456       -6.2431694858092026        5.7715967081187203E-003
  -11.374213156000414       -6.2475808257550511        5.7668466962794082E-003
  -11.375256502015120       -6.2466233104319917        5.7664552212200052E-003
  -11.379053973217887       -6.2511348579267914        5.7617109717429671E-003
  -11.382715578892267       -6.2560101500754541        5.7569238958350344E-003
  -11.386862333557753       -6.2597906648492607        5.7522302858805264E-003
  -11.388474204537042       -6.2574327696622394        5.7519921734306137E-003
  -11.392909398846607       -6.2608247629620459        5.7472482757086338E-003
  -11.396037151993283       -6.2688526715827777        5.7415770182155700E-003
  -11.401707798593865       -6.2714387297825755        5.7362511485827125E-003
  -11.405721994246511       -6.2753479996100214        5.7316284190176191E-003
  -11.405958163611315       -6.2752048585053339        5.7315104541057465E-003
  -11.409934344097628       -6.2791550033253865        5.7269048905552993E-003
  -11.413204676564366       -6.2855751674444518        5.7218157488821229E-003
  -11.415045153923861       -6.2819285957367796        5.7219406000518303E-003
  -11.415930485295535       -6.2811819543409086        5.7215859482886962E-003
  -11.417539995065733       -6.2787750782427505        5.7213724997838304E-003
  -11.418471427909630       -6.2779672041247201        5.7210083251667153E-003
  -11.418786436352224       -6.2777695282363757        5.7208541070877840E-003
  -11.422677744303753       -6.2817997501194522        5.7162921344315670E-003
  -11.424291035261646       -6.2793634911035676        5.7160877023837995E-003
  -11.429907694738063       -6.2819048860146989        5.7108553207410890E-003
  -11.433991854464994       -6.2855632866987348        5.7063139754322595E-003
  -11.438055289117322       -6.2892355073110622        5.7017876543372596E-003
  -11.441137979520780       -6.2968595064850224        5.6963802688134862E-003
  -11.441183279885701       -6.2968341174717697        5.6963570084760376E-003
  -11.442256002121479       -6.2958046023363385        5.6959811739927257E-003
  -11.443721020365366       -6.2938720925549934        5.6956827451358806E-003
  -11.447245563454553       -6.2986812892461561        5.6911044807314536E-003
  -11.448712357092219       -6.2967364828790515        5.6908101478257188E-003
  -11.447524854471732       -6.2971796139673835        5.6915100348645430E-003
  -11.451614298093054       -6.3007356032412263        5.6870289487749746E-003
  -11.455553235890296       -6.3045024002104535        5.6825785348939362E-003
  -11.456087945515851       -6.3041278918652921        5.6823354198741512E-003
  -11.457501139231733       -6.3023337338506167        5.6820201889893540E-003
  -11.459239727598865       -6.2991733201342655        5.6820196464875215E-003
