  -2.2000000000000002      -0.29999999999999999       0.10070493454179255     
  -2.3899148788697167      -0.65003577230467546        8.9813048121363689E-002
  -2.4937901922404362      -0.56002037154057505        8.6710622933091189E-002
  -2.6611447051776449      -0.81588249646611510        7.8447644190542593E-002
  -2.8292194109913327      -0.97177049728534182        7.1690650042184931E-002
  -3.0534525861294721       -1.0475091194183972        6.4847276666784748E-002
  -3.1368482537117020      -0.84764492462211782        6.4274296431909850E-002
  -3.2108713020070945      -0.76428088025383356        6.2917537364688886E-002
  -3.3366660642115868      -0.85556826797486107        5.9293210164098623E-002
  -3.4502590124842638      -0.94946418605708038        5.6161571694292499E-002
  -3.5126097143753179      -0.87090567449617162        5.5258071580140795E-002
  -3.6093395299706112      -0.97072290978622666        5.2715827690193798E-002
  -3.7050173761279823       -1.0505542308923608        5.0426563470490939E-002
  -3.7347225785879217       -1.0354989809763291        4.9949024825861020E-002
  -3.8077970454278414       -1.2297692234117301        4.7592643487821287E-002
  -3.8482584084427898       -1.1906857109567102        4.7110200827181176E-002
  -3.9454650265295386       -1.2386364386138653        4.5246996448088633E-002
  -4.0565804745269904       -1.2741774005562887        4.3328733045599088E-002
  -4.0864993666120233       -1.2523183172249279        4.2977889407544365E-002
  -4.1206422807412615       -1.2214351330624931        4.2604685887507023E-002
  -4.1819306318609497       -1.3094384797516487        4.1316896854738633E-002
  -4.2162539985407355       -1.2719984011028560        4.0992380081525351E-002
  -4.2360150044763092       -1.2617809782663629        4.0756581781330195E-002
  -4.2765018693600911       -1.1722835446460325        4.0547033083219802E-002
  -4.3278362526313687       -1.3056309472690375        3.9316152457697512E-002
  -4.3494353151564784       -1.2927989389577015        3.9079419163870734E-002
  -4.4024712147123743       -1.3627312732432020        3.8111514514843875E-002
  -4.4544466333431556       -1.4256247285286034        3.7209993668718397E-002
  -4.5007745433688138       -1.5137724053562844        3.6299645519731562E-002
  -4.5538674411938587       -1.5582597984634547        3.5503947306235309E-002
  -4.6076173444693982       -1.5969626426947547        3.4745835787541514E-002
  -4.6307676894012593       -1.5733728595182084        3.4578730637647312E-002
  -4.6608419931509921       -1.4967486020841207        3.4525970297716070E-002
  -4.7189782205413850       -1.5242024687110447        3.3792975688294362E-002
  -4.7636274324043422       -1.5668055058936201        3.3170768034200278E-002
  -4.7815935096753002       -1.5534620970690964        3.3028501208569941E-002
  -4.8255023881640051       -1.5913463775585737        3.2448720014952102E-002
  -4.8691074123641558       -1.6262615942534846        3.1894941872449789E-002
  -4.9061841272996709       -1.6781347527590853        3.1360960036162434E-002
  -4.9408431038734832       -1.7387214558736526        3.0830813775161253E-002
  -4.9509930536510147       -1.7331242070614348        3.0754041362960772E-002
  -4.9950730954000404       -1.7594909505837026        3.0260332393047998E-002
  -5.0444899011047379       -1.7804675008649939        2.9746904810800716E-002
  -5.0764948285412688       -1.8315303172078135        2.9303769071912268E-002
  -5.1179286210885184       -1.8553340382246106        2.8872146192356295E-002
  -5.1334301886539189       -1.8403159969803322        2.8786199551907386E-002
  -5.1504556838880253       -1.8204244758771129        2.8701702298229638E-002
  -5.1836474947158404       -1.8528134705463901        2.8326109004540381E-002
  -5.2161329236843397       -1.8844170204471815        2.7964932948217506E-002
  -5.2295725990437960       -1.8728594194654484        2.7889310248610064E-002
  -5.2474877468243308       -1.8437838020946824        2.7827506798626240E-002
  -5.2753554308486779       -1.8883082770381998        2.7476238975784325E-002
  -5.3028079210377079       -1.9305618954356427        2.7139368551069323E-002
  -5.3138870659403521       -1.9223328226134961        2.7076233155499344E-002
  -5.3490489345395158       -1.9425043395034971        2.6748232646635031E-002
  -5.3756152797828856       -1.9795427528474678        2.6443952772361078E-002
  -5.3995655936155398       -2.0337330896693100        2.6115539039213057E-002
  -5.4301449023465915       -2.0557556931377978        2.5831379640633895E-002
  -5.4536560944284922       -2.1011588819274039        2.5538065692140084E-002
  -5.4530936391264353       -2.1013694152821767        2.5541490024409828E-002
  -5.4661521938242226       -2.0854818042639609        2.5491960316746370E-002
  -5.4890962610470373       -2.1275420469238111        2.5216475292648352E-002
  -5.4912627397239806       -2.1265914408163948        2.5203926460538865E-002
  -5.5020649274009532       -2.1165167594358016        2.5155738131875213E-002
  -5.5274619176271633       -2.1419634989345302        2.4912282060193719E-002
  -5.5486308435036786       -2.1884987566651755        2.4644605658854995E-002
  -5.5713473089460877       -2.2192985647106740        2.4410965265674781E-002
  -5.5973032826899560       -2.2398065989494946        2.4185822008324719E-002
  -5.6004088207509595       -2.2382849411951193        2.4169477281034937E-002
  -5.6224489404585292       -2.2668843831945567        2.3951696004473642E-002
  -5.6453763843530451       -2.2908125420346495        2.3742763328863419E-002
  -5.6591211684170801       -2.2545666684685384        2.3748048445742801E-002
  -5.6774638101534887       -2.3103782994809863        2.3489924812922853E-002
  -5.6859533300022722       -2.3029388098873200        2.3455682313667976E-002
  -5.7186417359668420       -2.3152616098907286        2.3221629755999233E-002
  -5.7433147853742295       -2.3320430654209252        2.3028692359605439E-002
  -5.7621245567948618       -2.3643191500679555        2.2835177008070279E-002
  -5.7751099443639147       -2.3236067007624626        2.2856597971875982E-002
  -5.8019991514833880       -2.3371309897946499        2.2662696703279701E-002
  -5.8121165995128470       -2.3240431184505743        2.2633715347831065E-002
  -5.8363096582134544       -2.3388149216719771        2.2455476909555513E-002
  -5.8593458747912051       -2.3541778423651087        2.2284575755753187E-002
  -5.8772651765150474       -2.3813753876956256        2.2117437327925409E-002
  -5.8942757326136084       -2.4126931324276999        2.1947356184924032E-002
  -5.9018189565050534       -2.4058300050978536        2.1920457887836427E-002
  -5.9231446695486714       -2.4212603818617313        2.1764611773611754E-002
  -5.9445343922395413       -2.4360480104801159        2.1611426145186990E-002
  -5.9655059533783223       -2.4507892194519378        2.1462161668637326E-002
  -5.9835368506945583       -2.4702497050413141        2.1319758344418387E-002
  -6.0028315053085004       -2.4862253951785180        2.1179574010245041E-002
  -6.0174552366516831       -2.5261477507395296        2.1012292408386188E-002
  -6.0366335338311350       -2.5411458712991695        2.0877538580591444E-002
  -6.0374116788648724       -2.5407962070743717        2.0874218470882801E-002
  -6.0525759611917236       -2.5677551826134817        2.0735254523737583E-002
  -6.0596914337121426       -2.5604126255176411        2.0714409712862234E-002
  -6.0683931799929578       -2.5471148645103994        2.0698281393879574E-002
  -6.0838158437822356       -2.5696451240865885        2.0569405878869521E-002
  -6.1003789697169388       -2.5870653754150128        2.0446748854667299E-002
  -6.1089023255186836       -2.5736444922562725        2.0432209225452243E-002
  -6.1179862971937231       -2.5561180260035234        2.0423378392317167E-002
  -6.1249421767644288       -2.5488459408193704        2.0403361272296427E-002
  -6.1385842043248653       -2.5799124214386486        2.0268285565833821E-002
  -6.1526565554112214       -2.6047509700365739        2.0145080719541259E-002
  -6.1564520178564974       -2.6023219942209859        2.0131263402805417E-002
  -6.1719015162603306       -2.6193381061586325        2.0018697286784518E-002
  -6.1801187408234828       -2.6056570253963205        2.0006675753670895E-002
  -6.1872160077325749       -2.5972100424287552        1.9989149117943809E-002
  -6.1885605109521240       -2.5965666238066443        1.9983837300374008E-002
  -6.1956670977334811       -2.5880041505335027        1.9966433921140812E-002
  -6.2083294772120219       -2.6198560913137254        1.9838514162693017E-002
  -6.2237484625657586       -2.6346327668171434        1.9733076693597050E-002
  -6.2292882620105878       -2.6297108205957347        1.9716317191609972E-002
  -6.2457862990534680       -2.6420207284588435        1.9611642403429278E-002
  -6.2578060939165505       -2.6750677269438676        1.9487052279637207E-002
  -6.2732329503920061       -2.6882012086318068        1.9387405527899974E-002
  -6.2806054558522799       -2.6766742342760099        1.9375868459071788E-002
  -6.2878926095620802       -2.6655849215504617        1.9363732368246022E-002
  -6.2946568723087477       -2.6568801891311824        1.9349202169928463E-002
  -6.3003157903207265       -2.6514131237969152        1.9333395874118378E-002
  -6.3054649589862786       -2.6469502065367423        1.9317984826036631E-002
  -6.3211753454865578       -2.6583998863712091        1.9221769116355359E-002
  -6.3275455644838150       -2.6508331517729018        1.9206853274762545E-002
  -6.3405859707596841       -2.6675228536711830        1.9113621613268982E-002
  -6.3461805171901862       -2.6619758404070488        1.9098503816431155E-002
  -6.3610614523872391       -2.6735936594770733        1.9007357533625771E-002
  -6.3675258107838477       -2.6652388922524026        1.8993755180526890E-002
  -6.3740378682086920       -2.6566614336321068        1.8980299101547141E-002
  -6.3945994096802989       -2.6640381368659010        1.8872197191980151E-002
  -6.4094739438814274       -2.6746912583199318        1.8784517878977232E-002
  -6.4169929965264636       -2.6583767080627601        1.8781188802961448E-002
  -6.4209330934860862       -2.6555418993320230        1.8768668524727979E-002
  -6.4328359341672137       -2.6727301848012202        1.8682905670083839E-002
  -6.4377565844988451       -2.6683111785583860        1.8669048304134597E-002
  -6.4496992098816097       -2.6843242852536791        1.8585903858476260E-002
  -6.4535316351789325       -2.6815533334996808        1.8573965642290042E-002
  -6.4668138012762491       -2.6931415951539663        1.8493623227633628E-002
  -6.4778424460679105       -2.7124681729426192        1.8409450588042234E-002
  -6.4755748330131144       -2.7132234727557130        1.8418020578635581E-002
  -6.4823271483118594       -2.7010530055022550        1.8410695734716487E-002
  -6.4869943993771262       -2.6968977736390465        1.8397790195834016E-002
  -6.5008308732028013       -2.7067672804257459        1.8319248802506325E-002
  -6.5149077742146693       -2.7161376821323855        1.8241042796668147E-002
  -6.5263472112562582       -2.7304458894947934        1.8165785166403575E-002
  -6.5306302013604558       -2.7268337069881432        1.8153843804142245E-002
  -6.5342331251104895       -2.7242154362623858        1.8143040804572536E-002
  -6.5461869484790833       -2.7361817882968911        1.8070355516556953E-002
  -6.5564120362051241       -2.7553752243947458        1.7992526525535291E-002
  -6.5548533264425233       -2.7559265065481604        1.7998160682791656E-002
  -6.5588266836603450       -2.7527074445062909        1.7987033087697800E-002
  -6.5655953933510895       -2.7367202059051441        1.7986685421177588E-002
