  -2.2000000000000002      -0.29999999999999999       0.10070493454179255     
  -2.2474787197174293      -0.38750894307616884        9.8026493610470861E-002
  -2.2814426288876510      -0.35807678257272030        9.6775447404267384E-002
  -2.3272815679360983      -0.42815824104924538        9.4343547904205696E-002
  -2.3751488887537953      -0.47255481405360317        9.2041703429893762E-002
  -2.4362652927531441      -0.49319793354645342        8.9456378058924493E-002
  -2.4700889724898221      -0.41213685793418875        8.8721726732430839E-002
  -2.5012079868953911      -0.37709092349427198        8.7732850983318067E-002
  -2.5445280143798081      -0.40852762304959173        8.5899453264949729E-002
  -2.5859572008349212      -0.44277298384667541        8.4152257097756394E-002
  -2.6149567697699352      -0.40623509570191452        8.3312325708668103E-002
  -2.6529188747014234      -0.44540887409415320        8.1723598945696876E-002
  -2.6913021787801541      -0.47743499086086583        8.0185699894130644E-002
  -2.7114272470446488      -0.46723516365188533        7.9553568196533600E-002
  -2.7438688375671330      -0.55348191889129650        7.7910997770200552E-002
  -2.7670861034594161      -0.53105528189596551        7.7287008268244126E-002
  -2.8072325537695777      -0.55085899015280593        7.5849513193996423E-002
  -2.8524590100046741      -0.56532495135632010        7.4315656634101362E-002
  -2.8722371126431825      -0.55087484429745504        7.3783263487867901E-002
  -2.8933091873349639      -0.53181458596896070        7.3238263777721996E-002
  -2.9230339308982467      -0.57449605586096908        7.2076367670953420E-002
  -2.9440222837166843      -0.55160186871546091        7.1574113151547172E-002
  -2.9601214732891155      -0.54327778705065710        7.1136556420701588E-002
  -2.9829570410936297      -0.49279907698916886        7.0716938595083947E-002
  -3.0091535476850049      -0.56084773929209786        6.9591576210347228E-002
  -3.0255548070733158      -0.55110374709139387        6.9167308185092494E-002
  -3.0523896408672733      -0.58648775270059550        6.8207936843651451E-002
  -3.0790165261285360      -0.61870792257484009        6.7280524023616894E-002
  -3.1037874852663161      -0.66583939255868807        6.6326901144458439E-002
  -3.1311774948459266      -0.68878992216422219        6.5450577221776676E-002
  -3.1589643584614553      -0.70879797034014513        6.4593431196922110E-002
  -3.1751700329091990      -0.69228468090203221        6.4263375714032664E-002
  -3.1939573686691984      -0.64441771567635819        6.4034269644642955E-002
  -3.2230623771945304      -0.65816207195982057        6.3205897685680038E-002
  -3.2472525522817590      -0.68124366479638321        6.2465869940436847E-002
  -3.2612361671828207      -0.67085803149115508        6.2166972165156674E-002
  -3.2850988785182573      -0.69144661586375877        6.1462916751745908E-002
  -3.3089155147065799      -0.71051696449244439        6.0776395699291150E-002
  -3.3302134780994397      -0.74031444339114860        6.0101978808548728E-002
  -3.3505773864639079      -0.77591220744233869        5.9423325471540743E-002
  -3.3608246143072442      -0.77026131407520038        5.9212084052942232E-002
  -3.3850200071574195      -0.78473393461701690        5.8568008226788440E-002
  -3.4115200395740737      -0.79598272446728757        5.7896981947282246E-002
  -3.4307596756887251      -0.82667893546084126        5.7295065528921302E-002
  -3.4540924860352806      -0.84008363905860817        5.6700607237021354E-002
  -3.4661646445305889      -0.82838803644131709        5.6495502357573481E-002
  -3.4788679699683658      -0.81354626752052805        5.6292423751907711E-002
  -3.4984881463815345      -0.83269188728056409        5.5763755455204213E-002
  -3.5178236292679363      -0.85150247152277447        5.5248192837308446E-002
  -3.5287821496887783      -0.84207856782072910        5.5061835124217806E-002
  -3.5416750702336395      -0.82115383813686993        5.4891502767806404E-002
  -3.5588493688780249      -0.84859338528389361        5.4390630437384978E-002
  -3.5758496608882888      -0.87475945788060971        5.3902820494384655E-002
  -3.5855412980900212      -0.86756096115548331        5.3738107613701042E-002
  -3.6059129886802039      -0.87924770924905626        5.3260373676897635E-002
  -3.6224590069757450      -0.90231592805043981        5.2808394539783067E-002
  -3.6378211038457300      -0.93707443724956507        5.2323555998929606E-002
  -3.6562519829413622      -0.95034798589216674        5.1890527976656019E-002
  -3.6714020861461134      -0.97960481785505338        5.1443454785547189E-002
  -3.6751678969576766      -0.97819523245209272        5.1377626884964174E-002
  -3.6853471398790094      -0.96581071856546297        5.1243752790446788E-002
  -3.7001314655203070      -0.99291281506807894        5.0821145916531127E-002
  -3.7050693801266559      -0.99074616010274319        5.0737940045019886E-002
  -3.7140765260053032      -0.98234562795226621        5.0608907718722687E-002
  -3.7299201076496997      -0.99822024503251072        5.0229176476802570E-002
  -3.7437647041621540       -1.0286545651601366        4.9815919282128272E-002
  -3.7583508902985350       -1.0484310455397710        4.9445202401063836E-002
  -3.7745062872782866       -1.0611955612413155        4.9084491448817796E-002
  -3.7795197096945397       -1.0587390744922252        4.9005920624450527E-002
  -3.7937304085249144       -1.0771789950717490        4.8655395968582593E-002
  -3.8083747551105782       -1.0924625239650394        4.8315731380329227E-002
  -3.8184856938811018       -1.0657993325606705        4.8270093466014491E-002
  -3.8308259296966827       -1.1033472876395036        4.7863831135839266E-002
  -3.8382781911270705       -1.0968167626689309        4.7766015726299058E-002
  -3.8576665921707574       -1.1041257574454335        4.7391825874637181E-002
  -3.8731021848679239       -1.1146243264772844        4.7073648021120622E-002
  -3.8856143607558202       -1.1360942337422555        4.6753639819940233E-002
  -3.8951883978825959       -1.1060772243076122        4.6737927558590749E-002
  -3.9116675976778748       -1.1143656598892293        4.6418888971767290E-002
  -3.9197689676587810       -1.1038857752669280        4.6332434383914163E-002
  -3.9348616517855457       -1.1131010697347481        4.6036000628213149E-002
  -3.9493792255906262       -1.1227828824695505        4.5749342429021810E-002
  -3.9613265920412060       -1.1409163480268383        4.5467362121102577E-002
  -3.9728078027058951       -1.1620541416844081        4.5180236390005013E-002
  -3.9794514315372900       -1.1560095019841587        4.5101133658697390E-002
  -3.9930934181028839       -1.1658802618543835        4.4834862781626551E-002
  -4.0067670753954658       -1.1753334449937836        4.4572037143639984E-002
  -4.0202254268683424       -1.1847935118989144        4.4314557199700462E-002
  -4.0321672916718336       -1.1976821931355028        4.4066810088857225E-002
  -4.0447584127715484       -1.2081074561523237        4.3821988653182840E-002
  -4.0549169576176265       -1.2358399841788785        4.3535705286887078E-002
  -4.0674590884198620       -1.2456483831251750        4.3297796912654847E-002
  -4.0702997521902748       -1.2443719135055962        4.3260451021966080E-002
  -4.0807023594436451       -1.2628656099721942        4.3016374798440650E-002
  -4.0868388555635038       -1.2565332725203717        4.2953245781095432E-002
  -4.0938040019381834       -1.2458893340645765        4.2897335014472952E-002
  -4.1042907848460253       -1.2612089924751471        4.2669668846723172E-002
  -4.1153732854071716       -1.2728650014847787        4.2451159512837858E-002
  -4.1221878111579997       -1.2621348435503452        4.2399081268572329E-002
  -4.1292902625797128       -1.2484314900385234        4.2355617389426656E-002
  -4.1352670206774871       -1.2421830359687989        4.2295008311460866E-002
  -4.1447363161526320       -1.2637471094214847        4.2059403555284529E-002
  -4.1544251549980933       -1.2808484944738925        4.1841317146163688E-002
  -4.1586570007841610       -1.2781402471343750        4.1791919589378244E-002
  -4.1690499513569401       -1.2895870660333604        4.1590396295543466E-002
  -4.1755951542561096       -1.2786897796343979        4.1544383466030246E-002
  -4.1815405085356145       -1.2716137731972172        4.1489846255171672E-002
  -4.1844448904509779       -1.2702238669605528        4.1454131827786775E-002
  -4.1903778277054267       -1.2630754821964763        4.1399937199451758E-002
  -4.1992177849907613       -1.2853122029036188        4.1176906033287601E-002
  -4.2095071415976530       -1.2951729349966119        4.0987934972829543E-002
  -4.2145533202266634       -1.2906895561156682        4.0936061638195541E-002
  -4.2253893311371593       -1.2987747783493893        4.0748582553384427E-002
  -4.2338457772016413       -1.3220247725019487        4.0529806334864950E-002
  -4.2441159858505131       -1.3307681997475367        4.0349483821625128E-002
  -4.2500642367142127       -1.3214680594441928        4.0307426599511267E-002
  -4.2559605351211749       -1.3124952972983890        4.0264385648710099E-002
  -4.2615721129990014       -1.3052739214137081        4.0217598306254161E-002
  -4.2665907546401005       -1.3004254253437733        4.0168865162047568E-002
  -4.2713333693282998       -1.2963148788992742        4.0120810151102575E-002
  -4.2816473797512611       -1.3038316969705650        3.9948097229252216E-002
  -4.2870112301032579       -1.2974603568241629        3.9901254506773128E-002
  -4.2958912921540406       -1.3088254619697024        3.9733458292391027E-002
  -4.3008187794699229       -1.3039398402594191        3.9686789821405499E-002
  -4.3106508778688992       -1.3116159398301375        3.9522493401206213E-002
  -4.3160158965597963       -1.3046819984289360        3.9478585264354875E-002
  -4.3214000813434383       -1.2975901349558767        3.9434915296928288E-002
  -4.3341837363131148       -1.3021764267513989        3.9245216982098700E-002
  -4.3439655259074605       -1.3091821313453911        3.9086937973062320E-002
  -4.3498464854322885       -1.2964218523238666        3.9059640611529237E-002
  -4.3538343586100767       -1.2935526697079778        3.9018067974635119E-002
  -4.3620078681396759       -1.3053556181673918        3.8863527949386689E-002
  -4.3664866615694615       -1.3013334229710862        3.8820366390771459E-002
  -4.3746618956053789       -1.3122950742563271        3.8670081656608062E-002
  -4.3785406382514394       -1.3094906337507501        3.8630347373113383E-002
  -4.3874047322289025       -1.3172242699352708        3.8484629147713320E-002
  -4.3950711024839002       -1.3306588037233074        3.8332824433160682E-002
  -4.3956614532685929       -1.3304621688360654        3.8325968904351804E-002
  -4.4010404356771442       -1.3207670159346057        3.8294247937883462E-002
  -4.4053113354972773       -1.3169646537370254        3.8253843833604161E-002
  -4.4144166647846310       -1.3234594522188405        3.8111761304896415E-002
  -4.4236455635578826       -1.3296027424744423        3.7970141270343323E-002
  -4.4314725606870606       -1.3393925859380760        3.7833042062586898E-002
  -4.4354877714147962       -1.3360062428463597        3.7795088291719396E-002
  -4.4391372196432961       -1.3333541624458907        3.7758970972883124E-002
  -4.4472080986098277       -1.3414335004085998        3.7626372345661935E-002
  -4.4543557557984963       -1.3548503145402477        3.7485608467996270E-002
  -4.4552103870181403       -1.3545480498400162        3.7476062148551210E-002
  -4.4590119156163643       -1.3514681967735123        3.7440207683427325E-002
  -4.4642956047903422       -1.3389884770960407        3.7421192761343466E-002
  -4.4712616744827978       -1.3527088613239775        3.7282824436587231E-002
  -4.4750791356196196       -1.3495277342932626        3.7247334972020332E-002
  -4.4791048581200021       -1.3458004955841207        3.7211297122561091E-002
  -4.4872151302756533       -1.3525020956373297        3.7085988420876174E-002
  -4.4941315316387831       -1.3646306703429583        3.6955686497885117E-002
  -4.5020989460895162       -1.3713294970936769        3.6833172914395605E-002
  -4.5104981506064492       -1.3770672869023153        3.6709496042919884E-002
  -4.5148085020619311       -1.3718522167667684        3.6676420459412502E-002
  -4.5199071391843377       -1.3580744129907893        3.6665054230616972E-002
  -4.5247371617236052       -1.3488516709639118        3.6639904960399247E-002
  -4.5288442557456685       -1.3444996128538678        3.6605754140322216E-002
  -4.5361224145675418       -1.3522663221499909        3.6489650697345465E-002
  -4.5424412348100685       -1.3682323999174155        3.6355925903834185E-002
  -4.5493442349636881       -1.3771985946451859        3.6240801215714338E-002
  -4.5535831808825140       -1.3718034784919098        3.6209627510224864E-002
  -4.5561190673846950       -1.3703952426650217        3.6184419437732929E-002
  -4.5600908846933423       -1.3661430263058454        3.6152276162986656E-002
  -4.5646680641197106       -1.3580017358058827        3.6126693532402679E-002
  -4.5670149917513774       -1.3567817821343597        3.6103060568883502E-002
  -4.5730910979132462       -1.3730482295110042        3.5973262847439007E-002
  -4.5797111483146757       -1.3820542409491916        3.5863081476766270E-002
  -4.5841083535736455       -1.3748138675330333        3.5836947178583108E-002
  -4.5869470556670855       -1.3730068417149330        3.5809909582305455E-002
  -4.5903972937861006       -1.3700975784833245        3.5779564649089185E-002
  -4.5980394997389764       -1.3753573481253676        3.5671511652785946E-002
  -4.5996070703661536       -1.3746912063784831        3.5655503650280689E-002
  -4.6022097378994458       -1.3731564968509498        3.5630435545906586E-002
  -4.6092211894427777       -1.3794391810715392        3.5526790000035509E-002
  -4.6132312143753538       -1.3742760041658610        3.5498081135661205E-002
  -4.6191743800753526       -1.3868086853166079        3.5385691299411194E-002
  -4.6270646534895734       -1.3913069784194023        3.5279015220567041E-002
  -4.6340858695289731       -1.3970480966821666        3.5178448552572170E-002
  -4.6381736048619757       -1.3908367007514049        3.5152991475197827E-002
  -4.6418556883846218       -1.3868328994529970        3.5124532614945400E-002
  -4.6459975636314228       -1.3800588844021950        3.5100212651563649E-002
  -4.6494523196338617       -1.3768142241870043        3.5071691805238191E-002
  -4.6560437768818499       -1.3831349545809601        3.4975055495971026E-002
  -4.6621904263678333       -1.3911276467159828        3.4878137547323156E-002
  -4.6656817838221274       -1.3876269656325881        3.4850375883543123E-002
  -4.6691825371132687       -1.3840786244698573        3.4822652682800971E-002
  -4.6730427336302371       -1.3788384256685930        3.4796498496337390E-002
  -4.6760454474548112       -1.3765674798810665        3.4770104696809932E-002
  -4.6824963795836680       -1.3826069506011864        3.4677220912747615E-002
  -4.6851046296581735       -1.3809513514937775        3.4653358267270139E-002
  -4.6885924563024179       -1.3773129248356368        3.4626170530606716E-002
  -4.6927733505314739       -1.3683659282797258        3.4608606213941885E-002
  -4.6954266634505277       -1.3666510198798585        3.4584405094761198E-002
  -4.7014047580497049       -1.3738860908751604        3.4493737513800804E-002
  -4.7070589643845553       -1.3830313412491009        3.4400695423597479E-002
  -4.7103094396031091       -1.3800169717777127        3.4374346838931966E-002
  -4.7156610805142929       -1.3922378364617154        3.4274998213923907E-002
  -4.7169070169034688       -1.3917376983640619        3.4262831850924207E-002
  -4.7195574118225583       -1.3899432699603869        3.4239347020918562E-002
  -4.7265525798033803       -1.3941163344209204        3.4148504062387876E-002
  -4.7329467844233841       -1.3991634307172640        3.4061751182902791E-002
  -4.7396892873482308       -1.4035231798357324        3.3973701530579291E-002
  -4.7421986508607663       -1.4018879603141081        3.3951548135590010E-002
  -4.7498067905536994       -1.4053002840294253        3.3857522911202378E-002
  -4.7525975981450763       -1.4031702349281276        3.3833996820656978E-002
  -4.7560739268611192       -1.3988013881768995        3.3810187116858140E-002
  -4.7616245225156977       -1.4060536363352039        3.3726750343015262E-002
  -4.7643853236969953       -1.4039471024272880        3.3703584079751603E-002
  -4.7698736670066202       -1.4112240352132184        3.3621075862966351E-002
  -4.7763125357869676       -1.4155296045079291        3.3538043400767291E-002
  -4.7796734958783054       -1.4114257276000137        3.3514983076182857E-002
  -4.7851459259692710       -1.4182575982176135        3.3434666957312682E-002
  -4.7904050789085195       -1.4262401916581029        3.3353187480426962E-002
  -4.7960808107156154       -1.4319180919035102        3.3274791257422061E-002
  -4.7985766964478396       -1.4301694306683912        3.3253831279393568E-002
  -4.8040546111086444       -1.4363743600558267        3.3176175568256118E-002
  -4.8098312958584053       -1.4414607444526875        3.3099117170185266E-002
  -4.8148053794788384       -1.4507839592561880        3.3017330037901568E-002
  -4.8164584350117714       -1.4499703469742276        3.3002553292404972E-002
  -4.8219030466711077       -1.4558101225711599        3.2927087592503200E-002
  -4.8252296083478718       -1.4510989206534148        3.2907154041901733E-002
  -4.8300034104699483       -1.4619685950201822        3.2823168171886845E-002
  -4.8348383286722401       -1.4714899328304827        3.2742929969967027E-002
  -4.8404066704069324       -1.4765238403690899        3.2669425928148796E-002
  -4.8452334341263290       -1.4854508196882865        3.2591495311034828E-002
  -4.8481276371227846       -1.4824672567768553        3.2571114159016507E-002
  -4.8540501482410017       -1.4865677278972198        3.2497406392847331E-002
  -4.8591621058336658       -1.4928042182365053        3.2425504797205268E-002
  -4.8623762875302861       -1.4880826434872261        3.2407459648278403E-002
  -4.8658494574306888       -1.4806643385672809        3.2395108547278485E-002
  -4.8706885125359438       -1.4881729624021001        3.2322432709683997E-002
  -4.8756068030117428       -1.4949292619595858        3.2251452764569019E-002
  -4.8785579039248583       -1.4914828554358779        3.2232228482252143E-002
  -4.8816965857524561       -1.4869913377397934        3.2214310422590417E-002
  -4.8827186507105740       -1.4865724946741414        3.2205248735235503E-002
  -4.8876967656574770       -1.4925578210380810        3.2136455480648009E-002
  -4.8912317145368016       -1.4823174654447182        3.2132217387291280E-002
  -4.8925229345643562       -1.4817357925347259        3.2120958149980929E-002
  -4.8957787566478705       -1.4760298520652104        3.2105497371685880E-002
  -4.8990332139131603       -1.4703014784666442        3.2090044285751670E-002
  -4.9018945117217871       -1.4671180778677868        3.2070806945162636E-002
  -4.9069161839895639       -1.4723934999964940        3.2004333073792461E-002
  -4.9112190757708092       -1.4845076151279564        3.1924570494758754E-002
  -4.9141457486915474       -1.4808637092614436        3.1906286626571093E-002
  -4.9173156828480806       -1.4754909289069906        3.1890737734061904E-002
  -4.9227860939794361       -1.4793797076245434        3.1824443895945381E-002
  -4.9306062422420789       -1.4816327501290725        3.1739871669429105E-002
  -4.9355090839385465       -1.4867454978857952        3.1675980472968594E-002
  -4.9404952282846102       -1.4914905504629659        3.1612519368682326E-002
  -4.9454040277734777       -1.4963896510042953        3.1549520314968403E-002
  -4.9501475363677221       -1.5018098889730735        3.1486747303804997E-002
  -4.9525498144552209       -1.4997643862044543        3.1469259232662472E-002
  -4.9574796565638426       -1.5043680328560651        3.1407303752198475E-002
  -4.9593186222519208       -1.5032599644912439        3.1392609051556705E-002
  -4.9597947291437627       -1.5030943066159139        3.1388446344665699E-002
  -4.9617573238861947       -1.5018230683608194        3.1373033006049440E-002
  -4.9632076987920124       -1.5010983944347733        3.1361011068860481E-002
  -4.9657342650278746       -1.4986466733892971        3.1343581510167730E-002
  -4.9703678829387403       -1.5039146972952939        3.1282928891447410E-002
  -4.9758008483318248       -1.5072635915482968        3.1220304011071582E-002
  -4.9778431870736268       -1.5058475181893700        3.1204656179501543E-002
  -4.9807847011960389       -1.5010889352950689        3.1190071950028337E-002
  -4.9834046109374501       -1.4982105257791343        3.1173084023584846E-002
  -4.9881119125622577       -1.5028204495353519        3.1114138407462435E-002
  -4.9904109128847347       -1.5008894594922630        3.1097553718848536E-002
  -4.9917863784205894       -1.5002172376917848        3.1086230927537754E-002
  -4.9945861611670059       -1.4963098889805349        3.1070534451875329E-002
  -4.9977211948193085       -1.4884446897345902        3.1062957569856230E-002
  -5.0028044238823615       -1.4919640141364690        3.1003898107212977E-002
  -5.0070631225593276       -1.4981993237464866        3.0945111043188145E-002
  -5.0117353404319029       -1.5024768748559905        3.0888099693826426E-002
  -5.0181726135542668       -1.5047842633655284        3.0820029708995660E-002
  -5.0224224899613485       -1.5106213165922222        3.0762884689193082E-002
  -5.0239998475186072       -1.5097519389986371        3.0750378057626444E-002
  -5.0280804440644404       -1.5166450693268343        3.0691976497313270E-002
  -5.0311263555332690       -1.5087648956720783        3.0685573477929322E-002
  -5.0325324762132588       -1.5080520543303160        3.0674278189322120E-002
  -5.0372775096162234       -1.5117801212451936        3.0618827467325929E-002
  -5.0426359610120741       -1.5146169280929138        3.0560253293333936E-002
  -5.0449206159164932       -1.5125306066757496        3.0544635727179397E-002
  -5.0464177432265105       -1.5117279675367694        3.0532809599900325E-002
  -5.0501418003557275       -1.5230160949881251        3.0465967625472261E-002
  -5.0511645499449038       -1.5225733167644364        3.0457632492851473E-002
  -5.0552340198245957       -1.5284228465529772        3.0403021794372320E-002
  -5.0574667582568003       -1.5263974656445718        3.0387877646165785E-002
  -5.0596824072725575       -1.5244126006139109        3.0372777392407811E-002
  -5.0626059062297983       -1.5172561620278622        3.0365560516347274E-002
  -5.0649373998768876       -1.5149234172868926        3.0350318099067925E-002
  -5.0689235932835572       -1.5208766209634712        3.0296555937527888E-002
  -5.0714756874650497       -1.5175199137226583        3.0282170166661695E-002
  -5.0730144668352679       -1.5166570192108502        3.0270261099200557E-002
  -5.0772791625439746       -1.5209730949088429        3.0218671813157492E-002
  -5.0789968244795949       -1.5198921926663516        3.0205748552177884E-002
  -5.0835430721044519       -1.5233819971906093        3.0153993845510586E-002
  -5.0880566142010242       -1.5268892460029149        3.0102609972922540E-002
  -5.0923659664037730       -1.5308258118989224        3.0052033170153532E-002
  -5.0947232384453214       -1.5282036906849097        3.0037596801421141E-002
  -5.0989223740409777       -1.5323641935070227        2.9987570693488785E-002
  -5.1025288024113493       -1.5411385719558111        2.9930344655616694E-002
  -5.1045952057784820       -1.5393714042923401        2.9916333109174940E-002
  -5.1070764166532872       -1.5359955732543595        2.9902954214363304E-002
  -5.1105469775575063       -1.5474741740067919        2.9839730750303866E-002
  -5.1127658732173114       -1.5452262429687451        2.9825729144798616E-002
  -5.1143078034870788       -1.5443156163025415        2.9814208260858895E-002
  -5.1157747008394985       -1.5434869701933531        2.9803147690921392E-002
  -5.1171960250033459       -1.5427045275607012        2.9792377737941207E-002
  -5.1185801723423046       -1.5419580156163535        2.9781850178739269E-002
  -5.1224277481131937       -1.5470320688617145        2.9733079376164571E-002
  -5.1250698156837604       -1.5418156370844971        2.9723391672886158E-002
  -5.1267178073073785       -1.5407624568827281        2.9711338518202336E-002
  -5.1290877522136880       -1.5377609594337263        2.9698045180626468E-002
  -5.1314626845865305       -1.5347199851088540        2.9684799629254258E-002
  -5.1337962014593419       -1.5318827644895447        2.9671364498587753E-002
  -5.1356874338029579       -1.5304270076964075        2.9658196190126492E-002
  -5.1375394893384687       -1.5290440473701759        2.9645187684731632E-002
  -5.1399984907868825       -1.5253935059723054        2.9632781825924211E-002
  -5.1439782427437857       -1.5293771649930523        2.9586230640188341E-002
  -5.1477699736088844       -1.5340724708129874        2.9539554515594389E-002
  -5.1518261147145195       -1.5377147578075199        2.9493410279003884E-002
  -5.1522932983195897       -1.5375499289857095        2.9489664242101022E-002
  -5.1535085413691188       -1.5369442127693438        2.9480395240170217E-002
  -5.1557301800404067       -1.5344437150123433        2.9467170610028594E-002
  -5.1597190681392497       -1.5381262625367096        2.9421687376226371E-002
  -5.1638840974549201       -1.5413419642572659        2.9375965751981405E-002
  -5.1658807605895509       -1.5395520375833727        2.9362931983134041E-002
  -5.1680004143943208       -1.5373769611040766        2.9349822592678980E-002
  -5.1701399386833113       -1.5351226638968036        2.9336741529941094E-002
  -5.1716502451330664       -1.5342118976854033        2.9325708926251678E-002
  -5.1735758914011321       -1.5325866783018915        2.9312868750485666E-002
  -5.1754814265525324       -1.5310053607270779        2.9300092220658970E-002
  -5.1767905072122105       -1.5303105579360701        2.9290287237436825E-002
  -5.1786494187593632       -1.5288262865532527        2.9277673292118275E-002
  -5.1829402433572280       -1.5316005302090008        2.9232355636682316E-002
  -5.1872752550245771       -1.5342852008062324        2.9186977210177101E-002
  -5.1888917377572268       -1.5332158159089899        2.9175487701507883E-002
  -5.1910720489412263       -1.5306671575410877        2.9162875887555274E-002
  -5.1947173036555805       -1.5349375016653779        2.9119608530878274E-002
  -5.1968567997138821       -1.5325299150685034        2.9107023977913777E-002
  -5.2002795446215861       -1.5380755557357990        2.9062515535416396E-002
  -5.2024862791113158       -1.5352977511188231        2.9050341994207710E-002
  -5.2041110217498172       -1.5341971874933302        2.9038928322155152E-002
  -5.2052198338078712       -1.5336649046220137        2.9030574851050487E-002
  -5.2063269498387568       -1.5331336327627469        2.9022235899982488E-002
  -5.2099392857528324       -1.5371974146671090        2.8980094896226320E-002
  -5.2104033279254081       -1.5370338970019017        2.8976456479433105E-002
  -5.2128590053209543       -1.5317729265019795        2.8968523036821282E-002
  -5.2167613126416930       -1.5348521782936553        2.8926505724963934E-002
  -5.2191445105585519       -1.5304376662915424        2.8917020951364676E-002
  -5.2201730856093267       -1.5299636967444492        2.8909257231011870E-002
  -5.2220517047135990       -1.5283183901808410        2.8897072898895020E-002
  -5.2240458070970153       -1.5263223770619430        2.8884775073406355E-002
  -5.2260575595792043       -1.5242582540128360        2.8872493743889217E-002
  -5.2294159808303045       -1.5292483783064288        2.8830580811285041E-002
  -5.2306076392095546       -1.5286412204991340        2.8821765984870493E-002
  -5.2341703175553453       -1.5324128306822269        2.8781262065583187E-002
  -5.2382372525766847       -1.5349908328403079        2.8739491888430804E-002
  -5.2416665669396840       -1.5392300415531379        2.8699100604107769E-002
  -5.2431109210203397       -1.5383410734489573        2.8688884645227633E-002
  -5.2448184050158186       -1.5370251620575437        2.8677480803836950E-002
  -5.2470458258068415       -1.5336006099550112        2.8666913367515007E-002
  -5.2485746747167461       -1.5325930515991104        2.8656269487227558E-002
  -5.2530327189300037       -1.5346733801802950        2.8612651120388081E-002
  -5.2561992203810668       -1.5404947415813302        2.8570812835168439E-002
  -5.2604939503044692       -1.5426735726382037        2.8528523015360678E-002
  -5.2622093633807250       -1.5413050712667997        2.8517271253124327E-002
  -5.2657108144163587       -1.5448024630413004        2.8478568072551596E-002
  -5.2696327456577388       -1.5473393799574235        2.8438750885481572E-002
  -5.2751528225149160       -1.5488788483341347        2.8387910473190382E-002
  -5.2773212829086464       -1.5455348557315760        2.8377812502564305E-002
  -5.2809786473055924       -1.5484472156084039        2.8339510765815187E-002
  -5.2855205921782531       -1.5503379600840417        2.8296327054713091E-002
  -5.2872431067304042       -1.5488998420229132        2.8285318221447857E-002
  -5.2905745592474700       -1.5526992352036821        2.8247746456499641E-002
  -5.2937719232220584       -1.5571595252541346        2.8209725914212561E-002
  -5.2972700537178703       -1.5602887923701729        2.8172528795863554E-002
  -5.2989076302205609       -1.5590054894216825        2.8161937751384779E-002
  -5.3002051408768693       -1.5582489311684113        2.8152904067429489E-002
  -5.3032674982704719       -1.5635038651528774        2.8114218684649098E-002
  -5.3050622644092496       -1.5618029794721717        2.8103375542972420E-002
  -5.3079401836012368       -1.5697480702871034        2.8059669900659806E-002
  -5.3099874754112966       -1.5668604224246496        2.8049689463138527E-002
  -5.3135558468517496       -1.5696326520574708        2.8013070136556569E-002
  -5.3171882988863697       -1.5722548330949151        2.7976350286058924E-002
  -5.3179043209479042       -1.5719613066725455        2.7971113558040901E-002
  -5.3199846174340379       -1.5687081091276422        2.7961796331223629E-002
  -5.3218779784563743       -1.5665666772402249        2.7951296029138064E-002
  -5.3257107192409485       -1.5688270699871543        2.7913925592241907E-002
  -5.3263959447366513       -1.5685509787057426        2.7908914064505387E-002
  -5.3277772879306120       -1.5676610275968115        2.7899627909083367E-002
  -5.3290258539565292       -1.5669384427926853        2.7891036586887286E-002
  -5.3329972765779647       -1.5690007150740741        2.7853117989285251E-002
  -5.3364249703769646       -1.5718313450684269        2.7817893311244991E-002
  -5.3368153966893663       -1.5716952549469425        2.7815000001804795E-002
  -5.3384769508996444       -1.5702539398458921        2.7804784262827675E-002
  -5.3412751196264070       -1.5774580526150666        2.7764208937418208E-002
  -5.3426360696531301       -1.5765767215664621        2.7755146284121544E-002
  -5.3454683094815900       -1.5828177650100017        2.7716690557569732E-002
  -5.3483299410880019       -1.5884763313889125        2.7679446379881151E-002
  -5.3512737943921698       -1.5931553187332363        2.7643954093134790E-002
  -5.3526396353426904       -1.5922466739017398        2.7634996550510972E-002
  -5.3559927626224031       -1.5950279689439977        2.7600846617843018E-002
  -5.3591506224343339       -1.5983448691009186        2.7567041745759316E-002
  -5.3635616060955282       -1.5999923947349213        2.7527151652296477E-002
  -5.3652217772993653       -1.5984487159464027        2.7517399720444001E-002
  -5.3683487872317324       -1.6017592212340412        2.7484003324352291E-002
  -5.3697180649493861       -1.6008245995012520        2.7475160638020288E-002
  -5.3729611553405503       -1.6037076499923477        2.7441926856670490E-002
  -5.3750593125630575       -1.5990134089112855        2.7436267508844779E-002
  -5.3787286602420270       -1.6011228112724645        2.7401527211798404E-002
  -5.3805893041785229       -1.5986947939966443        2.7392332427446250E-002
  -5.3819690212496196       -1.5977341032890511        2.7383497395324956E-002
  -5.3823986263293886       -1.5975787993107993        2.7380402203304635E-002
  -5.3854844635690444       -1.6007802231158859        2.7347854142633396E-002
  -5.3886307936101110       -1.6037460721534671        2.7315431254119404E-002
  -5.3906374689024377       -1.5999793940493956        2.7308297783502786E-002
  -5.3922479831823793       -1.5985028113725306        2.7298872482375270E-002
  -5.3948701932797434       -1.6060573914792891        2.7259807551075706E-002
  -5.3978545327690330       -1.6094776262815689        2.7227738296751972E-002
  -5.4008656789658254       -1.6127431003165638        2.7195868985468965E-002
  -5.4027716901229290       -1.6097559759370736        2.7187760894804323E-002
  -5.4057615885321022       -1.6130352123970511        2.7156098533270067E-002
  -5.4076973855984267       -1.6097190841591904        2.7148544982617245E-002
  -5.4105815295580779       -1.6134174476829017        2.7116799501481128E-002
  -5.4120844446796248       -1.6121585146785122        2.7107828053376585E-002
  -5.4156484391761799       -1.6141628983899268        2.7074759184047857E-002
  -5.4184467808139622       -1.6182382420670345        2.7042916184083530E-002
  -5.4220370730454492       -1.6201866618203655        2.7009878790329036E-002
  -5.4237693700766672       -1.6181138912638620        2.7001071885531941E-002
  -5.4253091946521730       -1.6167304429536953        2.6992158132025101E-002
  -5.4279170346908838       -1.6225726688355657        2.6957792566150326E-002
  -5.4289737771660720       -1.6219870020383440        2.6950837658744488E-002
  -5.4307684751831662       -1.6195104374827805        2.6942514702160546E-002
  -5.4320839451482099       -1.6185871078809981        2.6934314593462284E-002
  -5.4351128824024304       -1.6213524751801112        2.6903969801062081E-002
  -5.4391013885244961       -1.6229354547870058        2.6868904681206698E-002
  -5.4418211748989274       -1.6270315937011710        2.6837964803219195E-002
  -5.4429317886216149       -1.6263795797834084        2.6830787378284739E-002
  -5.4446527511541287       -1.6242229434154036        2.6822348044703754E-002
  -5.4462927568998989       -1.6224320082093509        2.6813684011698161E-002
  -5.4498155342757499       -1.6242938892611125        2.6781778323429685E-002
  -5.4515754867513300       -1.6218714281755220        2.6773659767682177E-002
  -5.4544235705737716       -1.6250128702498874        2.6744115259773892E-002
  -5.4562149639195772       -1.6223319439088093        2.6736364684252754E-002
  -5.4576016891111339       -1.6212443391542612        2.6728070378317766E-002
  -5.4592356158348592       -1.6194284936617460        2.6719534182618208E-002
  -5.4611244063616278       -1.6157357900310401        2.6713338841043564E-002
  -5.4638897245139448       -1.6190953436555509        2.6684057091130090E-002
  -5.4674730651253212       -1.6208191215757790        2.6652227312406098E-002
  -5.4703792871466481       -1.6235590710990424        2.6623363869986056E-002
  -5.4729318785119432       -1.6283619913395107        2.6592529444829583E-002
  -5.4754693739720350       -1.6332529636474642        2.6561638330256557E-002
  -5.4782036582127525       -1.6365463018665589        2.6532941266026976E-002
  -5.4817261681755616       -1.6382661548141260        2.6501833898096662E-002
  -5.4845482357952502       -1.6411247275363652        2.6473544123378920E-002
  -5.4857698737954053       -1.6402898283110081        2.6466073709894147E-002
  -5.4885069359838488       -1.6434205766774013        2.6437863121448888E-002
  -5.4899791886686229       -1.6420412526713837        2.6429735737774629E-002
  -5.4927850461069214       -1.6448512424185833        2.6401787618785456E-002
  -5.4955161629469416       -1.6479080928067185        2.6373882127561386E-002
  -5.4967396993802184       -1.6470559799943174        2.6366482002272221E-002
  -5.4995557105373853       -1.6497561072725351        2.6338795561288514E-002
  -5.5004510649529239       -1.6492942567308500        2.6333021343251918E-002
  -5.5021534671100500       -1.6467826732214925        2.6325775291632908E-002
  -5.5038586928610895       -1.6442412693335793        2.6318566870132874E-002
  -5.5057030402165967       -1.6401427505520130        2.6313826871283644E-002
  -5.5074591337593226       -1.6371516900773089        2.6307224556958220E-002
  -5.5088119906831530       -1.6360454411165326        2.6299418615672726E-002
  -5.5089769227058296       -1.6359923313247839        2.6298281985507068E-002
  -5.5109116921109278       -1.6294136274574611        2.6298393468707857E-002
  -5.5122853482691978       -1.6282582488372261        2.6290526570702747E-002
  -5.5150469917643239       -1.6309273962959911        2.6263492299234258E-002
  -5.5185890988050010       -1.6324698803229307        2.6233097537033099E-002
  -5.5212630598230614       -1.6353876305377493        2.6206248405061243E-002
  -5.5237563004044823       -1.6393081399788065        2.6178548540390409E-002
  -5.5254633529049713       -1.6365562824098809        2.6171802047164988E-002
  -5.5279872226570328       -1.6401519508148812        2.6144651295354690E-002
  -5.5294912075593459       -1.6385482029822576        2.6136880307737465E-002
  -5.5311067727617278       -1.6364070396581754        2.6129465664798984E-002
  -5.5344342004514440       -1.6380441961998116        2.6100698625018549E-002
  -5.5369624222290801       -1.6414456752440727        2.6074057728490745E-002
  -5.5383091635942066       -1.6402996889780432        2.6066476344315363E-002
  -5.5400295173008880       -1.6372379912730208        2.6060346442961714E-002
  -5.5432635557551047       -1.6389177185530590        2.6032296303140214E-002
  -5.5445479920923972       -1.6379055612249209        2.6024894798438433E-002
  -5.5461942716626309       -1.6354497863852109        2.6017974791774007E-002
  -5.5488562676355215       -1.6380796497768371        2.5992179440165606E-002
  -5.5504417082340138       -1.6359961413260975        2.5984901478079393E-002
  -5.5536917086683228       -1.6376154386895336        2.5956984761834070E-002
  -5.5565027309003954       -1.6397952644205149        2.5931154630735274E-002
  -5.5579562073582869       -1.6382875018974048        2.5923617572521263E-002
  -5.5612006980808735       -1.6398829670235446        2.5895888091328478E-002
  -5.5634792553185637       -1.6452064172673002        2.5867194072966511E-002
  -5.5642128601828942       -1.6448655104423826        2.5862483232868806E-002
  -5.5658763359970322       -1.6420449925123584        2.5856301798728026E-002
  -5.5683814649949026       -1.6450620965480824        2.5831048476416145E-002
  -5.5695041188031214       -1.6443094144722008        2.5824359003240521E-002
  -5.5707175731934040       -1.6434014436846729        2.5817336478197492E-002
  -5.5711718658683553       -1.6432280726138828        2.5814342835891575E-002
  -5.5739743925542644       -1.6452846785668975        2.5789046700169554E-002
  -5.5767005240099099       -1.6474763371076691        2.5764054274669046E-002
  -5.5792107581711763       -1.6503062649132589        2.5739294669784224E-002
  -5.5816715102038978       -1.6533352283243130        2.5714493779412137E-002
  -5.5842171425712746       -1.6559684255799929        2.5689960060134215E-002
  -5.5866435477278120       -1.6591079136448033        2.5665226502831082E-002
  -5.5882698223566925       -1.6563330068917226        2.5659317025186992E-002
  -5.5908362097811324       -1.6588269142315235        2.5635007161856644E-002
  -5.5924339938444243       -1.6562713342493183        2.5628833736593186E-002
  -5.5951355854677409       -1.6583830367919588        2.5604407060703716E-002
  -5.5964510279862614       -1.6571904713918491        2.5597349757958882E-002
  -5.5980647801094934       -1.6544311529576172        2.5591501674243525E-002
  -5.6002458827219357       -1.6598541679361023        2.5563764207139475E-002
  -5.6015417770968936       -1.6587019720640008        2.5556778368120817E-002
  -5.6029871337177735       -1.6570265882335427        2.5549831130126210E-002
  -5.6042853630430356       -1.6558644178890856        2.5542848493056478E-002
  -5.6058621166503553       -1.6533543098507388        2.5536737178390875E-002
  -5.6072569468201614       -1.6518781109214797        2.5529721448823151E-002
  -5.6084595462588958       -1.6509390132486921        2.5522953768807682E-002
  -5.6090796431038576       -1.6506699706357819        2.5519001760978544E-002
  -5.6102822469119280       -1.6497278489486078        2.5512241894334611E-002
  -5.6115361154966994       -1.6486688425684697        2.5505359021183997E-002
  -5.6127630878618469       -1.6476710674518000        2.5498541473533098E-002
  -5.6155942990954051       -1.6494179057190765        2.5474151165508181E-002
  -5.6178748084589474       -1.6529134665219505        2.5450058651841769E-002
  -5.6201833531557668       -1.6561587123504051        2.5426321477219863E-002
  -5.6226931765630948       -1.6584845413770239        2.5403115994306232E-002
  -5.6243103264248155       -1.6552776849548694        2.5398237466430901E-002
  -5.6249457677153858       -1.6549965166425906        2.5394227375601635E-002
  -5.6263813190031779       -1.6532553106668380        2.5387528004317803E-002
  -5.6278141247608948       -1.6515231174902736        2.5380826335615052E-002
  -5.6300595587570506       -1.6550322581906931        2.5357089687246689E-002
  -5.6326606666324910       -1.6570479626414027        2.5333981593355804E-002
  -5.6349172162846957       -1.6603762068417589        2.5310598258200014E-002
  -5.6362394196245855       -1.6590576124835144        2.5303856965479134E-002
  -5.6395426045773718       -1.6603329571350995        2.5277326192147492E-002
  -5.6411284011737282       -1.6572569892183298        2.5272417474285169E-002
  -5.6420118687504628       -1.6567644200333145        2.5267094494903608E-002
  -5.6451948286228060       -1.6580872729948388        2.5241384586282271E-002
  -5.6464404829062085       -1.6569802138690359        2.5234763066025418E-002
  -5.6486365557097571       -1.6605235747093703        2.5211503411171492E-002
  -5.6500705592580980       -1.6586612731357793        2.5205135432956466E-002
  -5.6513771089369662       -1.6573577469029817        2.5198502508391583E-002
  -5.6538040227869750       -1.6596343954976658        2.5176305732223146E-002
  -5.6560147234862823       -1.6629042580130302        2.5153592157862725E-002
  -5.6573961044297478       -1.6612753500813680        2.5147131799854911E-002
  -5.6577898050192452       -1.6611282250858355        2.5144624046248190E-002
  -5.6591421993761886       -1.6596204279529350        2.5138114837548804E-002
  -5.6607137589539560       -1.6563947660134721        2.5133633088106760E-002
  -5.6620896056570276       -1.6547768064970996        2.5127178082393301E-002
  -5.6645886793355151       -1.6567716372919352        2.5105154720381870E-002
  -5.6656169744312441       -1.6560827650218968        2.5099251333966528E-002
  -5.6679046244442759       -1.6587050220160031        2.5077461028420789E-002
  -5.6685014413171988       -1.6584450489743634        2.5073749060382410E-002
  -5.6698815284099782       -1.6567644235387389        2.5067415743062635E-002
  -5.6707565906999493       -1.6562704932691794        2.5062209254259268E-002
  -5.6735879940212746       -1.6577405431461876        2.5038995459672402E-002
  -5.6762157762939722       -1.6594334198978042        2.5016795767510022E-002
  -5.6786341263935327       -1.6615082604227704        2.4995316352067778E-002
  -5.6811134498250135       -1.6634291085336199        2.4973748576403131E-002
  -5.6824012612250110       -1.6620957720373282        2.4967388565169189E-002
  -5.6833236460551255       -1.6615402622672917        2.4962005513041764E-002
  -5.6840653571849726       -1.6611701679494633        2.4957518988550344E-002
  -5.6852838670937906       -1.6600535206387639        2.4951201475117028E-002
  -5.6866796199129030       -1.6581914243882792        2.4945168088731578E-002
  -5.6874781700716417       -1.6577700179548722        2.4940386635232726E-002
  -5.6896543834083397       -1.6606423830416241        2.4919075224096730E-002
  -5.6920251112854618       -1.6627203644815993        2.4898049410587385E-002
  -5.6934446323465853       -1.6606477839755445        2.4892301686897145E-002
  -5.6947626054657805       -1.6591486619097842        2.4886086790329488E-002
  -5.6961378059979060       -1.6573536086146365        2.4880073759566284E-002
  -5.6996658490038721       -1.6583850575940613        2.4853098436518367E-002
  -5.7022810170854843       -1.6599615669510652        2.4831468080222036E-002
  -5.7042927027259998       -1.6640551209657695        2.4808949576430303E-002
  -5.7054069584635387       -1.6631654176522612        2.4802948161500093E-002
  -5.7062740990997032       -1.6626653540941259        2.4797884732762936E-002
  -5.7076417921075917       -1.6608465416691789        2.4792003727507575E-002
  -5.7103819240404539       -1.6622544429996065        2.4769917468242291E-002
  -5.7124137766109939       -1.6658594924447749        2.4748334799788475E-002
  -5.7137354669735965       -1.6642604083042645        2.4742348220810569E-002
  -5.7149672572218195       -1.6630309190635451        2.4736235915455564E-002
  -5.7174933056614732       -1.6646498910954604        2.4715286718295912E-002
  -5.7188308195106998       -1.6629450842430684        2.4709409746088040E-002
  -5.7193470798110093       -1.6627311871873300        2.4706239098711159E-002
  -5.7212607511545936       -1.6679576077542135        2.4682273019975519E-002
  -5.7224952546517391       -1.6666922330537224        2.4676238534327523E-002
  -5.7234669884276084       -1.6660431980827282        2.4670784232011481E-002
  -5.7245698563443721       -1.6651494397029913        2.4664913159419870E-002
  -5.7258414913269293       -1.6637281246688351        2.4658934839650655E-002
  -5.7283882261274126       -1.6652593155102662        2.4638115205482595E-002
  -5.7293257636016666       -1.6646573703764771        2.4632812297513070E-002
  -5.7308284192063788       -1.6610752967361768        2.4629592169521351E-002
  -5.7330375742409183       -1.6632669846213346        2.4609825436165723E-002
  -5.7345317402928622       -1.6597761426366413        2.4606474119526395E-002
  -5.7367187067293779       -1.6620120505423486        2.4586803053704358E-002
  -5.7372105580670389       -1.6618115809847582        2.4583794685329691E-002
  -5.7384067742233533       -1.6606407212084817        2.4577850887601681E-002
  -5.7395389705345270       -1.6596562627022591        2.4571976741363213E-002
  -5.7419623722689170       -1.6612868380621133        2.4551923804230016E-002
  -5.7438690541430404       -1.6656206788176058        2.4530050859099969E-002
  -5.7459565495090814       -1.6681737524413096        2.4510512601480502E-002
  -5.7483330909230963       -1.6698508360958908        2.4490754473095511E-002
  -5.7490634256549304       -1.6694755684217135        2.4486470388380175E-002
  -5.7516088559514280       -1.6709064345634375        2.4466069176897521E-002
  -5.7542592507131731       -1.6722283049516475        2.4445187724208783E-002
  -5.7545247607406012       -1.6721365723211312        2.4443545176022326E-002
  -5.7558575925740838       -1.6702164841369118        2.4438214490330359E-002
  -5.7577677204206630       -1.6740305599441387        2.4417479851525252E-002
  -5.7590171190196493       -1.6725726387126096        2.4411811196444186E-002
  -5.7617660730456279       -1.6737935716276078        2.4390521596902550E-002
  -5.7631121255937234       -1.6717180547441075        2.4385424731851710E-002
  -5.7644903432615457       -1.6693400023190235        2.4380702745799409E-002
  -5.7654800280989047       -1.6686270782134280        2.4375335542617678E-002
  -5.7673888969622977       -1.6721979026927687        2.4355184012366918E-002
  -5.7686825351577387       -1.6704591831244089        2.4349780462381360E-002
  -5.7701616625723711       -1.6662713145457295        2.4347946349611821E-002
  -5.7726773527721988       -1.6676471133952815        2.4328028994855533E-002
  -5.7738147288172472       -1.6665793380549065        2.4322364801901666E-002
  -5.7758669799207247       -1.6689433910649560        2.4303692282081762E-002
  -5.7778192499486742       -1.6718799012492032        2.4284589537396154E-002
  -5.7790879720928965       -1.6702384061307529        2.4279179021549281E-002
  -5.7810089399953917       -1.6733791933984672        2.4259913558625574E-002
  -5.7828595804963170       -1.6773150946590958        2.4239573754044893E-002
  -5.7851682619345421       -1.6789077113480184        2.4220755959495122E-002
  -5.7857569353456864       -1.6786395498830897        2.4217288720222205E-002
  -5.7869816619947985       -1.6771840782806648        2.4211842080563577E-002
  -5.7891624756697473       -1.6790033067722128        2.4193477597456582E-002
  -5.7895537790731524       -1.6788535362890833        2.4191120209010385E-002
  -5.7907794851920684       -1.6773751239082775        2.4185718639606633E-002
  -5.7927066533191818       -1.6802289301231672        2.4167070070612071E-002
  -5.7945492276157493       -1.6839021144472244        2.4147399348329743E-002
  -5.7954565810703729       -1.6832955166499224        2.4142459372640451E-002
  -5.7978334179761699       -1.6847262561903298        2.4123604582536550E-002
  -5.7997808249971738       -1.6873325964981876        2.4105360340027328E-002
  -5.8017790763822736       -1.6896446892520434        2.4087366055771577E-002
  -5.8029204624000377       -1.6884732200573376        2.4081978305532058E-002
  -5.8049193550166907       -1.6907473837773210        2.4064078540250267E-002
  -5.8069201743466143       -1.6929932964616319        2.4046237136003724E-002
  -5.8088477936109388       -1.6955972755775484        2.4028201721426449E-002
  -5.8095452958191078       -1.6952331631120432        2.4024236406071969E-002
  -5.8114578457894366       -1.6978901389830114        2.4006218637645821E-002
  -5.8135389010716096       -1.6997941867852755        2.3988561391279677E-002
  -5.8146267445697273       -1.6987647873035290        2.3983296508174396E-002
  -5.8168201989361323       -1.7003877450519354        2.3965461526936665E-002
  -5.8187149985869606       -1.7030597530036495        2.3947589212188442E-002
  -5.8212063959852491       -1.7042943774614754        2.3928560862485293E-002
  -5.8217627652348636       -1.7040414716062942        2.3925345820974428E-002
  -5.8229340931984206       -1.7026695422965363        2.3920214588866912E-002
  -5.8241651230958791       -1.7009621546585276        2.3915336857199803E-002
  -5.8259511164146014       -1.7045315312463936        2.3896499014029040E-002
  -5.8276885043993660       -1.7088651168102271        2.3876506909844573E-002
  -5.8287836186692976       -1.7077735328511807        2.3871356925559004E-002
  -5.8307226316857523       -1.7100361998031506        2.3854079702110880E-002
  -5.8319139910117288       -1.7085158315348628        2.3849132024859613E-002
  -5.8342177732283007       -1.7098906802337126        2.3831185696969785E-002
  -5.8360387321775260       -1.7128435248225673        2.3813390069888023E-002
  -5.8380986889453679       -1.7146301147772161        2.3796292655864082E-002
  -5.8401418895553912       -1.7164482011848674        2.3779260896771799E-002
  -5.8420249361797740       -1.7188739066857746        2.3762122413719892E-002
  -5.8442535238219140       -1.7203107254281871        2.3744639748140329E-002
  -5.8462961105211733       -1.7220928709323577        2.3727729767026730E-002
  -5.8486165405679298       -1.7234018004951308        2.3709925635241068E-002
  -5.8497695194514208       -1.7219989891720784        2.3705061277089746E-002
  -5.8516271072296453       -1.7244599896728947        2.3688092972187363E-002
  -5.8534990222293741       -1.7268173443859498        2.3671244882434973E-002
  -5.8559419843805136       -1.7279919331945659        2.3652956641605462E-002
  -5.8567465335497735       -1.7274841717373977        2.3648666972134861E-002
  -5.8586217007080865       -1.7297672251834848        2.3631978507518085E-002
  -5.8598498551821736       -1.7278051871646725        2.3627730314120757E-002
  -5.8615745187766590       -1.7312917724787222        2.3609725361542704E-002
  -5.8623452109286420       -1.7308242638751006        2.3605591727821177E-002
  -5.8642018971074510       -1.7331335593953050        2.3589013806890099E-002
  -5.8644743794368042       -1.7330351182675774        2.3587425471539993E-002
  -5.8664446962708787       -1.7348730547820608        2.3571031056255874E-002
  -5.8682611695913058       -1.7373570972759320        2.3554407792045214E-002
  -5.8701523017727641       -1.7394410323928000        2.3538083110794892E-002
  -5.8714390485793704       -1.7366200773343934        2.3535145593915292E-002
  -5.8724001228598270       -1.7358159614051520        2.3530441426464002E-002
  -5.8736679839064552       -1.7332534027329503        2.3527118317268312E-002
  -5.8753195209785973       -1.7375629094610363        2.3508113779835242E-002
  -5.8774423288530793       -1.7390101867254606        2.3491557326330355E-002
  -5.8791157904106051       -1.7427504770953668        2.3473527259972385E-002
  -5.8799253828854328       -1.7422184067344959        2.3469304123997177E-002
  -5.8819167542191186       -1.7438962797390032        2.3453192235166367E-002
  -5.8841311588807041       -1.7451942649516812        2.3436381727188062E-002
  -5.8852447894230675       -1.7438255230096011        2.3431806609487345E-002
  -5.8864563320172971       -1.7417597816662684        2.3427930082735606E-002
  -5.8894086515232136       -1.7426202577591128        2.3407220769924110E-002
  -5.8905717613735193       -1.7409368088023740        2.3402927669594564E-002
  -5.8922452178509452       -1.7443301533281053        2.3385663452890375E-002
  -5.8933803462298560       -1.7428114881719614        2.3381244111831997E-002
  -5.8943821190459520       -1.7418622338573879        2.3376597786012494E-002
  -5.8967508210647459       -1.7429764158745817        2.3359226317475508E-002
  -5.8972769855222067       -1.7427325064749073        2.3356304489897371E-002
  -5.8985262005999193       -1.7400738726889273        2.3353317627325947E-002
  -5.8995378816297164       -1.7390856851520691        2.3348684029971211E-002
  -5.9005578491331940       -1.7380684755773967        2.3344051778258126E-002
  -5.9025449415464930       -1.7396346202123438        2.3328313252039490E-002
  -5.9045737209423024       -1.7411107141267945        2.3312491855717155E-002
