  -2.2000000000000002      -0.29999999999999999       0.10070493454179255     
  -2.5339913177013464      -0.91558583261318649        8.1569997880233988E-002
  -2.6704116636116058      -0.79736782959582408        7.8327587519825950E-002
  -2.9410004325382668       -1.2110609902011653        6.6154401093029502E-002
  -3.1966954518682309       -1.4482161599205554        5.7749417897946360E-002
  -3.5386241965036458       -1.5637084904841201        5.0082522356133738E-002
  -3.6373730240342041       -1.3270492553744384        5.0021153340087443E-002
  -3.7209478956424888       -1.2329280395468494        4.9102492868460551E-002
  -3.8977083949269429       -1.3612005045459215        4.5361765086970526E-002
  -4.0513870920571220       -1.4882312980603145        4.2321647475671867E-002
  -4.1203499730197182       -1.4013417985509116        4.1769275089851850E-002
  -4.2480399641962574       -1.5331073954872287        3.9375873778180373E-002
  -4.3735780183641637       -1.6378533645471236        3.7298474023288099E-002
  -4.3946300801266061       -1.6271837166459273        3.7091299700534507E-002
  -4.4855390159102475       -1.8688673273238012        3.4949484460288151E-002
  -4.5264961929225702       -1.8293048850676616        3.4679445911907920E-002
  -4.6561696585325114       -1.8932710753971387        3.3042131646004405E-002
  -4.8067482113472790       -1.9414345550157204        3.1373536733644486E-002
  -4.8342328612891778       -1.9213539567199771        3.1190145735883770E-002
  -4.8683486642432960       -1.8904952953446394        3.0983934008239275E-002
  -4.9448848429868626       -2.0003928492709937        2.9892276311438343E-002
  -4.9805798113828459       -1.9614566214650295        2.9714602532344803E-002
  -4.9939866543314499       -1.9545246169023596        2.9620792381004030E-002
  -5.0399372621835550       -1.8529494149729799        2.9555727926012784E-002
  -5.1037394704509014       -2.0186835333533004        2.8471177658352366E-002
  -5.1212283688314439       -2.0082933745621796        2.8360569934716372E-002
  -5.1885677737833298       -2.0970860945332777        2.7533793467783951E-002
  -5.2544427790450179       -2.1767989050694090        2.6775466173479361E-002
  -5.3118194239375303       -2.2859689053703205        2.6013837666841389E-002
  -5.3796236712579377       -2.3427831748573378        2.5362053555220327E-002
  -5.4485771605625812       -2.3924334252416339        2.4745902411931538E-002
  -5.4720686738983426       -2.3684959976261655        2.4658900298058908E-002
  -5.5061189334886640       -2.2817416747910291        2.4676923072579321E-002
  -5.5834486110141714       -2.3182593290727920        2.4067837775835880E-002
  -5.6402632540011330       -2.3724702825632478        2.3562018928865877E-002
  -5.6568253251971692       -2.3601696293034062        2.3490680640609930E-002
  -5.7131117653425605       -2.4087331854591549        2.3019387921871751E-002
  -5.7690856392774146       -2.4535523312694743        2.2572207736359741E-002
  -5.8153486876431737       -2.5182778724886226        2.2143487949774346E-002
  -5.8581439360107259       -2.5930874388368150        2.1719322016266966E-002
  -5.8646801670309925       -2.5894829962418817        2.1692023071058251E-002
  -5.9219827681637618       -2.6237588936157747        2.1297444294015689E-002
  -5.9873433590339751       -2.6515032955707882        2.0886092374852370E-002
  -6.0269377498925252       -2.7146748529075579        2.0536647996223463E-002
  -6.0805669883104549       -2.7454848596958077        2.0197539198762191E-002
  -6.0961780833206642       -2.7303607073968510        2.0153872065824221E-002
  -6.1141159044189672       -2.7094032819583305        2.0111304228593901E-002
  -6.1562213412801281       -2.7504903072224329        1.9816005168753585E-002
  -6.1973907002722957       -2.7905420452664100        1.9533242849259641E-002
  -6.2104948594023011       -2.7792729752647167        1.9495227742552839E-002
  -6.2303169869948700       -2.7471024007086835        1.9469108045236227E-002
  -6.2651437886003114       -2.8027455267786361        1.9191128780766502E-002
  -6.2994534186427398       -2.8555533414864449        1.8926024473932317E-002
  -6.3095515613458257       -2.8480529114079198        1.8895788225010535E-002
  -6.3556325136797334       -2.8744884435722389        1.8636984697714441E-002
  -6.3889955613007263       -2.9210027208234286        1.8398749075236771E-002
  -6.4185694106585895       -2.9879169528881455        1.8140365468828874E-002
  -6.4580036882577438       -3.0163167269402842        1.7919869364742162E-002
  -6.4871177628966334       -3.0725398151894665        1.7691851119126224E-002
  -6.4810455720880160       -3.0748127046032252        1.7712148402981309E-002
  -6.4949813925586453       -3.0578577735269272        1.7688070971878394E-002
  -6.5235878187403333       -3.1102980499238031        1.7473001420739914E-002
  -6.5216617996525841       -3.1111431473287761        1.7479069243450468E-002
  -6.5324978756534264       -3.1010368599369085        1.7455066003325921E-002
  -6.5650555716486645       -3.1336583320597988        1.7265262168621773E-002
  -6.5914139062029102       -3.1916013707849316        1.7055225466813033E-002
  -6.6201224374777681       -3.2305254390901661        1.6874129675686727E-002
  -6.6536645793906102       -3.2570273689187261        1.6700211932325886E-002
  -6.6536842352154055       -3.2570177379183547        1.6700156479363178E-002
  -6.6816324839031571       -3.2932836170486151        1.6531677356531615E-002
  -6.7109464850475931       -3.3238770874262920        1.6370641374253977E-002
  -6.7268272739054717       -3.2819984327751124        1.6387607859312450E-002
  -6.7495507219541242       -3.3511396565991909        1.6184746434382485E-002
  -6.7578337800071013       -3.3438810924770173        1.6168185825616629E-002
  -6.8018659783577133       -3.3604802492108488        1.5985112542199718E-002
  -6.8341135771566695       -3.3824135593690277        1.5836358505791716E-002
  -6.8577792827322943       -3.4230220441458679        1.5687205504139521E-002
  -6.8729427762933692       -3.3754806858601367        1.5715557890156263E-002
  -6.9086948073645003       -3.3934626516185675        1.5565255512708796E-002
  -6.9197278588700364       -3.3791903609958158        1.5551721953912743E-002
  -6.9516467146196970       -3.3986793831166313        1.5413922327094650E-002
  -6.9818953601474156       -3.4188522939220376        1.5282244605850127E-002
  -7.0046228826764461       -3.4533476572883002        1.5153730404045544E-002
  -7.0260537635368463       -3.4928035605686332        1.5022885518084577E-002
  -7.0335922987090926       -3.4859446992233765        1.5009779380735215E-002
  -7.0614992117867583       -3.5061369517508503        1.4890310355480864E-002
  -7.0895399375493193       -3.5255227027846270        1.4773037353720955E-002
  -7.1170029155311836       -3.5448268210970491        1.4658989175421112E-002
  -7.1401752591119090       -3.5698363949643865        1.4550569019110006E-002
  -7.1652440016254522       -3.5905929449280398        1.4443962483328311E-002
  -7.1834887980616795       -3.6404007014692530        1.4315361690349138E-002
  -7.2084400809266986       -3.6599135051882499        1.4213312632437410E-002
  -7.2064997629221903       -3.6607853989374761        1.4217674877472219E-002
  -7.2256613553501197       -3.6948507698149538        1.4111915117652260E-002
  -7.2330682728432176       -3.6872074665148316        1.4101831332572472E-002
  -7.2428236534555763       -3.6722995715094542        1.4095569360638840E-002
  -7.2625006877783074       -3.7010448451559506        1.3997437228790377E-002
  -7.2838874073856772       -3.7235383063612608        1.3904385851731774E-002
  -7.2934912058436883       -3.7084161572942609        1.3899049795921395E-002
  -7.3039430951016149       -3.6882504532487630        1.3898390727867267E-002
  -7.3112712391276293       -3.6805891809312623        1.3888614231727232E-002
  -7.3285283423914596       -3.7198881386349898        1.3784567392147597E-002
  -7.3464507052670278       -3.7515221902971927        1.3690330288129320E-002
  -7.3492246887392394       -3.7497469286883653        1.3685187616844325E-002
  -7.3692552245186782       -3.7718086053903996        1.3599435718760820E-002
  -7.3786196278390905       -3.7562175555008879        1.3595601932388585E-002
  -7.3863435522857595       -3.7470247409879947        1.3587276730658612E-002
  -7.3855352535876104       -3.7474115563016772        1.3588946055275554E-002
  -7.3933093145403808       -3.7380448671751205        1.3580682458736604E-002
  -7.4093958941482816       -3.7785103090690026        1.3481397241425840E-002
  -7.4296132080251969       -3.7978854287578949        1.3400678685128649E-002
  -7.4351513597354275       -3.7929649464994255        1.3392607437533215E-002
  -7.4570462979475325       -3.8093017186474665        1.3312331962893916E-002
  -7.4722900783476591       -3.8512126824806567        1.3215808122495110E-002
  -7.4926221955788650       -3.8685222030403335        1.3139766803165776E-002
  -7.5010100798678048       -3.8554076753375068        1.3135543475583761E-002
  -7.5092877632465456       -3.8428110123212624        1.3130838439041144E-002
  -7.5168016219264500       -3.8331416467607551        1.3124172261260074E-002
  -7.5226775468053928       -3.8274649316812246        1.3116445857296257E-002
  -7.5278027273924115       -3.8230228055072795        1.3109026137505015E-002
  -7.5488021629589470       -3.8383271275197948        1.3034891797927706E-002
  -7.5558034557358278       -3.8300107848146983        1.3027763073025132E-002
  -7.5728504610447311       -3.8518283134135194        1.2955944722200288E-002
  -7.5787313487738164       -3.8459973917037158        1.2948526469590951E-002
  -7.5986027058253196       -3.8615113246550496        1.2878294625917521E-002
  -7.6058336692392920       -3.8521657697790173        1.2872019559550264E-002
  -7.6131510555899311       -3.8425275595273884        1.2865858863214208E-002
  -7.6417003273291444       -3.8527699582041577        1.2781280803042900E-002
  -7.6616764734771987       -3.8670768472953503        1.2713657830834876E-002
  -7.6705807734531888       -3.8477566408383401        1.2715683330176711E-002
  -7.6740914551690054       -3.8452307864543429        1.2710117390901722E-002
  -7.6896671797594340       -3.8677228963482753        1.2643781649219170E-002
  -7.6947001237739228       -3.8632030443935670        1.2636993259359070E-002
  -7.7103825042946994       -3.8842305508644475        1.2572726095687870E-002
  -7.7138068719976065       -3.8817546362786275        1.2567418621797105E-002
  -7.7315652331240301       -3.8972482337669061        1.2505370314098018E-002
  -7.7459255787287713       -3.9224132782165939        1.2440179995541185E-002
  -7.7401853404526086       -3.9243252450258916        1.2451625786619458E-002
  -7.7481057550154482       -3.9100493793700375        1.2449946710453338E-002
  -7.7528725817944402       -3.9058054957131527        1.2443638121488947E-002
  -7.7716009231165479       -3.9191643539100420        1.2382730873259137E-002
  -7.7907084966705220       -3.9318834630157284        1.2322123000444061E-002
  -7.8058219539976674       -3.9507870577130477        1.2263983507767492E-002
  -7.8100864702076613       -3.9471904556947597        1.2258242457193140E-002
  -7.8133260191797520       -3.9448362520460694        1.2253430867716122E-002
  -7.8292884688272553       -3.9608154317549586        1.2197231653939577E-002
  -7.8426344293378678       -3.9858670349380363        1.2136798593339711E-002
  -7.8380879045161640       -3.9874750430832337        1.2145417685720880E-002
  -7.8419539973743859       -3.9843428825227827        1.2140160969700121E-002
  -7.8500894677911992       -3.9651274466969557        1.2143860004893111E-002
  -7.8631067318671066       -3.9907662749893849        1.2083911220147892E-002
  -7.8671153958908810       -3.9874258167565348        1.2078597468283752E-002
  -7.8717444502601452       -3.9831399797098426        1.2072954722948719E-002
  -7.8881964953219734       -3.9967344712319193        1.2019587545500336E-002
  -7.9012324323189960       -4.0195942399794502        1.1963638415558612E-002
  -7.9173081516614170       -4.0331103510634101        1.1911888124868063E-002
  -7.9346407197418012       -4.0449508333720212        1.1859561361481096E-002
  -7.9403364301603769       -4.0380596251697618        1.1854680373593067E-002
  -7.9483098334067295       -4.0165134780881777        1.1861269210745999E-002
  -7.9555328702480637       -4.0027213674102917        1.1860668233447743E-002
  -7.9606851483762444       -3.9972617860877087        1.1855278843348400E-002
  -7.9750787653354962       -4.0126215826211800        1.1805955435264101E-002
  -7.9867158140791794       -4.0420254931762747        1.1747347506581889E-002
  -8.0000606653359689       -4.0593589036237256        1.1698729814123905E-002
  -8.0057855922017804       -4.0520725060141478        1.1694279554352706E-002
  -8.0066270147326488       -4.0516052448206752        1.1692954992383863E-002
  -8.0116266789022816       -4.0462526185238374        1.1687933717914019E-002
  -8.0184004649802194       -4.0342042902613713        1.1686400089951535E-002
  -8.0187037863704003       -4.0340466211289243        1.1685909505512905E-002
  -8.0299029551689483       -4.0640281068157522        1.1628493009195892E-002
  -8.0427036691907343       -4.0814423816182934        1.1581680688053106E-002
  -8.0491038066946921       -4.0709040094672808        1.1579390469061653E-002
  -8.0510019227595517       -4.0696957302530308        1.1576612447722283E-002
  -8.0546933605735820       -4.0665830858691718        1.1572040512008967E-002
  -8.0706347157698399       -4.0775547682121154        1.1525836633091152E-002
  -8.0689112331861139       -4.0782871650044150        1.1528739083736708E-002
  -8.0702123160705046       -4.0775199581778638        1.1526780143968060E-002
  -8.0844258000719531       -4.0902560986337475        1.1482620389234890E-002
  -8.0899000711023454       -4.0832076063588154        1.1478543429132907E-002
  -8.1010544644500122       -4.1067294905385445        1.1429575853891968E-002
  -8.1179039355491973       -4.1163354770046912        1.1383741335897922E-002
  -8.1322404831555417       -4.1280582063475721        1.1341185992253564E-002
  -8.1380886162914337       -4.1191718506019921        1.1338374585992322E-002
  -8.1427747841217517       -4.1140762342944894        1.1333961419231486E-002
  -8.1488209528879771       -4.1041877572685967        1.1331747786303723E-002
  -8.1528719278336261       -4.1003831362679817        1.1327278049068180E-002
  -8.1661603182751357       -4.1131257408530368        1.1286175021876798E-002
  -8.1781629063157641       -4.1287331040597754        1.1244952842056496E-002
  -8.1824253363486843       -4.1244592912574847        1.1240596686268627E-002
  -8.1867319085436687       -4.1200941772037734        1.1236238440249551E-002
  -8.1921115170054559       -4.1127913837607943        1.1232705892080235E-002
  -8.1949803272324804       -4.1106217089662946        1.1229026696498850E-002
  -8.2080577573517886       -4.1228650181071060        1.1189408611768465E-002
  -8.2098217619075218       -4.1217453078475401        1.1186938949586155E-002
  -8.2141976962375125       -4.1171804261190328        1.1182652946677755E-002
  -8.2206444347573733       -4.1033845862402822        1.1183585718878427E-002
  -8.2225597117958493       -4.1021466905296897        1.1180917844289274E-002
  -8.2344138478063336       -4.1164933212497230        1.1141926128117246E-002
  -8.2453217814965463       -4.1341360775892779        1.1101685485514094E-002
  -8.2491198021819940       -4.1306139348759396        1.1097553724215673E-002
  -8.2591804636317576       -4.1535881934724364        1.1053832996507649E-002
  -8.2571118568158219       -4.1544185641773161        1.1057165678738148E-002
  -8.2592104814056650       -4.1529977074040323        1.1054371755757044E-002
  -8.2742364397655024       -4.1619616512276556        1.1015046025009747E-002
  -8.2874916235899807       -4.1724242799928639        1.0977955610662891E-002
  -8.3017920603921613       -4.1816710415348233        1.0940186007199922E-002
  -8.3036047749218191       -4.1804897913208858        1.0937766094074401E-002
  -8.3205186962783610       -4.1880758474782862        1.0896687228323513E-002
  -8.3232126298168225       -4.1860197362901523        1.0893408791811013E-002
  -8.3279483381775847       -4.1800681748077189        1.0889960993447863E-002
  -8.3388570044637564       -4.1943211234832720        1.0854361345001309E-002
  -8.3415241445262875       -4.1922860544544180        1.0851131572661717E-002
  -8.3522953364770487       -4.2065674569520706        1.0815950181118403E-002
  -8.3658941250476850       -4.2156607509004891        1.0780511155317942E-002
  -8.3704194431337005       -4.2101351427738010        1.0777120997610481E-002
  -8.3812094265311305       -4.2236055333154710        1.0743040788290673E-002
  -8.3913852070562651       -4.2390508188605232        1.0708369622531029E-002
  -8.4028026137717351       -4.2504725876464686        1.0675365354687494E-002
  -8.4048980104891875       -4.2490045160257619        1.0672774346048663E-002
  -8.4157779986207224       -4.2613284681631249        1.0640081825173618E-002
  -8.4275494348983369       -4.2716932452636200        1.0607721379608817E-002
  -8.4369836679208756       -4.2893763780147625        1.0572898519617865E-002
  -8.4367407630197828       -4.2894959326255666        1.0573242057168118E-002
  -8.4475912155479822       -4.3011338990875441        1.0541678881305807E-002
  -8.4522759772821843       -4.2944991631015821        1.0539218871043223E-002
  -8.4612083638879465       -4.3148376964634290        1.0503112608959688E-002
  -8.4703338146541611       -4.3328083209458059        1.0469035521992749E-002
  -8.4816035695349825       -4.3429964356046771        1.0438498661526687E-002
  -8.4907369883116708       -4.3598884662225048        1.0405692775093211E-002
  -8.4943024482371854       -4.3562129210002141        1.0402605259770378E-002
  -8.5066460951047063       -4.3647590877342122        1.0371921583142506E-002
  -8.5166583544196151       -4.3769738523053139        1.0342184662705915E-002
  -8.5212122388098521       -4.3702842785420479        1.0340144995126321E-002
  -8.5265268051156013       -4.3589329555420573        1.0341052474180901E-002
  -8.5358173101778281       -4.3733487673545710        1.0310728592370281E-002
  -8.5453505461741841       -4.3864446587950043        1.0281305493716001E-002
  -8.5492179643996504       -4.3819281424864922        1.0278504080279768E-002
  -8.5536393036272163       -4.3756011158964139        1.0276369552354328E-002
  -8.5519315246741741       -4.3763009651246527        1.0278808260334426E-002
  -8.5617242725963152       -4.3880750589209949        1.0250278461754711E-002
  -8.5673441797557093       -4.3717948099899591        1.0255150592066224E-002
  -8.5664377513927690       -4.3722031407254809        1.0256408567810196E-002
  -8.5712701827182105       -4.3637341381944141        1.0255479566485813E-002
  -8.5761103120329878       -4.3552147241353865        1.0254563028088226E-002
  -8.5798073574684981       -4.3511014939019157        1.0251659952465620E-002
  -8.5898751070569119       -4.3616779764226505        1.0223883717509074E-002
  -8.5978430961426806       -4.3841105966367957        1.0189179268702532E-002
  -8.6017993972121403       -4.3791847340388470        1.0186596879132918E-002
  -8.6064796322364003       -4.3712521166560077        1.0185442612795831E-002
  -8.6179344352323497       -4.3793950501640726        1.0157657516765990E-002
  -8.6362953549977117       -4.3846849668337127        1.0120324616117973E-002
  -8.6461061232753949       -4.3949157649318016        1.0093828629890727E-002
  -8.6561717014626485       -4.4044946488154668        1.0067565279332166E-002
  -8.6660225332253003       -4.4143260170207475        1.0041549851580685E-002
  -8.6754029631903062       -4.4250446995422648        1.0015660770957365E-002
  -8.6779898942896896       -4.4228419675798190        1.0013113205538585E-002
  -8.6879454110542618       -4.4321387524277807        9.9875904801291823E-003
  -8.6889276556806525       -4.4315469011474251        9.9864113160868725E-003
  -8.6859488936946736       -4.4325833393720480        9.9906584102540472E-003
  -8.6873041341644601       -4.4317055047927552        9.9890852461342189E-003
  -8.6871702426171709       -4.4317724031601005        9.9892582052608214E-003
  -8.6901903437786689       -4.4288417673144957        9.9866131836062258E-003
  -8.6993970053841725       -4.4393089474672820        9.9614519513922459E-003
  -8.7109531331945220       -4.4464321752464073        9.9352753000680853E-003
  -8.7126119574490666       -4.4452820149982939        9.9334321658320329E-003
  -8.7169094735968606       -4.4383297836039031        9.9321355020345770E-003
  -8.7202733717960719       -4.4346339781972519        9.9295847272865487E-003
  -8.7297828440051379       -4.4439467321568955        9.9051315167062570E-003
  -8.7322353912896649       -4.4418867740349572        9.9027262094526225E-003
  -8.7319816280263680       -4.4420107940073246        9.9030527729009211E-003
  -8.7359257087643112       -4.4365064744996090        9.9010893366160407E-003
  -8.7408686895405179       -4.4241054820428971        9.9033929205980722E-003
  -8.7515921520823916       -4.4315297674583540        9.8786095441232014E-003
  -8.7598856132309511       -4.4436725138516637        9.8539815951973492E-003
  -8.7694095725760004       -4.4523919751384371        9.8302958136073509E-003
  -8.7841418126490183       -4.4576726274920144        9.8008475002720648E-003
  -8.7924428579554039       -4.4690738162912549        9.7771138548695905E-003
  -8.7929118580474022       -4.4688153218430582        9.7765463451572072E-003
  -8.8007428904883422       -4.4820438600269812        9.7521213035638033E-003
  -8.8055509186327185       -4.4696048587288866        9.7546610492569349E-003
  -8.8055434413522260       -4.4696086493812359        9.7546703550451148E-003
