 k,   gradient vector, at each step of the optimization (k):

           1   4.7923937788066036E-002   8.8329533080105785E-002
           2   2.6454372238363506E-002  -2.2924608761471371E-002
           3   4.3008482895156179E-002   6.5754078753210404E-002
           4   4.3580518096847154E-002   4.0420596352639108E-002
           5   5.8655221990277416E-002   1.9811812822591059E-002
           6   2.2004533866200354E-002  -5.2735574527287853E-002
           7   1.9698998847242126E-002  -2.2184822858943069E-002
           8   3.3759529439732344E-002   2.4498788337740732E-002
           9   3.0739117607168520E-002   2.5408951107017408E-002
          10   1.7011339225414156E-002  -2.1433367206375977E-002
          11   2.6605222986783746E-002   2.7454407790118842E-002
          12   2.6526553996299294E-002   2.2133126266603693E-002
          13   8.3007932302690164E-003  -4.2070245692329786E-003
          14   2.0579094842279867E-002   5.4710022761696342E-002
          15   1.1482373777339596E-002  -1.1091358894015800E-002
          16   2.7795575365710031E-002   1.3711186446643611E-002
          17   3.2011209608661113E-002   1.0238982994141830E-002
          18   8.6832260777016685E-003  -6.3440638736912561E-003
          19   9.9817171549067708E-003  -9.0287316421049299E-003
          20   1.8047361994428912E-002   2.5914031384509238E-002
          21   1.0179342685425648E-002  -1.1103671568436255E-002
          22   5.9019670149495851E-003  -3.0516104673708345E-003
          23   1.2176554025888419E-002  -2.6916639230637487E-002
          24   1.5545567433225133E-002   4.0381531975688570E-002
          25   6.5854786652392782E-003  -3.9124344803501540E-003
          26   1.6279594815780361E-002   2.1466027280065154E-002
          27   1.6060555979383308E-002   1.9434261155711497E-002
          28   1.4409955569842587E-002   2.7417686357278499E-002
          29   1.6621982704217653E-002   1.3927826678812399E-002
          30   1.6936369340211404E-002   1.2195104074099261E-002
          31   7.3411946192007034E-003  -7.4805446671956655E-003
          32   9.5971553536857400E-003  -2.4451934401383376E-002
          33   1.8668227756912514E-002   8.8157601207540359E-003
          34   1.4426186938042618E-002   1.3765066680473909E-002
          35   5.8404365625443098E-003  -4.3376932867642617E-003
          36   1.4360580811658089E-002   1.2390211050382649E-002
          37   1.4346886397430553E-002   1.1487773637374311E-002
          38   1.2271515826358432E-002   1.7168788730927299E-002
          39   1.1538873288018496E-002   2.0170886716430539E-002
          40   3.3988940264711508E-003  -1.8743398705906315E-003
          41   1.4846278922824502E-002   8.8803915124879840E-003
          42   1.6738959570240925E-002   7.1053889881086555E-003
          43   1.0902486090414902E-002   1.7394560447575324E-002
          44   1.4193694331487015E-002   8.1542798593472361E-003
          45   5.3398127677657574E-003  -5.1732528368307988E-003
          46   5.8970907336632220E-003  -6.8897910553153583E-003
          47   1.1559393281882227E-002   1.1279804206199388E-002
          48   1.1374636206690244E-002   1.1065849963380959E-002
          49   4.7310949176019535E-003  -4.0685586371605751E-003
          50   6.3401097435613228E-003  -1.0289761895949901E-002
          51   9.9142676096155170E-003   1.5840123613501345E-002
          52   9.8175950419851360E-003   1.5110793652170532E-002
          53   3.9826651237126086E-003  -2.9581381611349833E-003
          54   1.2704704689413648E-002   7.2883829965474716E-003
          55   9.6478544416594668E-003   1.3450898775089547E-002
          56   8.7417418687530980E-003   1.9779195362002098E-002
          57   1.1217191031324044E-002   8.0783955021939049E-003
          58   8.6672820015467143E-003   1.6737655821029849E-002
          59  -2.0836777371732084E-004   7.7994404651842022E-005
          60   4.8613246630959542E-003  -5.9145010353722450E-003
          61   8.5828178071925953E-003   1.5733714348467657E-002
          62   8.1432383457288621E-004  -3.5730848348412906E-004
          63   4.0796341421934570E-003  -3.8048787302228304E-003
          64   9.6370100697698215E-003   9.6558876704601702E-003
          65   8.0703707591235230E-003   1.7740946585972684E-002
          66   8.7007024288627156E-003   1.1796728031892075E-002
          67   9.9874428049891942E-003   7.8911629755892224E-003
          68   1.2004443223719401E-003  -5.8819611157586934E-004
          69   8.5583943901736594E-003   1.1105443492034113E-002
          70   8.9431885469748573E-003   9.3335322102825590E-003
          71   5.3854067318738338E-003  -1.4201661560936722E-002
          72   7.2189156181558401E-003   2.1965181492412170E-002
          73   3.3558965787490696E-003  -2.9408209321287217E-003
          74   1.2978383761378611E-002   4.8925612228476632E-003
          75   9.8386927197976221E-003   6.6918191434868672E-003
          76   7.5330743564087279E-003   1.2926161628584691E-002
          77   5.2228130539186662E-003  -1.6374829827681389E-002
          78   1.0861135664655845E-002   5.4627545280138724E-003
          79   4.1039582637369754E-003  -5.3088563045595840E-003
          80   9.8547283686160666E-003   6.0171022632171780E-003
          81   9.4226779703736972E-003   6.2840116946800435E-003
          82   7.3600566978607425E-003   1.1170941745397392E-002
          83   7.0155739305248679E-003   1.2916212276196954E-002
          84   3.1237351853963388E-003  -2.8420994299809825E-003
          85   8.8670948317009311E-003   6.4158517829782293E-003
          86   8.9295947652239856E-003   6.1734101469754490E-003
          87   8.7901146894386623E-003   6.1786967916128768E-003
          88   7.5876421164266872E-003   8.1892319319630119E-003
          89   8.1515633604044985E-003   6.7493745280886577E-003
          90   6.2024794238309420E-003   1.6932586021109558E-002
          91   8.1660001700523972E-003   6.3861068526828678E-003
          92   3.3261452958468325E-004  -1.4946237089638151E-004
          93   6.5068846889609969E-003   1.1567902877599595E-002
          94   3.0648905519809625E-003  -3.1627040658005466E-003
          95   3.7624188653513453E-003  -5.7496214283888920E-003
          96   6.6935926473305372E-003   9.7783613714299868E-003
          97   7.2155782283749668E-003   7.5889772687675666E-003
          98   3.7269907514728036E-003  -5.8685227476935158E-003
          99   3.9868726851822710E-003  -7.6922068969961857E-003
         100   3.0641336832256606E-003  -3.2034253804351133E-003
         101   6.0314803195044460E-003   1.3735265203162440E-002
         102   6.2444096858783448E-003   1.1021759796657087E-002
         103   1.6902839678534258E-003  -1.0817282316948559E-003
         104   6.9051040861016324E-003   7.6052970134650021E-003
         105   3.6858071641087771E-003  -6.1366006367406271E-003
         106   3.1947806607030586E-003  -3.8023450677182819E-003
         107   6.0735856864208839E-004  -2.9065442736089705E-004
         108   3.2215794529186080E-003  -3.8815663287587346E-003
         109   5.7602155696588530E-003   1.4489697257693647E-002
         110   7.0385970190508951E-003   6.7453896455406202E-003
         111   2.5375967275507584E-003  -2.2545788433344740E-003
         112   7.5831659158696694E-003   5.6581321458061785E-003
         113   5.5436604262538913E-003   1.5241635967563881E-002
         114   7.1392064049967882E-003   6.0778835102033545E-003
         115   3.4233577409217104E-003  -5.3524486489642271E-003
         116   3.3950926946604790E-003  -5.1665226400644023E-003
         117   3.1620055545572806E-003  -4.0690927143918728E-003
         118   2.6540923797048087E-003  -2.5641114453880897E-003
         119   2.4229939595707254E-003  -2.1000713446822322E-003
         120   7.4169757079821904E-003   5.4054683629141884E-003
         121   3.0172507300110286E-003  -3.5839796874130719E-003
         122   6.1966586351758675E-003   7.9307640573954771E-003
         123   2.6670624642694380E-003  -2.6444021958450309E-003
         124   7.1169335073683251E-003   5.5563205354441829E-003
         125   3.1015236008312816E-003  -4.0085196607230434E-003
         126   3.1343504056810115E-003  -4.1284588191236220E-003
         127   9.9279004712918908E-003   3.5617551151257321E-003
         128   7.2046082621189641E-003   5.1599307788236064E-003
         129   3.6533247838114614E-003  -7.9268431283841066E-003
         130   1.9203624624004063E-003  -1.3816564237834528E-003
         131   5.8193049223622152E-003   8.4033615938807916E-003
         132   2.4131277670219266E-003  -2.1671173419248032E-003
         133   5.8747330259014798E-003   7.8770558177172403E-003
         134   1.8909750564462368E-003  -1.3672283848786991E-003
         135   6.5735219327678349E-003   5.7351859319457257E-003
         136   5.4747193898523894E-003   9.5938886561140052E-003
         137  -1.1290485894590550E-003   3.7606512574475795E-004
         138   3.3720491425337745E-003  -6.0778283967108625E-003
         139   2.3377250773843929E-003  -2.0812657371826718E-003
         140   6.9509224624357633E-003   4.9580678777805948E-003
         141   7.0925521595549554E-003   4.7212140516076986E-003
         142   5.7805927837429267E-003   7.2302439295512822E-003
         143   2.1706053854674751E-003  -1.8306422876254588E-003
         144   1.8312551370735267E-003  -1.3307863417170716E-003
         145   6.0933279898095867E-003   6.0997143373669807E-003
         146   5.2271229485538169E-003   9.8117935979358112E-003
         147  -7.9910334906477449E-004   2.8262568545030459E-004
         148   2.0428263767380346E-003  -1.6550197948454525E-003
         149   3.4898765619936320E-003  -8.2428545223960630E-003
         150   5.1472647989008686E-003   1.0138062620926406E-002
         151   2.0964163627901549E-003  -1.7469638904710363E-003
         152   2.3105843104303516E-003  -2.1392679902187258E-003
         153   6.3419328873901117E-003   5.2404033995288079E-003
         154   5.1876165401684290E-003   9.0969843200532467E-003
         155   6.2410319600852632E-003   5.2473223408710063E-003
         156   6.6870575531113438E-003   4.5681624492731575E-003
         157   2.6804357640928997E-003  -3.2430442500910573E-003
         158   3.4724287110522597E-003  -9.3833783927678889E-003
         159   3.2180395066873160E-003  -6.1447225061976854E-003
         160   2.5056297942711559E-003  -2.6550759267612578E-003
         161   5.7140717056838883E-003   6.0976319590438826E-003
         162   4.7662508583874615E-003   1.2043123390648234E-002
         163   5.3720232190072959E-003   6.9776336653367566E-003
         164   2.7102044843123475E-003  -3.4494113093200890E-003
         165   9.9950816348952560E-004  -5.5504976420776343E-004
         166   2.4629135550565907E-003  -2.6367882750413392E-003
         167   3.0908652989431245E-003  -5.4976285504529255E-003
         168   8.1571624649789888E-004  -4.2401649561273920E-004
         169   4.6606654607152329E-003   1.2477146948588995E-002
         170   5.2366307155957284E-003   7.1239874717619420E-003
         171   2.9713375256125410E-003  -4.8925606069887455E-003
         172   1.3736765175813030E-003  -8.7443798302179151E-004
         173   2.0144956693825106E-003  -1.6986358561366865E-003
         174   6.3872989023957532E-003   4.3960763513361239E-003
         175   7.8548700265791257E-005  -3.3379400904427813E-005
         176   1.1629443650306942E-003  -6.8575097440357741E-004
         177   5.7970894210543121E-003   5.1945423862538595E-003
         178   2.6631293052350883E-003  -3.4289581628090060E-003
         179   4.7134157499157687E-003   9.9394396364570984E-003
         180   6.7816166326944635E-003   3.8662410949746660E-003
         181   5.8843221438773276E-003   4.8115011893425088E-003
         182   2.8067037493582831E-003  -4.2648427129972459E-003
         183   2.3872311062732394E-003  -2.5958126544689893E-003
         184   2.8864421636252986E-003  -4.7207608859708827E-003
         185   2.1619184379982389E-003  -2.0304446216486273E-003
         186   5.5414799223035107E-003   5.3138781387216489E-003
         187   5.0804498144023692E-003   6.6062773494000911E-003
         188   2.2423886599231713E-003  -2.2483769325187274E-003
         189   2.2615392248187972E-003  -2.2922817048721842E-003
         190   2.6601363761254724E-003  -3.6111227467561882E-003
         191   1.7367344505793141E-003  -1.3134884024969366E-003
         192   5.5122716950670109E-003   5.1606810982841658E-003
         193   1.3281233589940869E-003  -8.4303260226951807E-004
         194   2.2993601751548380E-003  -2.3986436859629494E-003
         195   3.0718843214732039E-003  -6.5737464137147214E-003
         196   1.3905965632951278E-003  -8.9878043034295383E-004
         197   5.0932754373800024E-003   6.1642064669138715E-003
         198   4.7489275272389574E-003   7.6810304881535793E-003
         199   2.0928710877301331E-003  -1.9408505803690532E-003
         200   4.4450855787643382E-003   1.0150679066185169E-002
         201  -1.1413811074705094E-004   4.5816799376522329E-005
         202   1.4569675496976181E-003  -9.8642807363531044E-004
         203   6.3372495253494017E-003   3.7805740826057448E-003
         204   5.6795070084505522E-003   4.4829686397166169E-003
         205   6.0867548871927487E-003   3.9357378928202352E-003
         206   1.3447892039678048E-003  -8.7632802015836836E-004
         207   7.1018805216638559E-003   3.1852616152582259E-003
         208   1.6811082323929655E-003  -1.2830849001046819E-003
         209   2.4645093163838312E-003  -3.0972512669949627E-003
         210   4.8326294875059347E-003   6.3141742763456413E-003
         211   1.6738678933818489E-003  -1.2771870349327576E-003
         212   4.7937402585939383E-003   6.3559663976965270E-003
         213   5.8928888444276786E-003   3.9404811825256804E-003
         214   2.3929258507950470E-003  -2.9218654415867967E-003
         215   4.8225389750596532E-003   6.0205359919232090E-003
         216   4.5920221205001518E-003   6.9699904302314682E-003
         217   5.0833372923703270E-003   5.0852794037508451E-003
         218   1.4499131540376005E-003  -1.0158345368222058E-003
         219   4.8878305204219834E-003   5.5365307995716879E-003
         220   5.2456709162733567E-003   4.6188254778321359E-003
         221   4.3354339757195499E-003   8.1261565559497574E-003
         222   5.2471059453161411E-004  -2.5825568208725033E-004
         223   4.9067703153756661E-003   5.2628983186239556E-003
         224   2.4731636686660939E-003  -3.5025875215546434E-003
         225   4.1600173413888428E-003   9.4721215301099334E-003
         226   4.2433278716774211E-003   8.3563271219251611E-003
         227   5.1052836025007441E-003   4.6152924582988225E-003
         228   4.2594756142112283E-003   7.8777940933559797E-003
         229   2.0329553944421932E-003  -2.0957238738540471E-003
         230   5.5600732841800159E-003   3.8495360285202510E-003
         231   4.6311521566726153E-003   5.6499169176005542E-003
         232   2.4353272114414474E-003  -3.5774516045143142E-003
         233   2.7455561687047460E-003  -5.8642028516740210E-003
         234   4.3565414254204586E-003   6.7599211153357187E-003
         235   4.4617115907806225E-003   6.1290930649071330E-003
         236   2.1652818101448516E-003  -2.5286974508338233E-003
         237   2.3932007679054335E-003  -3.4247190985766526E-003
         238  -1.0106551362524995E-004   4.1416731120935174E-005
         239   4.5894336593281619E-003   5.5180040175286929E-003
         240   2.8903787238087580E-003  -8.3731072051452943E-003
         241   2.2403755265566592E-004  -1.0092515018341121E-004
         242   2.5745725789119911E-003  -4.5120272216656000E-003
         243   2.5806987735845326E-003  -4.5424491752044122E-003
         244   2.1147181204347245E-003  -2.3527767402290768E-003
         245   4.7334746906421005E-003   4.9726616547488512E-003
         246   3.8763551915889623E-003   1.0913268441011608E-002
         247   2.2251945887956110E-003  -2.7705178664786346E-003
         248   2.5269827396360005E-003  -4.2830300407270139E-003
         249   5.3333963319820779E-003   3.7913783169249708E-003
         250   8.2071302165441055E-003   2.3645348652035054E-003
         251   4.6676584660388610E-003   4.8674955931339876E-003
         252   4.7810889832032967E-003   4.5499121218460191E-003
         253   4.6987275960366911E-003   4.6894437145999709E-003
         254   4.5088249616777069E-003   5.1520733580024984E-003
         255   1.6620074431290344E-003  -1.4151737236739116E-003
         256   4.7624077891910803E-003   4.4472910469021071E-003
         257   9.8724946992651171E-004  -5.9486694771099604E-004
         258  -6.8328557688061972E-004   2.3774416806241264E-004
         259   1.1471784037569901E-003  -7.4306582033708895E-004
         260   5.1862264134637179E-004  -2.5912769459346776E-004
         261   1.8543412414579021E-003  -1.7994095633221145E-003
         262   4.4780460136389618E-003   5.0911520772315673E-003
         263   5.4827330588878330E-003   3.3795711739724793E-003
         264   1.2774071827582505E-003  -8.8570139858838227E-004
         265   2.4034629615905631E-003  -3.8881600632039038E-003
         266   2.0077274420709523E-003  -2.2058247592709858E-003
         267   4.6346702921156325E-003   4.5387949158100394E-003
         268   1.6204444012817149E-003  -1.3610533124601037E-003
         269   4.6220446514905444E-004  -2.2589000571248839E-004
         270   2.2636884317997858E-003  -3.1591808642953611E-003
         271   2.6950475026957296E-003  -6.7613582298923607E-003
         272   5.1818279049789008E-003   3.5875883549845262E-003
         273   4.1433154728598293E-003   6.0663730272792812E-003
         274   4.6804028051074410E-003   4.2850446528681389E-003
         275   6.9409770812770251E-003   2.4879371214908204E-003
         276   4.1639941669971174E-003   5.7190970419527887E-003
         277   7.6464260929390575E-004  -4.2144100338020800E-004
         278   3.9696052006369950E-003   6.7056386712423749E-003
         279   2.6561527587510426E-003  -6.8718165996359635E-003
         280   5.5676150404583612E-004  -2.8225359546552817E-004
         281   4.8589547770779302E-003   3.8175723976973299E-003
         282   5.6603137640166964E-003   2.9966151896874105E-003
         283   1.7080225284217812E-003  -1.5597471526892024E-003
         284   6.9477117464585047E-004  -3.7248037202631981E-004
         285   3.5846969551891579E-003   1.0865707667908999E-002
         286   9.6431999489598533E-005  -4.1748234262439600E-005
         287   4.0524213301498030E-003   5.8250238943223709E-003
         288   1.6776253466197375E-003  -1.5218219472068642E-003
         289   1.6603630602992352E-003  -1.4874181574570371E-003
         290   2.5891919315727554E-003  -6.3380877902826987E-003
         291   1.8199504739116724E-003  -1.8209270705679143E-003
         292   3.9994999187648334E-003   5.9730763642898499E-003
         293   2.1243791434099671E-003  -2.7941440816049278E-003
         294   7.9455298590248434E-004  -4.4555796896254000E-004
         295   4.3993579348288745E-003   4.4523603009989461E-003
         296   1.0421693503920697E-003  -6.5582357304089667E-004
         297   4.7942648573709107E-003   3.6801882718101933E-003
         298   4.7611767619151158E-003   3.6996733798238617E-003
         299   4.5004261707992715E-003   4.1111107535298100E-003
         300   1.9184309946907049E-003  -2.1339745774498551E-003
         301   4.3759520686779928E-003   4.3356925530099611E-003
         302   3.5960706475157808E-003   8.7491782865021534E-003
         303   1.5546847808376274E-003  -1.3295510040708918E-003
         304   2.1128058191883159E-003  -2.8745946320274354E-003
         305   3.4425657350796294E-003   1.1386008984584400E-002
         306   1.7780931769324400E-003  -1.8013604304928442E-003
         307   8.7575860279346773E-004  -5.1720181677300005E-004
         308   7.7802014251247267E-004  -4.3950134813434304E-004
         309   7.1949215319742064E-004  -3.9608229342729295E-004
         310   6.7201859006214501E-004  -3.6243966966870622E-004
         311   4.0070865657700593E-003   5.2844107053903510E-003
         312   2.3847604125366243E-003  -4.7084109943244402E-003
         313   1.0409686465981979E-003  -6.6525069275101426E-004
         314   2.0268097715997885E-003  -2.5669222701641937E-003
         315   2.0388757086579647E-003  -2.6106716774480878E-003
         316   1.9874805249887675E-003  -2.4164902305508825E-003
         317   1.3858203504895047E-003  -1.0667210700486922E-003
         318   1.3360048494218593E-003  -9.9761679224913977E-004
         319   2.1767352551922575E-003  -3.2314995854963611E-003
         320   4.2848810698307132E-003   4.2890876897613483E-003
         321   4.0338320685094908E-003   4.9951000906335889E-003
         322   4.4084307386876697E-003   3.9586319922433107E-003
         323  -5.5138621267932072E-004   1.9453666355599841E-004
         324   4.8631708531631483E-004  -2.4239607458442224E-004
         325   1.8880975219419942E-003  -2.1250906727680193E-003
         326   4.3571812577910176E-003   4.0225563255955055E-003
         327   4.6118653023884690E-003   3.5606911893912479E-003
         328   1.5940936712527899E-003  -1.4290396478858563E-003
         329   1.7705272717030351E-003  -1.8168213205231750E-003
         330   1.8030425528453248E-003  -1.8997652012591960E-003
         331   9.2286149214612515E-004  -5.5651690091465186E-004
         332   1.5112792869843834E-003  -1.2754992606059930E-003
         333   1.4870246033464672E-003  -1.2340145694629424E-003
         334   6.4649705223267695E-004  -3.4313237534207904E-004
         335   1.4292548983942958E-003  -1.1412066096892954E-003
         336   4.8926580262860361E-003   3.1633606034427606E-003
         337   4.9648148075340601E-003   3.0747073727340991E-003
         338   1.1018685441192815E-003  -7.2894164350066333E-004
         339   1.9100938869184886E-003  -2.2327898898557956E-003
         340   4.0114677308374716E-003   4.6993554625159670E-003
         341   1.8639848512728980E-003  -2.0975523312085917E-003
         342   3.7104080356823981E-003   6.0117216590193766E-003
         343   1.9730200834329466E-003  -2.4836083917909404E-003
         344   1.1404076299587039E-003  -7.7248613166472336E-004
         345   3.9974321876988690E-004  -1.9189588238200262E-004
         346   3.9913911970898655E-004  -1.9153492165064262E-004
         347   4.0291811421888767E-003   4.5327217081957633E-003
         348  -5.2390364631829927E-004   1.8461145581700263E-004
         349   2.3674778309823244E-003  -5.0720143658159935E-003
         350   4.4798180302095579E-003   3.5349567735459540E-003
         351   2.2744901832001032E-003  -4.2131474441953979E-003
         352   2.9971711218021013E-004  -1.3811027577338491E-004
         353   1.5463962292347356E-003  -1.3543436559930139E-003
         354   1.7199681799597098E-003  -1.7216162418927259E-003
         355   1.7502708577211976E-003  -1.7958344535864625E-003
         356   3.7408665737577854E-003   5.5583822793760802E-003
         357   5.5243039394742451E-004  -2.8146693088608340E-004
         358   4.0592276955117891E-003   4.2972794695241246E-003
         359   4.8127943320401614E-003   3.0507972488609167E-003
         360   3.8779769846342066E-003   4.7938310931161885E-003
         361   9.4783972156031716E-004  -5.8337445895529434E-004
         362   1.3409623199835412E-003  -1.0334431227439198E-003
         363   2.1173425729761985E-003  -3.2553121481544126E-003
         364   1.0811203355115826E-003  -7.1249148344332551E-004
         365   5.4586278771949085E-003   2.5472469638612538E-003
         366   3.5376058897581167E-003   6.5036074345713553E-003
         367   5.2305681213698973E-003   2.6536067392350484E-003
         368   1.3829448185512614E-003  -1.1032688901347456E-003
         369   4.0625926840315374E-003   4.0578828867468535E-003
         370   4.7005519286264213E-003   3.0405708231259539E-003
         371   7.1058455666119548E-003   1.9817159837854769E-003
         372   2.0855462177761159E-003  -3.2161302759784235E-003
         373   4.3304380948499203E-003   3.4483285742761636E-003
         374   5.6699810249931579E-003   2.3603292423266787E-003
         375   1.4315591669449928E-003  -1.1952009874094827E-003
         376   3.8640737352058333E-003   4.4068271495164065E-003
         377   3.6688986224171255E-003   5.1180760625760043E-003
         378   4.1302985310493999E-003   3.6947756489095363E-003
         379   1.3260969372638734E-003  -1.0392089204862313E-003
         380   8.1449350065359487E-004  -4.7491847343152148E-004
         381   3.4948425561701288E-003   5.9970684535854586E-003
         382   1.5783383116230053E-003  -1.4957787399408303E-003
         383   3.2291058592268389E-003   8.9146142025181702E-003
         384   1.9735834106904006E-003  -2.7836842257912080E-003
         385   4.2946997948860666E-003   3.3365063682783270E-003
         386   4.3999001916894074E-003   3.1761836740959101E-003
         387  -3.9724729807741693E-005   1.6284774515291822E-005
         388   2.0454145730304340E-003  -3.1986487078389325E-003
         389   1.7634734662349645E-003  -1.9945262782209952E-003
         390   4.7443249291854511E-003   2.7980075517156366E-003
         391  -8.2201936391658285E-005   3.3120831164653780E-005
         392   9.8971414044226593E-004  -6.3763820653846748E-004
         393   7.8769568201889930E-004  -4.5586450238729994E-004
         394   4.9963157466680940E-003   2.5944767040921714E-003
         395   4.1637953723036468E-003   3.4385113613792191E-003
         396  -5.2645104785359223E-004   1.8350399238538739E-004
         397   1.4429956951662742E-003  -1.2517265300938860E-003
         398   3.2112124106143517E-003   8.2675272976135486E-003
         399   9.8722369877474918E-004  -6.3931142258272385E-004
         400   3.2774121073974199E-003   7.2220124648733029E-003
         401   3.3294195889751587E-003   6.5835664189797119E-003
         402   3.4635365668629989E-003   5.5049766712258500E-003
         403   1.0172904781382936E-003  -6.7676674560003167E-004
         404   4.1145757373149440E-003   3.4128883709323939E-003
         405   3.8173398115333881E-003   4.0095937672911027E-003
         406   5.7773084353529933E-003   2.1578551347902230E-003
         407   1.4950287028864054E-003  -1.3901241580013114E-003
         408   3.7908089072630144E-003   4.0132564984917676E-003
         409   1.0492387175995515E-003  -7.1617415204328950E-004
         410   3.9870452083889223E-003   3.5444132785767872E-003
         411   2.1994681109223672E-003  -4.9209055699084448E-003
         412   4.6728144231120722E-003   2.6862665083378515E-003
         413   1.8360109057486693E-003  -2.3958727999015121E-003
         414   1.0819406279498696E-003  -7.5335032755154271E-004
         415  -4.1540454518204244E-004   1.5017042741982055E-004
         416   3.7858097851663133E-003   3.9276153038816522E-003
         417   3.8880251572381091E-003   3.6649987509820834E-003
         418   2.0904258350034053E-003  -3.9238840738228791E-003
         419   1.4657930105214368E-003  -1.3438965392371916E-003
         420   3.0777021237899703E-003   8.8668513870355306E-003
         421   3.6589778721405810E-003   4.1934114747931789E-003
         422   3.7078805283386113E-003   4.0210560360873972E-003
         423   1.9567392084231623E-003  -3.0666260121298226E-003
         424   3.6881540218610671E-003   4.0450635718567735E-003
         425   2.0136638660370773E-003  -3.4495184045323425E-003
         426   3.5332287239846763E-003   4.5306907063319829E-003
         427   1.3311633955263031E-003  -1.1150633251590172E-003
         428   4.6352881367705389E-003   2.6068772126435751E-003
         429   3.4152331698424779E-003   4.9737489935637348E-003
         430   4.6906701715562589E-003   2.5455851026461480E-003
         431   1.7174577205412516E-003  -2.0550146603175753E-003
         432   1.4115914940934916E-003  -1.2682378877523477E-003
         433   3.1343906264885385E-003   7.0218333065463819E-003
         434   6.4300602543376675E-004  -3.5636618036295140E-004
         435   1.8349076708629841E-003  -2.5320512181482716E-003
         436   1.0640749561126490E-003  -7.4687520931854419E-004
         437   3.8404483856929513E-003   3.5062629194213529E-003
         438   5.4008219979178292E-003   2.1435070729549596E-003
         439   3.3520381946763197E-003   5.0483428478288366E-003
         440   7.4935004552387165E-004  -4.3992492527028071E-004
         441   1.7423981865629602E-003  -2.1834986094663141E-003
         442   1.6141179454492208E-003  -1.7626649557062144E-003
         443   4.6864897662095015E-003   2.4769338405532769E-003
         444   1.8179468519443456E-003  -2.5022866046741487E-003
         445   3.5999578981948375E-003   3.9707606630896876E-003
         446   1.8780474553874310E-003  -2.8106093531782444E-003
         447   1.2185499973777138E-003  -9.5570541219857535E-004
         448   1.6269997782781792E-003  -1.8081473121225734E-003
         449   2.0493843031545228E-003  -4.0066745092781362E-003
         450   3.4980005671759987E-003   4.2496811710975649E-003
         451   4.8526183742728058E-003   2.3343682100182631E-003
         452   3.7422154337500308E-003   3.5281135847186817E-003
         453   3.1643870040953680E-003   5.9540663645890881E-003
         454   3.1448771711205976E-003   6.0616885420190928E-003
         455   3.4750826112480288E-003   4.1856008266100211E-003
         456   4.7822589172336720E-003   2.3349208892723488E-003
         457   3.6316226890456930E-003   3.6785998620104355E-003
         458   9.9185743662827701E-004  -6.7786120389248881E-004
         459   3.5033122098974564E-003   4.0072121943049155E-003
         460   1.4138837048458814E-003  -1.3246392796427231E-003
         461   3.6296156395826851E-003   3.6349611331958774E-003
         462   3.5112215350547120E-003   3.9299962399935127E-003
         463   1.0131108716128652E-003  -7.0556522111225048E-004
         464   3.6644318879158182E-003   3.5136339834986210E-003
         465   4.7363354623460377E-004  -2.4431432524629678E-004
         466   1.8203784200763395E-003  -2.6856359418452290E-003
         467   1.8284170003182042E-003  -2.7250034609799388E-003
         468   2.0645802117274050E-003  -4.5879214392812433E-003
         469   1.9200898496910378E-003  -3.2703866380476231E-003
         470   1.2456301061053176E-003  -1.0185681768101623E-003
         471  -7.5218480362719727E-004   2.4221117057108218E-004
         472   2.2323195620410326E-003  -7.5904494340268839E-003
         473   1.2867048033130177E-003  -1.0822440618431302E-003
         474   3.6414517702499016E-003   3.5194882163219424E-003
         475   4.9701766340686107E-003   2.1643665708230924E-003
         476   3.5040139674175465E-003   3.8234803862530900E-003
         477   3.2027388052952963E-003   5.0361637047651661E-003
         478   1.8734902434190440E-003  -3.0201638820031855E-003
         479   3.2660072725322125E-003   4.6529656099532591E-003
         480   1.5362195980465343E-003  -1.6381207331351245E-003
         481   1.7292845519854014E-003  -2.2918794327547675E-003
         482   4.6551380819098691E-003   2.2904148410413717E-003
         483   3.2960564911131388E-003   4.4345267422333870E-003
         484   1.2823012678169297E-003  -1.0911520800379198E-003
         485   1.9243543324690680E-003  -3.4247557467326729E-003
         486   4.5239451921880855E-003   2.3496919595397165E-003
         487   1.1841331750918117E-003  -9.3311675780431171E-004
         488   1.8085635617344062E-003  -2.6978558023982931E-003
         489   3.5611327414813926E-003   3.5181468059751297E-003
         490   1.7114961486743865E-003  -2.2491644862400319E-003
         491   4.5879605856661695E-003   2.2859296883438007E-003
         492   3.8358178329184070E-003   2.9745102390695615E-003
         493   1.4953415981173157E-003  -1.5511912894405930E-003
         494   4.5984730657873223E-003   2.2612804403730597E-003
         495   2.9314600265271935E-003   6.8488433534352458E-003
         496   2.6085864745370110E-004  -1.2122124263299568E-004
         497   1.8745946985827533E-003  -3.1784820157553964E-003
         498   3.3403863808290427E-003   4.0230635783808852E-003
         499   9.4220215861746958E-004  -6.3169845544268680E-004
         500   1.1023336235999061E-003  -8.2482434968607550E-004
         501  -2.1920668568299744E-004   8.3655537314703579E-005
         502   3.8820370502041742E-003   2.8487937500879389E-003
         503   3.7539743914098722E-003   3.0179872726729864E-003
         504   3.3818597052569406E-003   3.8125601835014285E-003
         505   3.3003228343377548E-003   4.0623992084326110E-003
         506   3.4537283364057315E-003   3.5725299905188124E-003
         507   3.2500990985268601E-003   4.2052529033677006E-003
         508   1.8542355512411463E-003  -3.1638756834598716E-003
         509   3.5063053529436864E-003   3.4072800435411064E-003
         510   1.8116521890916770E-003  -2.8976519265203238E-003
         511   3.7553040091300033E-003   2.9353381747359818E-003
         512   1.3222899922593989E-003  -1.1987732428273262E-003
         513   1.8503211598831740E-003  -3.1638225054597627E-003
         514   2.8548700612743118E-003   7.0982460960804091E-003
         515   1.2972230015948888E-003  -1.1533771706365541E-003
         516   1.5638269261361156E-003  -1.8127085785157979E-003
         517   1.3060843561648794E-003  -1.1692021406062882E-003
         518   1.8024140002446158E-003  -2.8693474043374155E-003
         519   1.4822070459212472E-003  -1.5686730194780423E-003
         520   1.1427820897405739E-003  -8.9238691322511207E-004
         521   1.0688588206111107E-004  -4.6374783594817864E-005
         522   1.1473065663718703E-003  -8.9880174232144212E-004
         523   1.2411690834412256E-003  -1.0482804929947708E-003
         524   1.1953616729228783E-003  -9.7206927111184228E-004
         525   4.0739906939408063E-003   2.5136248261352885E-003
         526   3.0913972958202520E-003   4.7384884211108987E-003
         527   3.1462657528329120E-003   4.4228755127231562E-003
         528   3.5120858089999415E-003   3.2546158804231938E-003
         529   1.9142131490524125E-003  -3.7959417835772115E-003
         530   1.5110579286161576E-004  -6.6860875087845401E-005
         531   1.5934322642516046E-003  -1.9327026516332453E-003
         532   1.5911917161477117E-003  -1.9236741745853540E-003
         533   3.0628148176915001E-003   4.7865348761131589E-003
         534   3.7103201320852494E-003   2.8752782129555679E-003
         535   3.0920551050256091E-003   4.5605530817502751E-003
         536   1.4061700387248415E-003  -1.4023318682205722E-003
         537   4.9981088932390992E-003   1.9297470581100546E-003
         538   1.8903207932627641E-003  -3.6666531671454075E-003
         539   6.1749808726153444E-004  -3.4428035346250642E-004
         540   4.8019350876966679E-003   1.9957066084938424E-003
         541   1.2815122423880947E-003  -1.1389274228550844E-003
         542   3.0162622733219302E-003   4.8667355682359666E-003
         543   1.6313187999690731E-003  -2.1185495473320360E-003
         544   1.4012659829790808E-003  -1.3980233568481896E-003
         545   3.4527594222818420E-003   3.2389777191690785E-003
         546   3.0618252345063894E-003   4.5287666331528626E-003
         547   1.5484868931988302E-003  -1.8259572743770233E-003
         548  -2.5933452301693381E-004   9.6912708688111460E-005
         549   1.5005866448969925E-003  -1.6730181024697493E-003
         550   1.9060311641049240E-003  -3.9121725122352501E-003
         551   1.5484354934589334E-003  -1.8209193920644543E-003
         552   3.6233540579766661E-003   2.8922629683403420E-003
         553   9.1326957487102185E-004  -6.1181472887625278E-004
         554   3.2429415205898178E-003   3.7172758225263651E-003
         555   1.2093130004558855E-004  -5.2677595638911943E-005
         556   1.5719863335123142E-003  -1.9143141258090664E-003
         557   6.3797170268398336E-004  -3.6010411908882922E-004
         558   4.2725647029664424E-003   2.2182933702166348E-003
         559   3.8993444750519903E-003   2.5120458711308117E-003
         560   3.5148776952403692E-003   3.0156141096820063E-003
         561   3.6328651025089621E-003   2.8145509297099638E-003
         562   1.4204914591015583E-003  -1.4707068947323143E-003
         563   7.4190512579803340E-004  -4.4681518208584004E-004
         564   4.0633627328967781E-004  -2.0275109786079299E-004
         565   1.2984076340216727E-003  -1.1898659027960361E-003
         566   1.6323249162825181E-003  -2.1777108844492706E-003
         567   5.1556699628280795E-004  -2.7207213812223142E-004
         568   3.1025302471494594E-003   4.0950027335207931E-003
         569   3.4719270045906474E-003   3.0432003377998998E-003
         570   1.6899128251848322E-003  -2.4673676737412440E-003
         571   1.5015079845828413E-003  -1.7078828989904836E-003
         572   1.6117746961164161E-003  -2.1038542464990443E-003
         573   5.6770260289438082E-003   1.6597197635685567E-003
         574   3.9591373440695946E-003   2.3866982441689039E-003
         575   2.8239503333514662E-003   5.7464213053964736E-003
         576   1.1327801359193575E-003  -9.0449454864841743E-004
         577   6.6736787191982549E-004  -3.8485839401268914E-004
         578   1.6168931338080379E-003  -2.1502086393797026E-003
         579   4.2230229841068306E-003   2.1698224112657845E-003
         580   2.8835879095089607E-003   5.1162555512129816E-003
         581   1.5395683836188240E-003  -1.8626899727316321E-003
         582   1.3710987597831054E-003  -1.3685375213419004E-003
         583   3.8373891749190312E-003   2.4594246302817218E-003
         584   1.5781587316740966E-003  -2.0115349246486135E-003
         585   1.3924325379772606E-005  -5.7691288679226757E-006
         586   2.6838160552108289E-003   7.3297598752832694E-003
         587   1.3907521156905204E-003  -1.4255306249986127E-003
         588   8.9051758742410227E-004  -5.9478951012742281E-004
         589   1.1433139493205761E-003  -9.2653563254740847E-004
         590   1.4689049370107186E-003  -1.6418049985702323E-003
         591   3.9198080089239869E-003   2.3567330694556211E-003
         592   8.3277765527695383E-004  -5.3468418158044578E-004
         593   1.9215505165811829E-003  -4.5806473767950441E-003
         594   3.2861104551246685E-003   3.2601281309748245E-003
         595   1.9115629508178324E-003  -4.4660124598725611E-003
         596   3.2528178884492502E-003   3.3256117291841033E-003
         597  -1.9326511654476509E-005   7.8771306378098241E-006
         598   1.3443242546406445E-003  -1.3158284041917877E-003
         599   1.2224364126460212E-003  -1.0629233754508329E-003
         600   3.7302523804242454E-003   2.5098841563250133E-003
         601   2.7314455877232731E-003   6.2085082834952548E-003
         602   3.0862036207051340E-003   3.7745257736040952E-003
         603   3.6514434249808030E-003   2.5767596758672242E-003
         604   4.5770361690921924E-004  -2.3518171092400201E-004
         605   3.9895021387283160E-003   2.2426241804758443E-003
         606   4.1983161566648171E-003   2.0938880079077937E-003
         607  -4.4058995562779968E-004   1.5222203093526832E-004
         608   1.6401483873027430E-003  -2.3628108660927174E-003
         609   2.7697957888195473E-003   5.5306303858222647E-003
         610   1.4833987054375087E-003  -1.7309755823602870E-003
         611   4.4178571288413281E-003   1.9621671120677131E-003
         612   1.6780402929814833E-003  -2.5874182729387625E-003
         613   1.7435078207865059E-003  -3.0083441086096534E-003
         614   9.8343849466072893E-004  -7.0842452339171368E-004
         615   2.7915711187795401E-003   5.2220509632285245E-003
         616   1.5861587810181419E-003  -2.1318830263369884E-003
         617   1.9535908219026048E-003  -5.5312216768539819E-003
         618   4.0006799216870184E-003   2.1879207678513171E-003
         619   1.2853085833830200E-003  -1.2066552800044314E-003
         620   3.0951149013567093E-003   3.5653608306517588E-003
         621   2.9013512079418585E-003   4.3640722073404609E-003
         622   1.5537608662198608E-003  -2.0102832513437230E-003
         623   2.8473767058366101E-003   4.6554679505386685E-003
         624   2.7117939299197802E-003   5.7673833151280470E-003
         625   3.6222548014123216E-003   2.4987697967951677E-003
         626   2.1941417482088926E-004  -9.9950881817039653E-005
         627   1.4816525663235601E-003  -1.7608037160834749E-003
         628   3.3826847372553535E-003   2.8218258728974354E-003
         629  -1.6882222328959775E-004   6.4616320034656361E-005
         630   1.4913383923355679E-003  -1.7988105869537344E-003
         631   2.8909271183301098E-003   4.2809683602659642E-003
         632   2.7260188610639543E-003   5.4343370393238437E-003
         633   8.6617140624457303E-004  -5.7906614499215721E-004
         634   3.7992253320806410E-003   2.2869477885790030E-003
         635   2.9463526020883988E-003   3.9432935514560705E-003
         636   3.0515022956927665E-003   3.5307651473953298E-003
         637   1.3440981539328174E-003  -1.3795241552698202E-003
         638   3.0608091615390884E-003   3.4823187053546422E-003
         639   3.0683648537801369E-003   3.4442287927428650E-003
         640   2.9255994434810467E-003   3.9521289257452418E-003
         641   4.6729555959062167E-004  -2.4393921098666784E-004
         642   2.9030179558569270E-003   4.0329658212130241E-003
         643   3.2443063780123083E-003   2.9683567187489437E-003
         644   1.2567176763164287E-003  -1.1892009530231680E-003
         645   3.4782307870900504E-003   2.5735760420245346E-003
         646   2.8823212156851336E-003   4.0645907889718660E-003
         647   4.0843519154151013E-003   2.0240210464230845E-003
         648   1.9948011458709584E-004  -9.0676630684164965E-005
         649   1.4376534133413424E-003  -1.6838655922183819E-003
         650   1.5600199841943783E-003  -2.1636833041654732E-003
         651   2.6820219952104155E-003   5.3601244850643411E-003
         652   2.5873228304171304E-003   6.4535872040079809E-003
         653   1.2948610666514062E-003  -1.2906868336567618E-003
         654   3.0015386416215612E-003   3.5025460024380463E-003
         655   1.4942956811980492E-003  -1.9069643285585987E-003
         656   3.7473784054996859E-003   2.2363564957824911E-003
         657   2.7739463274154123E-003   4.4981971758168530E-003
         658   3.2612457881695560E-003   2.8284617695584009E-003
         659   3.2310011689472562E-003   2.8750183802563559E-003
         660   2.9101421207278393E-003   3.7487907411671269E-003
         661   3.6139718174565726E-003   2.3300059390465385E-003
         662   3.2406889245619555E-003   2.8274830142677341E-003
         663   3.8079846746699418E-003   2.1480430846119287E-003
         664   1.4425322724791582E-003  -1.7551063897845369E-003
         665   2.8765145068109926E-003   3.8109120467146426E-003
         666   2.9090391158861505E-003   3.6634340081083952E-003
         667   4.0736171429686290E-003   1.9586161433103339E-003
         668   7.4459415637284816E-004  -4.6992306783003100E-004
         669   2.9264624832281258E-003   3.5630264894303044E-003
         670   1.6116866163623793E-003  -2.5747497423433316E-003
         671   2.6268324055027177E-003   5.3104126026539342E-003
         672   6.8363346772701359E-004  -4.1469804391261098E-004
         673   2.9031975803150206E-003   3.6109177969923687E-003
         674  -3.3037784455436462E-004   1.1935734574543147E-004
         675   3.1427428860974107E-003   2.9315903950571970E-003
         676   2.8314319311455514E-003   3.8720069028133778E-003
         677   2.9875539611061994E-003   3.2921382620046901E-003
         678   1.7534331946879376E-003  -3.8440788931731577E-003
         679   1.0877047656181332E-003  -9.1006569016646504E-004
         680   1.7192705708913480E-003  -3.4749326221632675E-003
         681   2.5104913950202332E-003   6.5508548007387766E-003
         682   3.4826207802190444E-003   2.3743636607025825E-003
         683   2.5619498334264216E-003   5.7261167709863423E-003
         684   7.8807228463282503E-004  -5.1792712743076652E-004
         685   3.2230874752617032E-003   2.7156820902402398E-003
         686   3.6860791906300999E-003   2.1606151600006293E-003
         687   1.4210027796913265E-003  -1.7465272641028430E-003
         688   1.6249817674402467E-003  -2.7706760250532313E-003
         689   5.2248243556971387E-003   1.5228150064309784E-003
         690   1.5297857484074056E-003  -2.2141642266321855E-003
         691   2.5884363717279969E-003   5.2486912630787478E-003
         692   1.4768941286077764E-003  -1.9759065970870460E-003
         693   1.2023578414886230E-003  -1.1393235575533891E-003
         694   4.0414312445960950E-003   1.9009947138673008E-003
         695   2.1895977361196823E-004  -1.0150124391204337E-004
         696   1.7228527386496759E-003  -3.6666500276554066E-003
         697   1.2303662096840014E-003  -1.2017943584701632E-003
         698   1.2493618976566676E-003  -1.2459837006508884E-003
         699   3.2697124773312524E-003   2.5770530952259315E-003
         700   3.3602191809873907E-003   2.4448193305402280E-003

   k   test 
         700   8.3569382121652380E-006
