 k,   gradient vector, at each step of the optimization (k):

           1   4.7923937788066036E-002   8.8329533080105785E-002
           2   1.9660650972714647E-002  -1.7037362575994600E-002
           3   3.9166630734672359E-002   5.9880413082778312E-002
           4   3.7170883418493061E-002   3.4475709338540675E-002
           5   4.9920284802984223E-002   1.6861437140773199E-002
           6   1.4478416568974020E-002  -3.4698649862474513E-002
           7   1.2305508061816156E-002  -1.3858344713741982E-002
           8   2.6135509833405901E-002   1.8966150717550673E-002
           9   2.2817535969547102E-002   1.8860972629143657E-002
          10   1.0281757383884933E-002  -1.2954458118526423E-002
          11   1.9115841850460242E-002   1.9725980784850366E-002
          12   1.8870546677536734E-002   1.5745135700326072E-002
          13   3.1773445002875249E-003  -1.6103480723846058E-003
          14   1.3776060706533734E-002   3.6623991511643826E-002
          15   6.2314006246290575E-003  -6.0191996951494990E-003
          16   1.9807629036573387E-002   9.7708391070562700E-003
          17   2.3091858959310152E-002   7.3860736310172636E-003
          18   4.2314500617398419E-003  -3.0915456110199267E-003
          19   5.2728669814813061E-003  -4.7694500075979394E-003
          20   1.1875155883223533E-002   1.7051420720035931E-002
          21   5.5596842603244170E-003  -6.0645279325582937E-003
          22   2.0961850729506663E-003  -1.0838319316187151E-003
          23   7.2118031725041370E-003  -1.5941908013051145E-002
          24   1.0051421276296244E-002   2.6109808562045238E-002
          25   2.7655605227563623E-003  -1.6430201807257770E-003
          26   1.0688305255314305E-002   1.4093437507783737E-002
          27   1.0494678439666011E-002   1.2699206789820958E-002
          28   9.1745058331954895E-003   1.7456245593429252E-002
          29   1.0881625345833769E-002   9.1178889123791872E-003
          30   1.1106388277812119E-002   7.9972016560654561E-003
          31   3.7975005551477356E-003  -3.8695844477660665E-003
          32   5.5241841822168862E-003  -1.4074690287560192E-002
          33   1.2590574015434185E-002   5.9456892077806916E-003
          34   9.2832932103932772E-003   8.8578604037410583E-003
          35   2.7157503283747938E-003  -2.0169882579440840E-003
          36   9.2619715461452930E-003   7.9911657964570181E-003
          37   9.2427382535318434E-003   7.4008033453927787E-003
          38   7.6657813589084975E-003   1.0725014127911258E-002
          39   7.1156731547755451E-003   1.2438774006224562E-002
          40   1.0905298424200257E-003  -6.0137902146921267E-004
          41   9.5932503333924449E-003   5.7382606968846474E-003
          42   1.0979443943795032E-002   4.6605776043865928E-003
          43   6.6736392270335520E-003   1.0647573404565314E-002
          44   9.0695807603444253E-003   5.2104757225000537E-003
          45   2.6489112240213287E-003  -2.5662861415110976E-003
          46   3.0538253676960464E-003  -3.5678980794276081E-003
          47   7.1919269614380953E-003   7.0179745607806500E-003
          48   7.0551454064157080E-003   6.8636199979137200E-003
          49   2.2529838220468478E-003  -1.9374789447720300E-003
          50   3.4190747372417805E-003  -5.5490309117131311E-003
          51   6.0266195126476834E-003   9.6287897211179523E-003
          52   5.9562181364577098E-003   9.1675387732359902E-003
          53   1.7586646901119126E-003  -1.3062542219495141E-003
          54   8.0508669200682077E-003   4.6185883892748518E-003
          55   5.8473533229450106E-003   8.1522952201161496E-003
          56   5.1995616292646405E-003   1.1764605590746477E-002
          57   6.9549005370640295E-003   5.0087795652163543E-003
          58   5.1507582466881544E-003   9.9467882474589663E-003
          59  -1.0776004899117418E-003   4.0335800092206433E-004
          60   2.4807456118468387E-003  -3.0181840355462128E-003
          61   5.1079167053544490E-003   9.3636500463127603E-003
          62  -3.4495668473242023E-004   1.5135987018493911E-004
          63   1.9466735509885277E-003  -1.8155688796302762E-003
          64   5.8665834792874395E-003   5.8780753237015057E-003
          65   4.7638000689035360E-003   1.0472173471476203E-002
          66   5.2040808224716947E-003   7.0558815935402985E-003
          67   6.0983864334288370E-003   4.8183866655305777E-003
          68   3.5842654574732518E-006  -1.7562255621950126E-006
          69   5.1114245795913903E-003   6.6326268975896753E-003
          70   5.3769339390797848E-003   5.6116211627829996E-003
          71   2.9214452600588000E-003  -7.7040377668413842E-003
          72   4.1923727839550942E-003   1.2756241235431906E-002
          73   1.5326052290067559E-003  -1.3430442304729949E-003
          74   8.1706746490771143E-003   3.0801621132162285E-003
          75   6.0010459693960452E-003   4.0816311112290933E-003
          76   4.4165706179111336E-003   7.5784869430644899E-003
          77   2.8378884852899061E-003  -8.8974926992059205E-003
          78   6.7099818282774851E-003   3.3748757723923630E-003
          79   2.0765152829602266E-003  -2.6861679732141288E-003
          80   6.0242086530618560E-003   3.6782626739737803E-003
          81   5.7248778629524237E-003   3.8179379104877945E-003
          82   4.3133474141251313E-003   6.5467094438086898E-003
          83   4.0784854032473268E-003   7.5088059445155148E-003
          84   1.4385897198391994E-003  -1.3088865669042709E-003
          85   5.3400765368279172E-003   3.8638517147194479E-003
          86   5.3802849064836442E-003   3.7196206892454479E-003
          87   5.2837065489420272E-003   3.7139925763422389E-003
          88   4.4702395784298396E-003   4.8246646504253622E-003
          89   4.8490644739058548E-003   4.0149540398856402E-003
          90   3.5385377697745319E-003   9.6601038200051174E-003
          91   4.8521249792597664E-003   3.7945368521741887E-003
          92  -3.7832167555218660E-004   1.7000115617356147E-004
          93   3.7459682467908878E-003   6.6595612082943371E-003
          94   1.4518080401701204E-003  -1.4981413246356223E-003
          95   1.9171238193995349E-003  -2.9296940578318596E-003
          96   3.8769923400073345E-003   5.6637196394042234E-003
          97   4.2247787779371160E-003   4.4434069033102395E-003
          98   1.9020525720722019E-003  -2.9949735673756822E-003
          99   2.0753396593618505E-003  -4.0041263671862408E-003
         100   1.4588094059740451E-003  -1.5251250628840684E-003
         101   3.4441173051142984E-003   7.8431598994975638E-003
         102   3.5859656666249692E-003   6.3294457290305542E-003
         103   5.5643051406967172E-004  -3.5609791460664226E-004
         104   4.0280167347881988E-003   4.4364665993857182E-003
         105   1.8878431244914069E-003  -3.1431213853591838E-003
         106   1.5610125689564324E-003  -1.8578766659090578E-003
         107  -1.6376398153681421E-004   7.8370058040578674E-005
         108   1.5789491705448671E-003  -1.9024196127325282E-003
         109   3.2753161591429483E-003   8.2389867176488277E-003
         110   4.1264626702045863E-003   3.9545662996432222E-003
         111   1.1331305454877121E-003  -1.0067526202472794E-003
         112   4.4907116346644136E-003   3.3507165924545803E-003
         113   3.1341243468684440E-003   8.6169026778444985E-003
         114   4.1903859290823593E-003   3.5674381849965988E-003
         115   1.7328762259133852E-003  -2.7093665681913442E-003
         116   1.7142078066117168E-003  -2.6086160936234040E-003
         117   1.5597432281396581E-003  -2.0071880635370246E-003
         118   1.2226373664986133E-003  -1.1811866417953856E-003
         119   1.0689512351367877E-003  -9.2648759973432398E-004
         120   4.3901525668667268E-003   3.1995292613706898E-003
         121   1.4671330877481016E-003  -1.7427040891631821E-003
         122   3.5805908017621699E-003   4.5826020935959364E-003
         123   1.2381146963375170E-003  -1.2275952534166713E-003
         124   4.1932718109091516E-003   3.2737642201562762E-003
         125   1.5294147763867387E-003  -1.9766701755561072E-003
         126   1.5512610764757018E-003  -2.0432678683058171E-003
         127   6.0662447309597018E-003   2.1763391225142537E-003
         128   4.2543067698402335E-003   3.0469288052311014E-003
         129   1.9006639202536404E-003  -4.1239872245663707E-003
         130   7.5107228188192631E-004  -5.4037915409507124E-004
         131   3.3397931592057998E-003   4.8228250521341063E-003
         132   1.0816102082359393E-003  -9.7134361118546774E-004
         133   3.3778035832934673E-003   4.5290819599083090E-003
         134   7.3921864160232046E-004  -5.3447596042306743E-004
         135   3.8420404108078870E-003   3.3520563769921783E-003
         136   3.1137726827792623E-003   5.4565697877419590E-003
         137  -1.2474161594274650E-003   4.1549116595229128E-004
         138   1.7249848469486856E-003  -3.1091367425335951E-003
         139   1.0404451355746137E-003  -9.2630345331824444E-004
         140   4.0967372904954936E-003   2.9221879072139525E-003
         141   4.1888025855175539E-003   2.7883099314982068E-003
         142   3.3203993727419913E-003   4.1530857312714860E-003
         143   9.3893392668699263E-004  -7.9187684826887512E-004
         144   7.1480110672116244E-004  -5.1945112978027169E-004
         145   3.5296551513835138E-003   3.5333545426836669E-003
         146   2.9574085935344312E-003   5.5513296683694273E-003
         147  -1.0096399634462918E-003   3.5708796247817818E-004
         148   8.6036246157993436E-004  -6.9703275856974596E-004
         149   1.8143071315324987E-003  -4.2852718365559697E-003
         150   2.9091331484392951E-003   5.7298342291984290E-003
         151   8.9775140197773107E-004  -7.4810486586143407E-004
         152   1.0388625509119424E-003  -9.6183696538169688E-004
         153   3.6999165034352342E-003   3.0572784933007857E-003
         154   2.9377672108257427E-003   5.1516572294645077E-003
         155   3.6303251678431077E-003   3.0522975174107547E-003
         156   3.9222468504750566E-003   2.6794237430756750E-003
         157   1.2915574826693123E-003  -1.5626481798008212E-003
         158   1.8117586903191834E-003  -4.8958290471278788E-003
         159   1.6446148796011512E-003  -3.1403287758625773E-003
         160   1.1755157180133428E-003  -1.2456283412508554E-003
         161   3.2906436568109756E-003   3.5115299494118163E-003
         162   2.6658307670013775E-003   6.7358873503451907E-003
         163   3.0632280087832613E-003   3.9787770840347021E-003
         164   1.3167655929673626E-003  -1.6759127048886272E-003
         165   1.9392004301983537E-004  -1.0768823916108708E-004
         166   1.1545600995601505E-003  -1.2360687719227788E-003
         167   1.5673697870068910E-003  -2.7878331977497684E-003
         168   7.0324145944256910E-005  -3.6555110981621779E-005
         169   2.6016317575404788E-003   6.9648727244128149E-003
         170   2.9795455242233185E-003   4.0534164310833121E-003
         171   1.4926505253141705E-003  -2.4577763708105425E-003
         172   4.4354922790979911E-004  -2.8234907364306885E-004
         173   8.6429518327829386E-004  -7.2877932224731578E-004
         174   3.7396978067212551E-003   2.5738574850637649E-003
         175  -4.0509807983916968E-004   1.7214710322144549E-004
         176   3.0640620841082788E-004  -1.8067790884861894E-004
         177   3.3537429097157878E-003   3.0051562830556854E-003
         178   1.2941644770927999E-003  -1.6663238390345720E-003
         179   2.6420463971587129E-003   5.5714288903429051E-003
         180   3.9986135011466847E-003   2.2796339985546262E-003
         181   3.4087393045871208E-003   2.7872629705096939E-003
         182   1.3931244311328093E-003  -2.1168805506365370E-003
         183   1.1184365747327187E-003  -1.2161586728167576E-003
         184   1.4457462803163729E-003  -2.3645103917770425E-003
         185   9.7048118025877344E-004  -9.1146282775226683E-004
         186   3.1894305226914449E-003   3.0584330119627140E-003
         187   2.8861995183838219E-003   3.7530209333228922E-003
         188   1.0268733678467331E-003  -1.0296156211223064E-003
         189   1.0394343063682865E-003  -1.0535639699530044E-003
         190   1.3008259571626881E-003  -1.7658651810637496E-003
         191   6.9497806679638338E-004  -5.2561036629537546E-004
         192   3.1738762755792261E-003   2.9714361355468602E-003
         193   4.2890702947907773E-004  -2.7225077154526998E-004
         194   1.0659276276267706E-003  -1.1119530560401425E-003
         195   1.5732148561581260E-003  -3.3666357311633605E-003
         196   4.6823972878657944E-004  -3.0263608874830326E-004
         197   2.9033063602167501E-003   3.5137663495941472E-003
         198   2.6763899674268530E-003   4.3288580042715845E-003
         199   9.3356772841014758E-004  -8.6575588822520547E-004
         200   2.4773896042095053E-003   5.6573009335007451E-003
         201  -5.1029660930288108E-004   2.0484093540643948E-004
         202   5.1862582870321097E-004  -3.5113141487015317E-004
         203   3.7199228279351181E-003   2.2191715469511348E-003
         204   3.2873624793178387E-003   2.5947926255281504E-003
         205   3.5528671634475154E-003   2.2973085301593692E-003
         206   4.5115384454316715E-004  -2.9399310628672713E-004
         207   4.2169931750971057E-003   1.8913619359644995E-003
         208   6.7283192573164481E-004  -5.1353057916191829E-004
         209   1.1848505528011229E-003  -1.4890509244443104E-003
         210   2.7340534367194130E-003   3.5722353482549938E-003
         211   6.6963122640795398E-004  -5.1093895995964309E-004
         212   2.7089812626395170E-003   3.5918078470060003E-003
         213   3.4260418166042117E-003   2.2909397521795861E-003
         214   1.1420617986168139E-003  -1.3945066038825358E-003
         215   2.7277664994707546E-003   3.4053880067237649E-003
         216   2.5769022554031924E-003   3.9113452828589326E-003
         217   2.8962721980347540E-003   2.8973787315723426E-003
         218   5.3244867884507838E-004  -3.7304286505021871E-004
         219   2.7693472840987160E-003   3.1368879238061289E-003
         220   3.0013309417685980E-003   2.6426788951326441E-003
         221   2.4094859367833486E-003   4.5162399084652388E-003
         222  -6.2142023439860962E-005   3.0585490014870009E-005
         223   2.7805213876630217E-003   2.9823285777559995E-003
         224   1.2025223139512039E-003  -1.7030573854047520E-003
         225   2.2966688387551040E-003   5.2293835745987555E-003
         226   2.3502194522023335E-003   4.6282547907736671E-003
         227   2.9072996040065821E-003   2.6282649468903378E-003
         228   2.3600865756673453E-003   4.3649213587630504E-003
         229   9.2284209105150498E-004  -9.5133528620518042E-004
         230   3.2001521915925538E-003   2.2156364725146541E-003
         231   2.5999954654256853E-003   3.1719446627613262E-003
         232   1.1844968727116551E-003  -1.7400044716440271E-003
         233   1.3846156398200405E-003  -2.9573851287608864E-003
         234   2.4244224272246102E-003   3.7619071547580637E-003
         235   2.4918102523597209E-003   3.4230220008753119E-003
         236   1.0125104633842631E-003  -1.1824477607056054E-003
         237   1.1594021057097291E-003  -1.6591280546133416E-003
         238  -4.4855106487641896E-004   1.8381659758719550E-004
         239   2.5762198910273871E-003   3.0974609862445307E-003
         240   1.4808250563948817E-003  -4.2897862647289734E-003
         241  -2.3922276727888727E-004   1.0776583402524655E-004
         242   1.2774010975002640E-003  -2.2386894710664631E-003
         243   1.2814725267866576E-003  -2.2555998716052767E-003
         244   9.8038361339991944E-004  -1.0907476224939576E-003
         245   2.6739961081125307E-003   2.8091156667735574E-003
         246   2.1196414591628343E-003   5.9675171905646225E-003
         247   1.0541114381063402E-003  -1.3124400837743325E-003
         248   1.2489544216218421E-003  -2.1168760765163455E-003
         249   3.0615863580298569E-003   2.1764053167438028E-003
         250   4.9150905216730472E-003   1.4160739012888486E-003
         251   2.6303682247853909E-003   2.7429825544472396E-003
         252   2.7028811901940279E-003   2.5721905478809791E-003
         253   2.6493180140114807E-003   2.6440834151062373E-003
         254   2.5267086619522321E-003   2.8871798065619281E-003
         255   6.9788971844614224E-004  -5.9424233967795008E-004
         256   2.6898839945992451E-003   2.5119010248423989E-003
         257   2.6580032480213897E-004  -1.6015792637235805E-004
         258  -8.0730205652857943E-004   2.8089478586783517E-004
         259   3.6785727036933865E-004  -2.3827345727461737E-004
         260  -3.6397972515855780E-005   1.8186099013002707E-005
         261   8.2225193806022290E-004  -7.9789413497725827E-004
         262   2.5104022791166232E-003   2.8541108642216595E-003
         263   3.1558005682226793E-003   1.9452438257745077E-003
         264   4.5368249421238137E-004  -3.1456470972029732E-004
         265   1.1771233098653501E-003  -1.9042705945657619E-003
         266   9.2278060652431731E-004  -1.0138290021811153E-003
         267   2.6125317773283119E-003   2.5584874869096865E-003
         268   6.7479289522156952E-004  -5.6677606744138555E-004
         269  -6.9924312459660959E-005   3.4173627759872256E-005
         270   1.0884036741237949E-003  -1.5189652478750553E-003
         271   1.3660804811236225E-003  -3.4272343973535250E-003
         272   2.9680006214593546E-003   2.0548664800124762E-003
         273   2.2988189905944647E-003   3.3657812470441902E-003
         274   2.6437777598372781E-003   2.4204552951724800E-003
         275   4.0955581297696967E-003   1.4680197016877126E-003
         276   2.3110664797409545E-003   3.1741671428839650E-003
         277   1.3076345570774505E-004  -7.2071685921119228E-005
         278   2.1865769148781931E-003   3.6936657367589634E-003
         279   1.3444463784984986E-003  -3.4782596409969422E-003
         280  -2.0938684240227562E-006   1.0614991999581690E-006

   k   test 
         281   9.3057881799668563E-009
