 k,   gradient vector, at each step of the optimization (k):

           1   4.7923937774272424E-002   8.8329533054682524E-002
           2   1.9660650967233687E-002  -1.7037362571244954E-002
           3   3.9166630734672352E-002   5.9880413082778305E-002
           4   3.7170883423506627E-002   3.4475709343190712E-002
           5   4.9920284765012181E-002   1.6861437127947486E-002
           6   1.4478416576199526E-002  -3.4698649879791002E-002
           7   1.2305508061284566E-002  -1.3858344713143308E-002
           8   2.6135509834394107E-002   1.8966150718267800E-002
           9   2.2817535992549737E-002   1.8860972648157632E-002
          10   1.0281757383047598E-002  -1.2954458117471427E-002
          11   1.9115841851399352E-002   1.9725980785819448E-002
          12   1.8870546683031970E-002   1.5745135704911168E-002
          13   3.1773445123712608E-003  -1.6103480785089092E-003
          14   1.3776060704639836E-002   3.6623991506608854E-002
          15   6.2314006275326558E-003  -6.0191996979542198E-003
          16   1.9807629030356551E-002   9.7708391039895877E-003
          17   2.3091858940661500E-002   7.3860736250523779E-003
          18   4.2314500639111770E-003  -3.0915456126063287E-003
          19   5.2728669814813061E-003  -4.7694500075979394E-003
          20   1.1875155883741727E-002   1.7051420720780003E-002
          21   5.5596842654175357E-003  -6.0645279381138896E-003
          22   2.0961850901317493E-003  -1.0838319405021893E-003
          23   7.2118031704918404E-003  -1.5941908008602901E-002
          24   1.0051421284321915E-002   2.6109808582892909E-002
          25   2.7655605260587519E-003  -1.6430201826877274E-003
          26   1.0688305256869880E-002   1.4093437509834893E-002
          27   1.0494678431671182E-002   1.2699206780146723E-002
          28   9.1745058311957419E-003   1.7456245589624352E-002
          29   1.0881625342661556E-002   9.1178889097211380E-003
          30   1.1106388282234939E-002   7.9972016592501256E-003
          31   3.7975005522138247E-003  -3.8695844447764645E-003
          32   5.5241841843399701E-003  -1.4074690292969452E-002
          33   1.2590574013628068E-002   5.9456892069277827E-003
          34   9.2832932092915717E-003   8.8578604026898419E-003
          35   2.7157503259860002E-003  -2.0169882561699268E-003
          36   9.2619715436999140E-003   7.9911657943471624E-003
          37   9.2427382538304154E-003   7.4008033456318505E-003
          38   7.6657813576780521E-003   1.0725014126189770E-002
          39   7.1156731563604388E-003   1.2438774008995086E-002
          40   1.0905298391769426E-003  -6.0137901968079549E-004
          41   9.5932503301531160E-003   5.7382606949470229E-003
          42   1.0979443935373860E-002   4.6605776008119566E-003
          43   6.6736392227641824E-003   1.0647573397753674E-002
          44   9.0695807619366343E-003   5.2104757234147786E-003
          45   2.6489112265753716E-003  -2.5662861439854751E-003
          46   3.0538253627365049E-003  -3.5678980736331910E-003
          47   7.1919269500083155E-003   7.0179745496273243E-003
          48   7.0551454132829934E-003   6.8636200045945790E-003
          49   2.2529838203106003E-003  -1.9374789432789242E-003
          50   3.4190747356440906E-003  -5.5490309091201402E-003
          51   6.0266195149098201E-003   9.6287897247321914E-003
          52   5.9562181351891386E-003   9.1675387712834636E-003
          53   1.7586646875179239E-003  -1.3062542200228200E-003
          54   8.0508669252060544E-003   4.6185883922223100E-003
          55   5.8473533229450097E-003   8.1522952201161479E-003
          56   5.1995616300328871E-003   1.1764605592484724E-002
          57   6.9549005448866193E-003   5.0087795708500266E-003
          58   5.1507582466881535E-003   9.9467882474589646E-003
          59  -1.0776004903899166E-003   4.0335800110105055E-004
          60   2.4807456138218956E-003  -3.0181840379491535E-003
          61   5.1079167017547928E-003   9.3636500397140006E-003
          62  -3.4495668788841896E-004   1.5135987156972619E-004
          63   1.9466735492508008E-003  -1.8155688780095820E-003
          64   5.8665834825727898E-003   5.8780753269932918E-003
          65   4.7638000704340443E-003   1.0472173474840692E-002
          66   5.2040808217430632E-003   7.0558815925523934E-003
          67   6.0983864305350580E-003   4.8183866632441784E-003
          68   3.5842648454833970E-006  -1.7562252623309988E-006
          69   5.1114245793690933E-003   6.6326268973012203E-003
          70   5.3769339412773169E-003   5.6116211650764471E-003
          71   2.9214452614952334E-003  -7.7040377706293506E-003
          72   4.1923727873058271E-003   1.2756241245627267E-002
          73   1.5326052265674055E-003  -1.3430442283353568E-003
          74   8.1706746568148050E-003   3.0801621161331652E-003
          75   6.0010459624353137E-003   4.0816311064947293E-003
          76   4.4165706135092849E-003   7.5784869355112645E-003
          77   2.8378884862045053E-003  -8.8974927020734167E-003
          78   6.7099818298984220E-003   3.3748757732076349E-003
          79   2.0765152795666061E-003  -2.6861679688241617E-003
          80   6.0242086525820219E-003   3.6782626736808033E-003
          81   5.7248778646749651E-003   3.8179379116365622E-003
          82   4.3133474141251304E-003   6.5467094438086881E-003
          83   4.0784854022049939E-003   7.5088059425965003E-003
          84   1.4385897200170994E-003  -1.3088865670661315E-003
          85   5.3400765433818768E-003   3.8638517194616137E-003
          86   5.3802849075258478E-003   3.7196206899659675E-003
          87   5.2837065476243296E-003   3.7139925754160101E-003
          88   4.4702395808530280E-003   4.8246646530406738E-003
          89   4.8490644774681485E-003   4.0149540428351671E-003
          90   3.5385377701732568E-003   9.6601038210936251E-003
          91   4.8521249780867984E-003   3.7945368512568851E-003
          92  -3.7832167740737584E-004   1.7000115700720208E-004
          93   3.7459682482249030E-003   6.6595612108437206E-003
          94   1.4518080395188853E-003  -1.4981413239636037E-003
          95   1.9171238195482641E-003  -2.9296940580591430E-003
          96   3.8769923412938509E-003   5.6637196412836358E-003
          97   4.2247787752363103E-003   4.4434069004696698E-003
          98   1.9020525730376098E-003  -2.9949735688958143E-003
          99   2.0753396589863397E-003  -4.0041263664617362E-003
         100   1.4588094067377304E-003  -1.5251250636824699E-003
         101   3.4441173040024864E-003   7.8431598969656759E-003
         102   3.5859656666249688E-003   6.3294457290305533E-003
         103   5.5643051381728300E-004  -3.5609791444512150E-004
         104   4.0280167329507111E-003   4.4364665973619056E-003
         105   1.8878431258633191E-003  -3.1431213876433176E-003
         106   1.5610125671201101E-003  -1.8578766637235146E-003
         107  -1.6376398869486671E-004   7.8370061466099866E-005
         108   1.5789491695988105E-003  -1.9024196115926583E-003
         109   3.2753161607582400E-003   8.2389867217120601E-003
         110   4.1264626709886188E-003   3.9545663003945943E-003
         111   1.1331305470738417E-003  -1.0067526216565083E-003
         112   4.4907116320473863E-003   3.3507165905019014E-003
         113   3.1341243484801417E-003   8.6169026822756709E-003
         114   4.1903859309935986E-003   3.5674381866237113E-003
         115   1.7328762236931993E-003  -2.7093665647200649E-003
         116   1.7142078080641164E-003  -2.6086160958336104E-003
         117   1.5597432295384498E-003  -2.0071880653370886E-003
         118   1.2226373670342666E-003  -1.1811866423128790E-003
         119   1.0689512356159732E-003  -9.2648760014964638E-004
         120   4.3901525701209301E-003   3.1995292637423431E-003
         121   1.4671330897112677E-003  -1.7427040914950892E-003
         122   3.5805908031903903E-003   4.5826020954238380E-003
         123   1.2381146970467357E-003  -1.2275952541198644E-003
         124   4.1932718119955647E-003   3.2737642210044588E-003
         125   1.5294147754431357E-003  -1.9766701743365611E-003
         126   1.5512610778006331E-003  -2.0432678700509715E-003
         127   6.0662447302914620E-003   2.1763391222745145E-003
         128   4.2543067759432422E-003   3.0469288096020681E-003
         129   1.9006639194866482E-003  -4.1239872229021802E-003
         130   7.5107228551336814E-004  -5.4037915670780983E-004
         131   3.3397931598752738E-003   4.8228250531008598E-003
         132   1.0816102150407161E-003  -9.7134361729651984E-004
         133   3.3778035834338871E-003   4.5290819600965889E-003
         134   7.3921864754632931E-004  -5.3447596472075377E-004
         135   3.8420404087948761E-003   3.3520563752358914E-003
         136   3.1137726816744056E-003   5.4565697858058098E-003
         137  -1.2474161567962467E-003   4.1549116507588128E-004
         138   1.7249848462939006E-003  -3.1091367413534016E-003
         139   1.0404451388593126E-003  -9.2630345624259650E-004
         140   4.0967372949799749E-003   2.9221879104127171E-003
         141   4.1888025865956368E-003   2.7883099322158411E-003
         142   3.3203993728539685E-003   4.1530857314115450E-003
         143   9.3893392854850152E-004  -7.9187684983883196E-004
         144   7.1480110477060131E-004  -5.1945112836278480E-004
         145   3.5296551493172578E-003   3.5333545406152451E-003
         146   2.9574085901262863E-003   5.5513296619720230E-003
         147  -1.0096399643741252E-003   3.5708796280633294E-004
         148   8.6036246275728240E-004  -6.9703275952358833E-004
         149   1.8143071355113457E-003  -4.2852718459537396E-003
         150   2.9091331485410900E-003   5.7298342293989248E-003
         151   8.9775140318143118E-004  -7.4810486686448891E-004
         152   1.0388625488823415E-003  -9.6183696350257881E-004
         153   3.6999164995273688E-003   3.0572784900716769E-003
         154   2.9377672113208063E-003   5.1516572303326492E-003
         155   3.6303251669609626E-003   3.0522975166690667E-003
         156   3.9222468498299086E-003   2.6794237426349516E-003
         157   1.2915574863878356E-003  -1.5626481842998421E-003
         158   1.8117586931652196E-003  -4.8958290548185871E-003
         159   1.6446148815943337E-003  -3.1403287796684825E-003
         160   1.1755157175597376E-003  -1.2456283407701952E-003
         161   3.2906436616384933E-003   3.5115299545633838E-003
         162   2.6658307674559782E-003   6.7358873514938534E-003
         163   3.0632280092035792E-003   3.9787770845806456E-003
         164   1.3167655930948000E-003  -1.6759127050508230E-003
         165   1.9392004525776692E-004  -1.0768824040386170E-004
         166   1.1545601022200265E-003  -1.2360687747704348E-003
         167   1.5673697879802718E-003  -2.7878331994810913E-003
         168   7.0324141112159080E-005  -3.6555108469854733E-005
         169   2.6016317596310183E-003   6.9648727300094335E-003
         170   2.9795455233572951E-003   4.0534164299051616E-003
         171   1.4926505242028336E-003  -2.4577763689806317E-003
         172   4.4354923292010785E-004  -2.8234907683246909E-004
         173   8.6429517750815016E-004  -7.2877931738189316E-004
         174   3.7396978131178705E-003   2.5738574894662533E-003
         175  -4.0509808851139228E-004   1.7214710690672091E-004
         176   3.0640620547638911E-004  -1.8067790711827458E-004
         177   3.3537429112496160E-003   3.0051562844300881E-003
         178   1.2941644781369465E-003  -1.6663238403789810E-003
         179   2.6420463989077652E-003   5.5714288940312291E-003
         180   3.9986134961845030E-003   2.2796339957256561E-003
         181   3.4087393059262093E-003   2.7872629716046413E-003
         182   1.3931244335813309E-003  -2.1168805543571151E-003
         183   1.1184365762184015E-003  -1.2161586744322502E-003
         184   1.4457462794261180E-003  -2.3645103903210353E-003
         185   9.7048118046419560E-004  -9.1146282794519649E-004
         186   3.1894305220331203E-003   3.0584330113314281E-003
         187   2.8861995161018404E-003   3.7530209303555562E-003
         188   1.0268733686850434E-003  -1.0296156219628554E-003
         189   1.0394343008605451E-003  -1.0535639643703930E-003
         190   1.3008259560939579E-003  -1.7658651796129533E-003
         191   6.9497807279761371E-004  -5.2561037083409263E-004
         192   3.1738762742421506E-003   2.9714361342950673E-003
         193   4.2890702809442909E-004  -2.7225077066635769E-004
         194   1.0659276295804513E-003  -1.1119530580781807E-003
         195   1.5732148590499148E-003  -3.3666357373517072E-003
         196   4.6823973354634483E-004  -3.0263609182466924E-004
         197   2.9033063584666253E-003   3.5137663474760347E-003
         198   2.6763899683144988E-003   4.3288580057072841E-003
         199   9.3356772995548283E-004  -8.6575588965829176E-004
         200   2.4773896018583747E-003   5.6573009281317655E-003
         201  -5.1029661186973514E-004   2.0484093643681435E-004
         202   5.1862582541618580E-004  -3.5113141264469941E-004
         203   3.7199228240654475E-003   2.2191715446426290E-003
         204   3.2873624816449733E-003   2.5947926273650122E-003
         205   3.5528671642785772E-003   2.2973085306967392E-003
         206   4.5115384684591455E-004  -2.9399310778730587E-004
         207   4.2169931710976062E-003   1.8913619341706857E-003
         208   6.7283192553819267E-004  -5.1353057901426839E-004
         209   1.1848505505217043E-003  -1.4890509215796702E-003
         210   2.7340534367194125E-003   3.5722353482549934E-003
         211   6.6963123420266915E-004  -5.1093896590713114E-004
         212   2.7089812635734288E-003   3.5918078482442633E-003
         213   3.4260418145227942E-003   2.2909397507877753E-003
         214   1.1420617972080986E-003  -1.3945066021624336E-003
         215   2.7277665008815480E-003   3.4053880084850218E-003
         216   2.5769022554031924E-003   3.9113452828589326E-003
         217   2.8962722012911926E-003   2.8973787348300249E-003
         218   5.3244868046079202E-004  -3.7304286618221598E-004
         219   2.7693472849089802E-003   3.1368879247239295E-003
         220   3.0013309414488949E-003   2.6426788948511449E-003
         221   2.4094859352305695E-003   4.5162399055547753E-003
         222  -6.2142017348580636E-005   3.0585487016821619E-005
         223   2.7805213863241669E-003   2.9823285763199720E-003
         224   1.2025223116290541E-003  -1.7030573821160359E-003
         225   2.2966688414688082E-003   5.2293835807777052E-003
         226   2.3502194512796917E-003   4.6282547889567221E-003
         227   2.9072996014120277E-003   2.6282649445448017E-003
         228   2.3600865738099318E-003   4.3649213553278105E-003
         229   9.2284209118511935E-004  -9.5133528634292017E-004
         230   3.2001521892381069E-003   2.2156364708845445E-003
         231   2.5999954642262567E-003   3.1719446612980457E-003
         232   1.1844968752898917E-003  -1.7400044754314102E-003
         233   1.3846156395442596E-003  -2.9573851281718489E-003
         234   2.4244224255460635E-003   3.7619071521535108E-003
         235   2.4918102512338086E-003   3.4230219993286360E-003
         236   1.0125104621452668E-003  -1.1824477592586591E-003
         237   1.1594021047968304E-003  -1.6591280533069647E-003
         238  -4.4855106144877407E-004   1.8381659618254379E-004
         239   2.5762198937413477E-003   3.0974609895076007E-003
         240   1.4808250555550207E-003  -4.2897862622959899E-003
         241  -2.3922276636457004E-004   1.0776583361336201E-004
         242   1.2774010991094529E-003  -2.2386894738866221E-003
         243   1.2814725254243424E-003  -2.2555998692073806E-003
         244   9.8038361472786001E-004  -1.0907476239713873E-003
         245   2.6739961077893292E-003   2.8091156664340243E-003
         246   2.1196414596422342E-003   5.9675171919142973E-003
         247   1.0541114408867277E-003  -1.3124400872361031E-003
         248   1.2489544191465567E-003  -2.1168760723209385E-003
         249   3.0615863568666073E-003   2.1764053159168775E-003
         250   4.9150905244972976E-003   1.4160739021025358E-003
         251   2.6303682303870602E-003   2.7429825602887344E-003
         252   2.7028811906031512E-003   2.5721905482703204E-003
         253   2.6493180154956411E-003   2.6440834165874657E-003
         254   2.5267086589861802E-003   2.8871798031727264E-003
         255   6.9788971892986175E-004  -5.9424234008982970E-004
         256   2.6898839970404169E-003   2.5119010271220442E-003
         257   2.6580032354571340E-004  -1.6015792561529911E-004
         258  -8.0730206043649758E-004   2.8089478722756646E-004
         259   3.6785727161959875E-004  -2.3827345808445267E-004
         260  -3.6397968518073315E-005   1.8186097015526951E-005
         261   8.2225193937017645E-004  -7.9789413624840671E-004
         262   2.5104022798046132E-003   2.8541108650038450E-003
         263   3.1558005658945446E-003   1.9452438243394395E-003
         264   4.5368250040125587E-004  -3.1456471401140738E-004
         265   1.1771233085735148E-003  -1.9042705924759179E-003
         266   9.2278060662864076E-004  -1.0138290022957321E-003
         267   2.6125317752185100E-003   2.5584874848435294E-003
         268   6.7479289522156941E-004  -5.6677606744138544E-004
         269  -6.9924320631793824E-005   3.4173631753782486E-005
         270   1.0884036700658862E-003  -1.5189652422118785E-003
         271   1.3660804845905797E-003  -3.4272344060514563E-003
         272   2.9680006225267751E-003   2.0548664807514944E-003
         273   2.2988189921351104E-003   3.3657812492999032E-003
         274   2.6437777581785398E-003   2.4204552936538570E-003
         275   4.0955581315410931E-003   1.4680197023226552E-003
         276   2.3110664797409536E-003   3.1741671428839641E-003
         277   1.3076345748152960E-004  -7.2071686898759682E-005
         278   2.1865769114321849E-003   3.6936657309378086E-003
         279   1.3444463822350416E-003  -3.4782596506638700E-003
         280  -2.0938650114718670E-006   1.0614974699449567E-006

   k   test 
         281   9.3057730150142293E-009
