 k,   gradient vector, at each step of the optimization (k):

           1   4.7923937788066036E-002   8.8329533080105785E-002
           2   1.6806640553208685E-002  -1.4564158083413362E-002
           3   3.7307977212050647E-002   5.7038786457646554E-002
           4   3.4242724778638357E-002   3.1759864653651021E-002
           5   4.5918979221341298E-002   1.5509927172186962E-002
           6   1.2118932520123018E-002  -2.9043963075618497E-002
           7   1.0000847629945553E-002  -1.1262858322400697E-002
           8   2.3469296024212605E-002   1.7031319016439561E-002
           9   2.0197765573458447E-002   1.6695470718629972E-002
          10   8.3360523558908394E-003  -1.0502975034937854E-002
          11   1.6771745838946948E-002   1.7307065978864861E-002
          12   1.6526281601762206E-002   1.3789136631176516E-002
          13   1.8778100247378150E-003  -9.5171541939106312E-004
          14   1.1803393879629628E-002   3.1379608907437392E-002
          15   4.8572290307250928E-003  -4.6918234378089240E-003
          16   1.7436048905975554E-002   8.6009702730440382E-003
          17   2.0444878480608542E-002   6.5394205854566786E-003
          18   3.1267365492732434E-003  -2.2844293362041337E-003
          19   4.0796151515819163E-003  -3.6901216328887629E-003
          20   1.0182086458863100E-002   1.4620358816774232E-002
          21   4.3900171668194137E-003  -4.7886499459293460E-003
          22   1.1930946099073558E-003  -6.1688924911555275E-004
          23   5.9199449735218186E-003  -1.3086216574798679E-002
          24   8.5727331916576385E-003   2.2268733578556164E-002
          25   1.8470740255290517E-003  -1.0973471288250618E-003
          26   9.1857346214960552E-003   1.2112170616269815E-002
          27   9.0106711414750500E-003   1.0903466628207178E-002
          28   7.8030775177548696E-003   1.4846841891107326E-002
          29   9.3646921931071249E-003   7.8468262232596602E-003
          30   9.5709366854337709E-003   6.8915932701325089E-003
          31   2.9474551624844559E-003  -3.0034035523120407E-003
          32   4.5153876398102387E-003  -1.1504446713270602E-002
          33   1.0973853858633441E-002   5.1822199984731436E-003
          34   7.9548181055283280E-003   7.5902663762719555E-003
          35   1.9868123805592305E-003  -1.4756059128322246E-003
          36   7.9486244062764739E-003   6.8580188535296979E-003
          37   7.9326664629952130E-003   6.3518086184888422E-003
          38   6.5045900815651611E-003   9.1004187642250885E-003
          39   6.0103025474787788E-003   1.0506496500187064E-002
          40   5.8670046041116070E-004  -3.2353937971530127E-004
          41   8.2537778919484460E-003   4.9370471563035439E-003
          42   9.5019175172883150E-003   4.0333940595260890E-003
          43   5.6294086332244917E-003   8.9815376000171847E-003
          44   7.7799683567849314E-003   4.4695931726073616E-003
          45   2.0324238722422344E-003  -1.9690283199047562E-003
          46   2.3948112882330708E-003  -2.7979473503177660E-003
          47   6.1107167244726984E-003   5.9629157457281824E-003
          48   5.9894191204822207E-003   5.8268248892284153E-003
          49   1.6926417386150111E-003  -1.4556064262501011E-003
          50   2.7370028428462647E-003  -4.4420536395331327E-003
          51   5.0783098275036156E-003   8.1136659391056656E-003
          52   5.0168856144494354E-003   7.7217610802125169E-003
          53   1.2651170616722173E-003  -9.3967003054148816E-004
          54   6.8968591673385189E-003   3.9565619440724321E-003
          55   4.9265561693832118E-003   6.8685331795665426E-003
          56   4.3497267647303554E-003   9.8417565678134960E-003
          57   5.9141808573651197E-003   4.2592741715712949E-003
          58   4.3102040036563536E-003   8.3235680019123348E-003
          59  -1.2163812999674785E-003   4.5530522128293428E-004
          60   1.9415015119515543E-003  -2.3621159865717016E-003
          61   4.2777916542027462E-003   7.8418945201285031E-003
          62  -5.6209286567323647E-004   2.4663474269581400E-004
          63   1.4718933605837937E-003  -1.3727642101334068E-003
          64   4.9577587356235599E-003   4.9674703151542038E-003
          65   3.9786501120503909E-003   8.7461928613829960E-003
          66   4.3701515057714526E-003   5.9252099693390048E-003
          67   5.1628009365716314E-003   4.0791726567545022E-003
          68  -2.2850382615947283E-004   1.1196276205600388E-004
          69   4.2916525454039754E-003   5.5688839118176138E-003
          70   4.5270569515577126E-003   4.7246495646611660E-003
          71   2.3585722764130645E-003  -6.2197057537698259E-003
          72   3.4826688642713654E-003   1.0596806740516483E-002
          73   1.1354653246808022E-003  -9.9502476198844755E-004
          74   6.9998603359724271E-003   2.6387912296939389E-003
          75   5.0829633873244627E-003   3.4571942299302084E-003
          76   3.6854410944147094E-003   6.3239263287643323E-003
          77   2.2954689825292886E-003  -7.1968714130856938E-003
          78   5.7118547446480270E-003   2.8728543066837971E-003
          79   1.6258043874330325E-003  -2.1031310060997399E-003
          80   5.1090841951195488E-003   3.1195057766709544E-003
          81   4.8448372352608501E-003   3.2310362235581187E-003
          82   3.6010774283120090E-003   5.4656407992116846E-003
          83   3.3948290441013426E-003   6.2501418998988766E-003
          84   1.0746559556310627E-003  -9.7776504653904737E-004
          85   4.5061041137014774E-003   3.2604248246921475E-003
          86   4.5413668342779078E-003   3.1396408048720422E-003
          87   4.4564180415712510E-003   3.1324797034360890E-003
          88   3.7423130992791766E-003   4.0390241740148377E-003
          89   4.0747941750244746E-003   3.3738696242863403E-003
          90   2.9261955925933129E-003   7.9884277238883167E-003
          91   4.0765549046759076E-003   3.1880130626940370E-003
          92  -4.9876064468679971E-004   2.2412114274676480E-004
          93   3.1096522638340840E-003   5.5283222449242974E-003
          94   1.1041289006371705E-003  -1.1393662853494148E-003
          95   1.5110025455204400E-003  -2.3090710856467078E-003
          96   3.2264353573519910E-003   4.7133508906205589E-003
          97   3.5308852549099392E-003   3.7136050764115733E-003
          98   1.5007874352626061E-003  -2.3631411480725490E-003
          99   1.6522345047996390E-003  -3.1877942078538724E-003
         100   1.1124813746549126E-003  -1.1630533910254451E-003
         101   2.8508605045252668E-003   6.4921583114927964E-003
         102   2.9752710173229849E-003   5.2515328321666409E-003
         103   3.2766862729236604E-004  -2.0969754876926585E-004
         104   3.3626689382885637E-003   3.7036510550380033E-003
         105   1.4926827906019693E-003  -2.4852081933251914E-003
         106   1.2068343186606109E-003  -1.4363429000169589E-003
         107  -3.0199576243028633E-004   1.4452155600741729E-004
         108   1.2223232101756022E-003  -1.4727336962555961E-003
         109   2.7074088086102097E-003   6.8104281020681216E-003
         110   3.4520321852946094E-003   3.3082306169446071E-003
         111   8.3573648559884597E-004  -7.4252688718293397E-004
         112   3.7713060611732963E-003   2.8139365923330346E-003
         113   2.5856168271311203E-003   7.1088463940008314E-003
         114   3.5078828770369833E-003   2.9863968464541647E-003
         115   1.3637818833406696E-003  -2.1322844561968879E-003
         116   1.3474116213492416E-003  -2.0504396413491464E-003
         117   1.2124457054862052E-003  -1.5602610120905968E-003
         118   9.1784122746561793E-004  -8.8672391902779100E-004
         119   7.8339214931618468E-004  -6.7898617655630291E-004
         120   3.6870939114801316E-003   2.6871423440351970E-003
         121   1.1325211265300053E-003  -1.3452421015852640E-003
         122   2.9800604398593977E-003   3.8140161685108389E-003
         123   9.3353400638916879E-004  -9.2560238444499155E-004
         124   3.5161558411798137E-003   2.7451273622189141E-003
         125   1.1890472564045340E-003  -1.5367670597602036E-003
         126   1.2080800632254148E-003  -1.5912416117197757E-003
         127   5.1551763465184581E-003   1.8494822520312771E-003
         128   3.5707556465407872E-003   2.5573704070934477E-003
         129   1.5152161580145142E-003  -3.2876575450932503E-003
         130   5.1070077375200734E-004  -3.6743740752130807E-004
         131   2.7731635498614003E-003   4.0045841177533143E-003
         132   8.0067173533194646E-004  -7.1904588996058794E-004
         133   2.8068934022164854E-003   3.7635848141794846E-003
         134   5.0277289759238699E-004  -3.6351900803381474E-004
         135   3.2128776491216660E-003   2.8031321539299749E-003
         136   2.5768755638345248E-003   4.5157122182212881E-003
         137  -1.2279340039218418E-003   4.0900202161572077E-004
         138   1.3652059214918275E-003  -2.4606661902815794E-003
         139   7.6743194304672389E-004  -6.8324108088439566E-004
         140   3.4369439427477471E-003   2.4515596961930106E-003
         141   3.5169836319223556E-003   2.3411082736891709E-003
         142   2.7588410310218493E-003   3.4507003629871687E-003
         143   6.8187090091600727E-004  -5.7507537495088206E-004
         144   4.8623292083889923E-004  -3.5334897734658178E-004
         145   2.9423271651527602E-003   2.9454109846904007E-003
         146   2.4430805880979694E-003   4.5858883958665919E-003
         147  -1.0144631911196704E-003   3.5879383447692137E-004
         148   6.1506536848105614E-004  -4.9830243605210615E-004
         149   1.4469019146360835E-003  -3.4174853404294490E-003
         150   2.4022655891266149E-003   4.7315069121493100E-003
         151   6.4827248014972182E-004  -5.4021168414293021E-004
         152   7.7124934206109375E-004  -7.1406571164730689E-004
         153   3.0929603010947607E-003   2.5557444337975070E-003
         154   2.4280425509306688E-003   4.2578060354324576E-003
         155   3.0315839521843401E-003   2.5488890783224869E-003
         156   3.2856464025050294E-003   2.2445397543392428E-003
         157   9.9470913333710056E-004  -1.2034930210213903E-003
         158   1.4477617692582783E-003  -3.9122175382016317E-003
         159   1.3020786490198855E-003  -2.4862690351829119E-003
         160   8.9306200571752999E-004  -9.4632792039235148E-004
         161   2.7377382327815089E-003   2.9215104401121377E-003
         162   2.1929099918020310E-003   5.5409348774378680E-003
         163   2.5390405805592684E-003   3.2979185514094614E-003
         164   1.0184606441825009E-003  -1.2962452407099118E-003
         165   4.0588875775954718E-005  -2.2539931890349144E-005
         166   8.7712604091882355E-004  -9.3904865466341641E-004
         167   1.2367769883897999E-003  -2.1998177934961722E-003
         168  -6.8151769379636178E-005   3.5425890493447895E-005
         169   2.1385833708082802E-003   5.7252379953674735E-003
         170   2.4677851576664208E-003   3.3572102943706743E-003
         171   1.1729413723969664E-003  -1.9313479883823312E-003
         172   2.5909442895280331E-004  -1.6493112240470602E-004
         173   6.2550247601331503E-004  -5.2742775772964337E-004
         174   3.1313055448974796E-003   2.1551298076199826E-003
         175  -4.7959230461763563E-004   2.0380354801978039E-004
         176   1.3989842523722744E-004  -8.2493612169850142E-005
         177   2.7956228016539721E-003   2.5050469441487799E-003
         178   1.0011433736777555E-003  -1.2890394531599543E-003
         179   2.1756939721701996E-003   4.5880058223541440E-003
         180   3.3569988676977040E-003   1.9138455741517636E-003
         181   2.8430432951459758E-003   2.3247038250923274E-003
         182   1.0889979153543006E-003  -1.6547542022665785E-003
         183   8.4991410467528624E-004  -9.2417436348337712E-004
         184   1.1348340074969112E-003  -1.8560150146685764E-003
         185   7.2094338843177138E-004  -6.7710030120739445E-004
         186   2.6537502784706032E-003   2.5447544316879087E-003
         187   2.3895188227730283E-003   3.1071705560598217E-003
         188   7.7125926485712608E-004  -7.7331890367101958E-004
         189   7.8215554284515629E-004  -7.9278785950395313E-004
         190   1.0097079370249499E-003  -1.3706738239795718E-003
         191   4.8206127201616983E-004  -3.6458186792745012E-004
         192   2.6413444493868401E-003   2.4728709192994077E-003
         193   2.5099654835931636E-004  -1.5932124971003049E-004
         194   8.0563804432842213E-004  -8.4042449246550901E-004
         195   1.2475175430546632E-003  -2.6696526029238140E-003
         196   2.8458551839898516E-004  -1.8393537093887383E-004
         197   2.4069890063741100E-003   2.9130914636955460E-003
         198   2.2091184604420330E-003   3.5730817430401143E-003
         199   6.9132837237217753E-004  -6.4111214522982046E-004
         200   2.0359519281138959E-003   4.6492456107470386E-003
         201  -5.6479500580279942E-004   2.2671743294469442E-004
         202   3.3061998621948486E-004  -2.2384358263813464E-004
         203   3.1184179423967900E-003   1.8603354664511235E-003
         204   2.7414280417563863E-003   2.1638737166707759E-003
         205   2.9721755296647392E-003   1.9218292954145263E-003
         206   2.7392465793098540E-004  -1.7850221614581436E-004
         207   3.5499920529320126E-003   1.5922055272801024E-003
         208   4.6733280905094542E-004  -3.5668594029977210E-004
         209   9.1259054050703086E-004  -1.1468904536260259E-003
         210   2.2603434923548645E-003   2.9532996005655053E-003
         211   4.6500227126905665E-004  -3.5480390921366621E-004
         212   2.2386648599884043E-003   2.9682206081736687E-003
         213   2.8619228640309560E-003   1.9137223676326189E-003
         214   8.7670995034067566E-004  -1.0705005779199546E-003
         215   2.2550513618230729E-003   2.8152427502824524E-003
         216   2.1238255604141510E-003   3.2236438421066028E-003
         217   2.4010786625825267E-003   2.4019960052509186E-003
         218   3.4874117300632640E-004  -2.4433417061235050E-004
         219   2.2909723375367755E-003   2.5950242862847962E-003
         220   2.4921744290386997E-003   2.1943653980153448E-003
         221   1.9784500185318684E-003   3.7083241674885237E-003
         222  -1.6512526917001797E-004   8.1272494711891018E-005
         223   2.3004071731135079E-003   2.4673682005436730E-003
         224   9.3198462583799369E-004  -1.3199117236351642E-003
         225   1.8809233785311275E-003   4.2827549426329402E-003
         226   1.9272648481801133E-003   3.7953361156638789E-003
         227   2.4098458596099942E-003   2.1785554510767315E-003
         228   1.9357126937132902E-003   3.5800524304193241E-003
         229   6.9137818205597498E-004  -7.1272481725752736E-004
         230   2.6632248525389835E-003   1.8438929664955509E-003
         231   2.1434727119842437E-003   2.6149956486327180E-003
         232   9.1856932035173206E-004  -1.3493617093880757E-003
         233   1.0917621412484182E-003  -2.3318826017968844E-003
         234   1.9919591500439080E-003   3.0908662180271647E-003
         235   2.0501813225045845E-003   2.8163523952399790E-003
         236   7.7040301169679069E-004  -8.9970558227801811E-004
         237   8.9748247889341322E-004  -1.2843157278418704E-003
         238  -4.9403637186147173E-004   2.0245651403127984E-004
         239   2.1238236637424542E-003   2.5535323917872969E-003
         240   1.1758842005100225E-003  -3.4064063614240854E-003
         241  -3.1301774683282482E-004   1.4100923141992236E-004
         242   9.9981679937816300E-004  -1.7522134168690903E-003
         243   1.0033513399321024E-003  -1.7660613912658689E-003
         244   7.4254931739729693E-004  -8.2613977984271269E-004
         245   2.2098523704877802E-003   2.3215183060141783E-003
         246   1.7295808037361628E-003   4.8693627566817801E-003
         247   8.0718653111881797E-004  -1.0050018624465605E-003
         248   9.7586753277744624E-004  -1.6540160299068831E-003
         249   2.5455430339808333E-003   1.8095629994644782E-003
         250   4.1498228177298370E-003   1.1955946205360803E-003
         251   2.1717896274760706E-003   2.2647707662992208E-003
         252   2.2343684010035407E-003   2.1263314504522033E-003
         253   2.1878917360505837E-003   2.1835688364870921E-003
         254   2.0817555088046415E-003   2.3787477194050321E-003
         255   5.0124491486429812E-004  -4.2680232003392378E-004
         256   2.2228622180760936E-003   2.0757809239653354E-003
         257   1.2825510954255723E-004  -7.7280087623242421E-005
         258  -7.9917550796956762E-004   2.7806721333922813E-004
         259   2.1615212547977181E-004  -1.4000896103972995E-004
         260  -1.3340568300245081E-004   6.6655607229851787E-005
         261   6.0882934057229147E-004  -5.9079381581113863E-004
         262   2.0686469206540022E-003   2.3518731239181552E-003
         263   2.6264488418731614E-003   1.6189500201033830E-003
         264   2.9097845140561797E-004  -2.0175244420698630E-004
         265   9.1620040609165503E-004  -1.4821671420720756E-003
         266   6.9632545012387754E-004  -7.6503009632095391E-004
         267   2.1573540654190610E-003   2.1127258351869515E-003
         268   4.8226143082033150E-004  -4.0506389319533881E-004
         269  -1.6158659145498118E-004   7.8971102226492394E-005
         270   8.3978402946620876E-004  -1.1719941661411238E-003
         271   1.0799236668587251E-003  -2.7093217337606028E-003
         272   2.4657301368046281E-003   1.7071243753261438E-003
         273   1.8867689856644158E-003   2.7624844302385370E-003
         274   2.1848869469305809E-003   2.0003274331110402E-003
         275   3.4394227085309394E-003   1.2328332643735320E-003
         276   1.8970799367538519E-003   2.6055714344242614E-003
         277   1.3969320163420580E-005  -7.6993411492563835E-006
         278   1.7896103239054943E-003   3.0230916143775665E-003
         279   1.0623727793310687E-003  -2.7484981336093747E-003
         280  -1.0065850293194168E-004   5.1029433896311474E-005
         281   2.2838870104361767E-003   1.7943990859169883E-003
         282   2.7269241407580427E-003   1.4436553594022173E-003
         283   5.3938109389082298E-004  -4.9255680847954677E-004
         284  -2.1434782300367046E-005   1.1491604684972198E-005
         285   1.5784889976827542E-003   4.7846164460299398E-003
         286  -3.4979918588186511E-004   1.5143830299383079E-004
         287   1.8373190128126973E-003   2.6409956614089590E-003
         288   5.2515087062190112E-004  -4.7637937881511445E-004
         289   5.1557549584757892E-004  -4.6187269061827687E-004
         290   1.0291092770502515E-003  -2.5191585313557008E-003
         291   6.0345656698733788E-004  -6.0378038550545411E-004
         292   1.8104902236210387E-003   2.7038871314262760E-003
         293   7.7291491207105224E-004  -1.0165961353211953E-003
         294   3.6962949385122387E-005  -2.0727549889192106E-005
         295   2.0327991602616655E-003   2.0572898170889771E-003
         296   1.7519103990819242E-004  -1.1024543536433611E-004
         297   2.2515203765949118E-003   1.7283189665558379E-003
         298   2.2325017725907640E-003   1.7347659604936316E-003
         299   2.0877814981804846E-003   1.9071751524069589E-003
         300   6.6258023682830638E-004  -7.3702384126684108E-004
         301   2.0192606057839648E-003   2.0006830590648672E-003
         302   1.5886533494706345E-003   3.8651663864193858E-003
         303   4.6428091906582894E-004  -3.9704843690715921E-004
         304   7.7169521724941895E-004  -1.0499360182180120E-003
         305   1.5047348716219929E-003   4.9767894315340252E-003
         306   5.8866788363385377E-004  -5.9637090228836819E-004
         307   9.1988023213980110E-005  -5.4325898227970328E-005
         308   3.7910677291487429E-005  -2.1415632922418381E-005
         309   5.3734323104182562E-006  -2.9580884011431226E-006
         310  -2.1109498055408385E-005   1.1384981926417976E-005
         311   1.8178984465711961E-003   2.3973831996632173E-003
         312   9.2373076007402596E-004  -1.8237907857175234E-003
         313   1.8292071429757456E-004  -1.1689894052298202E-004
         314   7.2653258637315685E-004  -9.2014194035053157E-004
         315   7.3323786171866287E-004  -9.3887200200227497E-004
         316   7.0490572398191102E-004  -8.5706389272484156E-004
         317   3.7253029006923029E-004  -2.8675138845221383E-004
         318   3.4491083681098317E-004  -2.5755059405678060E-004
         319   8.0973271053739560E-004  -1.2020988368809814E-003
         320   1.9763032432948292E-003   1.9782434503803322E-003
         321   1.8370160588172721E-003   2.2747796452726636E-003
         322   2.0434531793303372E-003   1.8349566115121610E-003
         323  -6.9330236422142962E-004   2.4460663990081086E-004
         324  -1.2143939269345179E-004   6.0529298635811998E-005
         325   6.5238970361410423E-004  -7.3427736546905864E-004
         326   2.0167965400897147E-003   1.8619096153667789E-003
         327   2.1568518091101929E-003   1.6652444791793581E-003
         328   4.9179009419739021E-004  -4.4086966513910919E-004
         329   5.8911577223706658E-004  -6.0451940637280301E-004
         330   6.0707450822677683E-004  -6.3964049183464096E-004
         331   1.2097903223015894E-004  -7.2954475471516752E-005
         332   4.4588803579657612E-004  -3.7632346639676287E-004
         333   4.3243830972709992E-004  -3.5886102583390558E-004
         334  -3.2430832365716018E-005   1.7212868187933943E-005
         335   4.0033345934652133E-004  -3.1965130250684917E-004
         336   2.3173110525061178E-003   1.4982634081591080E-003
         337   2.3563771213327115E-003   1.4593031943324780E-003
         338   2.2137084295266061E-004  -1.4644798324288228E-004
         339   6.6793037301494040E-004  -7.8077218832490352E-004
         340   1.8299558384415374E-003   2.1437572336517061E-003
         341   6.4321521094149695E-004  -7.2381358907387151E-004
         342   1.6637262228669080E-003   2.6956223877539127E-003
         343   7.0422983910260111E-004  -8.8647406725915619E-004
         344   2.4439316191148024E-004  -1.6554635666296460E-004
         345  -1.6500798094945998E-004   7.9211730474900089E-005
         346  -1.6574774680243055E-004   7.9537384661068888E-005
         347   1.8416901256325330E-003   2.0718524478374120E-003
         348  -6.7472391731890119E-004   2.3775701033223077E-004
         349   9.2310772579377734E-004  -1.9776386436020340E-003
         350   2.0921233049487281E-003   1.6508629140849058E-003
         351   8.7225159914885357E-004  -1.6157135444211461E-003
         352  -2.2016479515409826E-004   1.0145240074260612E-004
         353   4.6944282936162515E-004  -4.1114101662803425E-004
         354   5.6553353239256526E-004  -5.6607542281672540E-004
         355   5.8233182138670687E-004  -5.9749126465350106E-004
         356   1.6855750468180125E-003   2.5045187488150120E-003
         357  -8.0028664084372142E-005   4.0775132414031029E-005
         358   1.8620434646295320E-003   1.9712422539788564E-003
         359   2.2785944059100865E-003   1.4443853331820200E-003
         360   1.7609459003703888E-003   2.1768249899212127E-003
         361   1.4210225377828665E-004  -8.7460805375163335E-005
         362   3.5915814840462994E-004  -2.7679339897541689E-004
         363   7.8827395754806919E-004  -1.2119332142238237E-003
         364   2.1521483128743746E-004  -1.4183317931063793E-004
         365   2.6372670908936533E-003   1.2306701869595482E-003
         366   1.5741135456360613E-003   2.8938827210506896E-003
         367   2.5085926542009669E-003   1.2726759729954128E-003
         368   3.8497860218127778E-004  -3.0712354495756802E-004
         369   1.8637391475080497E-003   1.8615784993065221E-003
         370   2.2150458776168786E-003   1.4328112888937667E-003
         371   3.5393829260514150E-003   9.8708192452848080E-004
         372   7.7434835944936221E-004  -1.1941261151406728E-003
         373   2.0102922000089277E-003   1.6007960128051491E-003
         374   2.7465701752300994E-003   1.1433565424860900E-003
         375   4.1607150518481955E-004  -3.4737584398350914E-004
         376   1.7532878674417977E-003   1.9995572301750243E-003
         377   1.6457136328438104E-003   2.2957536898535989E-003
         378   1.8985853442912920E-003   1.6983873792003376E-003
         379   3.6061684282466587E-004  -2.8260093919996973E-004
         380   7.9953253371050769E-005  -4.6619496664359896E-005
         381   1.5504975723121606E-003   2.6606177327953566E-003
         382   4.9967872286323881E-004  -4.7354157531097270E-004
         383   1.4048937316604288E-003   3.8784995473290281E-003
         384   7.1707716347316154E-004  -1.0114172919284219E-003
         385   1.9888245727404932E-003   1.5450965537192143E-003
         386   2.0458887110496537E-003   1.4768785745019335E-003
         387  -3.8314558940580454E-004   1.5706688403419036E-004
         388   7.5746001240417854E-004  -1.1845268542927496E-003
         389   6.0314977251472567E-004  -6.8217531707582201E-004
         390   2.2359833787895245E-003   1.3186909566157965E-003
         391  -4.0639377738682631E-004   1.6374431403979524E-004
         392   1.8003779618785260E-004  -1.1599205546266233E-004
         393   6.9247597554570112E-005  -4.0075783480012413E-005
         394   2.3753776585019428E-003   1.2334812911922440E-003
         395   1.9186506151032761E-003   1.5844443227045141E-003
         396  -6.4787452646930641E-004   2.2582833229533827E-004
         397   4.2945132736430631E-004  -3.7252752842342675E-004
         398   1.3977073216779254E-003   3.5985110788220379E-003
         399   1.8110684712812971E-004  -1.1728210761214151E-004
         400   1.4339907968544585E-003   3.1599014924065787E-003
         401   1.4621629098524494E-003   2.8912686956783771E-003
         402   1.5351335212060203E-003   2.4399552475665295E-003
         403   2.0058174542720149E-004  -1.3343981684362855E-004
         404   1.8904626461595036E-003   1.5680688344723978E-003
         405   1.7279532373327890E-003   1.8149787214769774E-003
         406   2.7953784286011284E-003   1.0440885688095020E-003
         407   4.6317337888529341E-004  -4.3067300453057797E-004
         408   1.7131835966224336E-003   1.8137145317669390E-003
         409   2.2125980702979961E-004  -1.5102431126765383E-004
         410   1.8200670395831637E-003   1.6180076838419508E-003
         411   8.4750769757490165E-004  -1.8961426759616332E-003
         412   2.1936059623534451E-003   1.2610409264307636E-003
         413   6.5028956794629228E-004  -8.4858487660612156E-004
         414   2.4010473182131450E-004  -1.6718383032441554E-004
         415  -5.7483404400811386E-004   2.0780483768258507E-004
         416   1.7119666890289356E-003   1.7760920249907013E-003
         417   1.7672406570708790E-003   1.6658675134320559E-003
         418   7.8960582265660720E-004  -1.4821485939562292E-003
         419   4.4990567378274407E-004  -4.1249117279166088E-004
         420   1.3269960558059215E-003   3.8230720013683731E-003
         421   1.6426659605274974E-003   1.8825952298252952E-003
         422   1.6689238381157212E-003   1.8098847095357436E-003
         423   7.1838942367535819E-004  -1.1258688352532773E-003
         424   1.6583974156639722E-003   1.8188836295884099E-003
         425   7.4972313404067200E-004  -1.2843175034305094E-003
         426   1.5745207807583467E-003   2.0190220406289664E-003
         427   3.8002693469375333E-004  -3.1833364624788617E-004
         428   2.1724811235405398E-003   1.2217992428410066E-003
         429   1.5104222676573301E-003   2.1996920444419905E-003
         430   2.2010366213047637E-003   1.1944830543719712E-003
         431   5.9106129253041063E-004  -7.0723116311326661E-004
         432   4.2547320714342616E-004  -3.8226444674726662E-004
         433   1.3585899826677962E-003   3.0435875827399483E-003
         434   1.0323736085142650E-005  -5.7216110739485069E-006
         435   6.5529142410200548E-004  -9.0425882183992263E-004
         436   2.3792893328894275E-004  -1.6700254134569106E-004
         437   1.7417274696439988E-003   1.5901670402083598E-003
         438   2.5859956148744749E-003   1.0263437479055911E-003
         439   1.4768125174493194E-003   2.2241560140603607E-003
         440   7.0043435812558506E-005  -4.1120773194817775E-005
         441   6.0673782989045409E-004  -7.6033780228486510E-004
         442   5.3739428184541947E-004  -5.8685058962169195E-004
         443   2.1995174640712634E-003   1.1625031764557774E-003
         444   6.4810629678719851E-004  -8.9207652199571738E-004
         445   1.6118732416643838E-003   1.7778993651834623E-003
         446   6.8103251000536935E-004  -1.0192055248383889E-003
         447   3.2451992309931351E-004  -2.5452008332830324E-004
         448   5.4537521516189401E-004  -6.0609641289369957E-004
         449   7.7390513576103780E-004  -1.5130329510576852E-003
         450   1.5580952274018949E-003   1.8929122004152212E-003
         451   2.2905527302184803E-003   1.1018780098473824E-003
         452   1.6895999464771787E-003   1.5929335521799560E-003
         453   1.3771776667431455E-003   2.5912782516823653E-003
         454   1.3664554185994248E-003   2.6338157910162797E-003
         455   1.5443129633281804E-003   1.8600644470807524E-003
         456   2.2484066554164890E-003   1.0977765441331951E-003
         457   1.6281324233108207E-003   1.6491932726909297E-003
         458   2.0744187155133666E-004  -1.4177117758527196E-004
         459   1.5591426920526393E-003   1.7834024585658059E-003
         460   4.3503875005724538E-004  -4.0757907776815046E-004
         461   1.6271904778066570E-003   1.6295869123524273E-003
         462   1.5632559281779552E-003   1.7497015948870352E-003
         463   2.2070549277776181E-004  -1.5370688853088825E-004
         464   1.6456855521559384E-003   1.5779626580797383E-003
         465  -6.8503927108057267E-005   3.5336371042933827E-005
         466   6.5492639306327985E-004  -9.6622429769302541E-004
         467   6.5928706809615691E-004  -9.8257648120132573E-004
         468   7.8632240220839842E-004  -1.7473699431908361E-003
         469   7.0864711520576633E-004  -1.2070008375039589E-003
         470   3.4564582587939222E-004  -2.8263915343922211E-004
         471  -7.3009378592361939E-004   2.3509763779125482E-004
         472   8.7698272568741858E-004  -2.9819624157032148E-003
         473   3.6722561673407624E-004  -3.0887251065188782E-004
         474   1.6372197690119716E-003   1.5823841830456334E-003
         475   2.3531086511413154E-003   1.0247100006737053E-003
         476   1.5625911470685599E-003   1.7050550192163137E-003
         477   1.4001796165093491E-003   2.2017199008416278E-003
         478   6.8504688919324120E-004  -1.1043312766039861E-003
         479   1.4343768993101771E-003   2.0435062837527154E-003
         480   5.0407835367693771E-004  -5.3751508139385099E-004
         481   6.0793307547288170E-004  -8.0571431148678397E-004
         482   2.1822243975042435E-003   1.0736951425672143E-003
         483   1.4507951240648861E-003   1.9519051911015032E-003
         484   3.6855739194513275E-004  -3.1361753663312799E-004
         485   7.1362518728882449E-004  -1.2700321972642045E-003
         486   2.1115163443581508E-003   1.0967005049801160E-003
         487   3.1621760684921594E-004  -2.4918476592879918E-004
         488   6.5182494594852574E-004  -9.7233503415758307E-004
         489   1.5942579755706932E-003   1.5750139104113252E-003
         490   6.0003139727281740E-004  -7.8853189966000988E-004
         491   2.1463608389592440E-003   1.0694141486315826E-003
         492   1.7416662845523773E-003   1.3505866081501910E-003
         493   4.8474326706274496E-004  -5.0284800103829724E-004
         494   2.1512969142113750E-003   1.0578915139754551E-003
         495   1.2559722392132371E-003   2.9343593447614643E-003
         496  -1.7622966569082912E-004   8.1894080462221655E-005
         497   6.8914392175041517E-004  -1.1684827462740970E-003
         498   1.4757745328409070E-003   1.7773796489676727E-003
         499   1.8945944648543050E-004  -1.2702288847383434E-004
         500   2.7528740843911801E-004  -2.0598460645792089E-004
         501  -4.3386733465077416E-004   1.6557617706969437E-004
         502   1.7672223824781398E-003   1.2968583280147873E-003
         503   1.6981688013096557E-003   1.3652335617766636E-003
         504   1.4983477405173444E-003   1.6891714720323504E-003
         505   1.4544434717594752E-003   1.7902884975103594E-003
         506   1.5363916226371649E-003   1.5892405581515107E-003
         507   1.4271881290016397E-003   1.8466166234304628E-003
         508   6.8046519847917970E-004  -1.1610754056936873E-003
         509   1.5644296180550141E-003   1.5202468925441289E-003
         510   6.5801921519150668E-004  -1.0524705890389723E-003
         511   1.6977723836767503E-003   1.3270659519715989E-003
         512   3.9672807931296841E-004  -3.5966921699681593E-004
         513   6.7909202437668097E-004  -1.1611641679203557E-003
         514   1.2165504183998420E-003   3.0247871436352323E-003
         515   3.8383670090790407E-004  -3.4127400418843451E-004
         516   5.2636473738102189E-004  -6.1013521313147193E-004
         517   3.8854188805939664E-004  -3.4782133718237935E-004
         518   6.5404311948443860E-004  -1.0412019252861583E-003
         519   4.8272640480951761E-004  -5.1088671390282911E-004
         520   3.0104380617288536E-004  -2.3508204700438255E-004
         521  -2.5364798671192795E-004   1.1005074071710966E-004
         522   3.0335036657690352E-004  -2.3764514734311726E-004
         523   3.5360736898910997E-004  -2.9865367421395427E-004
         524   3.2904206596008818E-004  -2.6757732698661960E-004
         525   1.8720782845624911E-003   1.1550596960233049E-003
         526   1.3452562675407601E-003   2.0620064770669961E-003
         527   1.3744671367790246E-003   1.9321626079516676E-003
         528   1.5700215009775275E-003   1.4549237084677976E-003
         529   7.1534918525049647E-004  -1.4185587762180420E-003
         530  -2.2780638900800739E-004   1.0079914364121376E-004
         531   5.4379351081142245E-004  -6.5957692954071831E-004
         532   5.4261782534693306E-004  -6.5599882572079868E-004
         533   1.3306382574668830E-003   2.0795075138288050E-003
         534   1.6769630170911328E-003   1.2995469542582273E-003
         535   1.3460109925252999E-003   1.9852668764065128E-003
         536   4.4479922152852649E-004  -4.4358513275876370E-004
         537   2.3650898077525427E-003   9.1315039271158401E-004
         538   7.0390624802131282E-004  -1.3653661764075080E-003
         539   2.3643092581042046E-005  -1.3181987829057639E-005
         540   2.2606838403696639E-003   9.3955074309533715E-004
         541   3.7899443282956609E-004  -3.3682639804878396E-004
         542   1.3061044529306799E-003   2.1073979716984262E-003
         543   5.6627224742471867E-004  -7.3540243235784215E-004
         544   4.4339408513862765E-004  -4.4236804064442219E-004
         545   1.5396999313946737E-003   1.4443675802635820E-003
         546   1.3306735227956695E-003   1.9682083032503753E-003
         547   5.2275401364042576E-004  -6.1642529756560040E-004
         548  -4.4244810754357519E-004   1.6534182976161969E-004
         549   4.9716648293970109E-004  -5.5429556748882991E-004
         550   7.1379226610408407E-004  -1.4650749344960791E-003
         551   5.2271344290929437E-004  -6.1469725326439870E-004
         552   1.6320748075235438E-003   1.3027679469992154E-003
         553   1.8365381408111441E-004  -1.2303279509228728E-004
         554   1.4287775680346881E-003   1.6377601247824492E-003
         555  -2.3914358353454489E-004   1.0417078943436581E-004
         556   5.3598981073131071E-004  -6.5271105994932517E-004
         557   3.6776856199732581E-005  -2.0758753638986023E-005
         558   1.9798923256168595E-003   1.0279497971345686E-003
         559   1.7799741550035132E-003   1.1466995940994707E-003
         560   1.5742909265020763E-003   1.3506740041432251E-003
         561   1.6370245626189473E-003   1.2682796841245606E-003
         562   4.5646517165159829E-004  -4.7260155691311221E-004
         563   9.4360584292536959E-005  -5.6829020566537677E-005
         564  -8.4842483089841606E-005   4.2334164391565117E-005
         565   3.9128700158160619E-004  -3.5857695933839571E-004
         566   5.6961121598426317E-004  -7.5992747067681271E-004
         567  -2.6938686493560479E-005   1.4215933303238629E-005
         568   1.3552719129437927E-003   1.7888116298843068E-003
         569   1.5523831207856066E-003   1.3606889866414754E-003
         570   6.0097939427596373E-004  -8.7746368210379314E-004
         571   5.0041857851680519E-004  -5.6919865985489537E-004
         572   5.5932712842627101E-004  -7.3009134412960924E-004
         573   2.7311267975316691E-003   7.9846474184976448E-004
         574   1.8128451869577019E-003   1.0928427201806969E-003
         575   1.2067772796482603E-003   2.4556560321686372E-003
         576   3.0493888376576298E-004  -2.4348551787873275E-004
         577   5.6706688379142278E-005  -3.2701671653136697E-005
         578   5.6313099941935740E-004  -7.4887394518293761E-004
         579   1.9537996545980082E-003   1.0038776235944972E-003
         580   1.2389946886693926E-003   2.1983076822192794E-003
         581   5.2254327116160477E-004  -6.3221362679794554E-004
         582   4.3275186622208130E-004  -4.3194347754302905E-004
         583   1.7478941770650083E-003   1.1202444668100121E-003
         584   5.4345800450467379E-004  -6.9269632654844185E-004
         585  -2.9043963729325878E-004   1.2033500009498442E-004
         586   1.1331139338020750E-003   3.0946431779410428E-003
         587   4.4399709989429478E-004  -4.5510012616132504E-004
         588   1.7739711530982057E-004  -1.1848608584851665E-004
         589   3.1210624051311825E-004  -2.5292926159753567E-004
         590   4.8569834649178298E-004  -5.4286833203126962E-004
         591   1.7929126622620679E-003   1.0779651840546745E-003
         592   1.4692108158159949E-004  -9.4330554818075935E-005
         593   7.2739665182084464E-004  -1.7339890553493445E-003
         594   1.4553977012161559E-003   1.4438902928814897E-003
         595   7.2230817857111640E-004  -1.6875391542749544E-003
         596   1.4378483877465621E-003   1.4700255676957253E-003
         597  -3.0694653818880277E-004   1.2510576266238114E-004
         598   4.2007451710793779E-004  -4.1117013219071154E-004
         599   3.5505747890298415E-004  -3.0872680987776300E-004
         600   1.6931803218177451E-003   1.1392490454086447E-003
         601   1.1601953972593588E-003   2.6370954511166899E-003
         602   1.3491352089190724E-003   1.6500355271368285E-003
         603   1.6500525883377604E-003   1.1644132135804446E-003
         604  -5.0522480380301315E-005   2.5959950800039778E-005
         605   1.8301000045427233E-003   1.0287565666488693E-003
         606   1.9408591585442650E-003   9.6799325383400449E-004
         607  -5.2735816381113080E-004   1.8220009262634936E-004
         608   5.7953278370157673E-004  -8.3487955674482045E-004
         609   1.1808889345997745E-003   2.3579573087452238E-003
         610   4.9645545127074790E-004  -5.7931307390878938E-004
         611   2.0578918192827788E-003   9.1400141069045626E-004
         612   6.0029336387184954E-004  -9.2560948941590199E-004
         613   6.3515442042275235E-004  -1.0959303055343970E-003
         614   2.3071872257297613E-004  -1.6619931186717706E-004
         615   1.1931057004507528E-003   2.2318825160349922E-003
         616   5.5177930260304046E-004  -7.4162116906631957E-004
         617   7.4731244877420517E-004  -2.1158733802900671E-003
         618   1.8372140165826912E-003   1.0047488878274907E-003
         619   3.9193238717015715E-004  -3.6794843705068416E-004
         620   1.3551813908514161E-003   1.5610763423522288E-003
         621   1.2519498107320635E-003   1.8831223738254980E-003
         622   5.3534466163968248E-004  -6.9263837852268453E-004
         623   1.2233334254856830E-003   2.0001531737957848E-003
         624   1.1511489582752958E-003   2.4482381282490630E-003
         625   1.6346348178633019E-003   1.1276335695859958E-003
         626  -1.7221954458779078E-004   7.8452066106167822E-005
         627   4.9791144381253194E-004  -5.9172058313307536E-004
         628   1.5077183253081172E-003   1.2577342879573439E-003
         629  -3.7809055500520573E-004   1.4471329560912473E-004
         630   5.0332527378527787E-004  -6.0709684389498536E-004
         631   1.2468400053536905E-003   1.8463566858496966E-003
         632   1.1591601031019844E-003   2.3107935065185066E-003
         633   1.7221033164015309E-004  -1.1512868255838843E-004
         634   1.7287882635196004E-003   1.0406459608470432E-003
         635   1.2760500142801844E-003   1.7078199632589355E-003
         636   1.3316706334037425E-003   1.5408201615540219E-003
         637   4.2671018162141350E-004  -4.3795685688869344E-004
         638   1.3366719577117918E-003   1.5207474610805911E-003
         639   1.3405297199374725E-003   1.5047399116334059E-003
         640   1.2647828438803355E-003   1.7085677512086884E-003
         641  -3.6468375010239391E-005   1.9037344659891885E-005
         642   1.2528973375326674E-003   1.7405652381734954E-003
         643   1.4333630434755530E-003   1.3114460611188771E-003
         644   3.8196675289944420E-004  -3.6144572096940267E-004
         645   1.5571611903599906E-003   1.1521583754462714E-003
         646   1.2418357880741506E-003   1.7512115853548255E-003
         647   1.8769913343529318E-003   9.3015245585124256E-004
         648  -1.7557772662862495E-004   7.9811447405790691E-005
         649   4.7848203174566796E-004  -5.6042674978157368E-004
         650   5.4316922596727086E-004  -7.5335328872007054E-004
         651   1.1363347349900679E-003   2.2710088310709422E-003
         652   1.0862034529946813E-003   2.7093289723206346E-003
         653   4.0373650050314731E-004  -4.0243497845962736E-004
         654   1.3049963448835290E-003   1.5228222177738539E-003
         655   5.0929761069709633E-004  -6.4994658583287807E-004
         656   1.6988526345054302E-003   1.0138394668063461E-003
         657   1.1848571829200176E-003   1.9213498045302965E-003
         658   1.4417764661960545E-003   1.2504453450512298E-003
         659   1.4256546204769560E-003   1.2685799303205261E-003
         660   1.2563977013607794E-003   1.6184680591843281E-003
         661   1.6270102132678688E-003   1.0489687389071800E-003
         662   1.4302208660660065E-003   1.2478597297022390E-003
         663   1.7286041975755817E-003   9.7508698428656784E-004
         664   4.8397060444975003E-004  -5.8883944334764502E-004
         665   1.2384979905595388E-003   1.6408076166067288E-003
         666   1.2554923663202927E-003   1.5810765164968128E-003
         667   1.8675652916801020E-003   8.9793502938400455E-004
         668   1.1800482767438400E-004  -7.4474383346802726E-005
         669   1.2646077312232766E-003   1.5396851560237998E-003
         670   5.7383778373423257E-004  -9.1673447605547303E-004
         671   1.1072738263578690E-003   2.2384682287922186E-003
         672   8.6718605226306021E-005  -5.2604264793746581E-005
         673   1.2524955171330451E-003   1.5578196896189641E-003
         674  -4.4530440438199105E-004   1.6087746993893439E-004
         675   1.3783901367177131E-003   1.2857797891513468E-003
         676   1.2148180694108615E-003   1.6612738942017235E-003
         677   1.2966326382886425E-003   1.4288257135591828E-003
         678   6.4924224921437067E-004  -1.4233438914708133E-003
         679   2.9998858593736357E-004  -2.5099579236282911E-004
         680   6.3140658679030747E-004  -1.2761780393582165E-003
         681   1.0467990053597809E-003   2.7315083824911617E-003
         682   1.5567037069994084E-003   1.0613216154266212E-003
         683   1.0736932069286742E-003   2.3997709084200777E-003
         684   1.4396085708338183E-004  -9.4612175336690460E-005
         685   1.4203042941048265E-003   1.1967081141285505E-003
         686   1.6627339032497257E-003   9.7462042799852837E-004
         687   4.7613647910418433E-004  -5.8521021497933345E-004
         688   5.8300898418129764E-004  -9.9405977791757480E-004
         689   2.4694229765729950E-003   7.1973220723686086E-004
         690   5.3340248507025608E-004  -7.7203013694486337E-004
         691   1.0880087134341047E-003   2.2062052174544348E-003
         692   5.0595888079489875E-004  -6.7691208939927986E-004
         693   3.6220442971436970E-004  -3.4321565941870813E-004
         694   1.8493009760869709E-003   8.6986791736013206E-004
         695  -1.5238753243640018E-004   7.0640939401007979E-005
         696   6.3504213678037961E-004  -1.3515242575016153E-003
         697   3.7707587046309835E-004  -3.6831932661265628E-004
         698   3.8703072393857896E-004  -3.8598421688949564E-004
         699   1.4458619691531606E-003   1.1395690259336916E-003
         700   1.4931037158335575E-003   1.0863484285863383E-003
         701   3.9076984489019661E-005  -2.2345992805529130E-005
         702   2.4628256416822522E-004  -1.8900239902353946E-004
         703   4.0980486281231681E-004  -4.3071611329433543E-004
         704   3.6927890053929148E-004  -3.5542184984933205E-004
         705   1.3347138232333302E-003   1.2841056444226854E-003
         706   3.6991037526863435E-004  -3.5689667306612035E-004
         707   1.3366136888984656E-003   1.2757425238772724E-003
         708   1.2661306980326118E-003   1.4078742300354284E-003
         709   1.0607171799694591E-003   2.3109035027207574E-003
         710   4.3521662916929413E-004  -4.8892283310969314E-004
         711  -7.7676455685198606E-005   3.8835335139376269E-005
         712   1.3964570067561814E-003   1.1744259690108809E-003
         713   1.5912640657761165E-003   9.8534818839125077E-004
         714   1.5339527810195937E-004  -1.0234552957815002E-004
         715   1.8856157843711548E-005  -1.0529639751286816E-005
         716   1.6528673020095345E-003   9.4252115350788597E-004
         717   1.3140514948622633E-003   1.2848139496773312E-003
         718   1.4695925095459621E-003   1.0769055490161587E-003
         719   1.1882357465456672E-003   1.5711877202460478E-003
         720  -3.8493305240256889E-004   1.4423435065484032E-004
         721   1.7714591001004938E-003   8.7277479805428660E-004
         722   5.6611329555499756E-005  -3.3181017054899329E-005
         723   1.3540919085453542E-003   1.2037874861364239E-003
         724   1.4833167047222720E-003   1.0513304233746577E-003
         725   1.1537800330895750E-003   1.6615207734870655E-003
         726  -4.2005417949945805E-004   1.5288279245491863E-004
         727   6.8336991366599082E-004  -2.0568774919574812E-003
         728   1.1337794025472340E-003   1.7368417936217942E-003
         729   3.6758540910164988E-004  -3.5923124399367412E-004
         730   1.6720922003244350E-003   9.1040063719714196E-004
         731   1.0551401751805671E-003   2.1656817006995661E-003
         732   1.5208926324259380E-003   1.0045365120039693E-003
         733   1.3341683116307266E-003   1.2045586990779293E-003
         734  -2.5654484989483251E-004   1.0723545629651499E-004
         735   1.0967826653587333E-003   1.8649698184233226E-003
         736   1.8793437930942250E-003   8.1144325217110693E-004
         737   1.6349121254306802E-003   9.1702840646019543E-004
         738   5.9172056818374474E-004  -1.1421209446468286E-003
         739   4.2570619134796187E-004  -4.8052374570951931E-004
         740   3.5775471400966346E-004  -3.4512845323013565E-004
         741   2.9209161935298748E-004  -2.4707949758952735E-004
         742   1.3914655071530562E-003   1.1118789807218028E-003
         743   1.5494837341663763E-003   9.6509863850022097E-004
         744   1.2705881082441469E-003   1.2819989567425705E-003
         745   1.9076530833984006E-003   7.9163645084125405E-004
         746   4.4973660815394529E-004  -5.4342079368472544E-004
         747   4.0927873849060347E-004  -4.4583690084259742E-004
         748   1.2366542830509208E-003   1.3382621363421526E-003
         749   2.0402557931540070E-004  -1.4846095984196207E-004
         750   1.1550930773693601E-003   1.5487047920514166E-003
         751   1.1766983276989434E-004  -7.5147989464673001E-005
         752   7.2974147225565272E-005  -4.3810141213186661E-005
         753   2.3871769092688173E-004  -1.8421550584726360E-004
         754   1.1531931798664332E-003   1.5473380406720548E-003
         755   5.9247600960766241E-004  -1.1748117900815683E-003
         756   1.1258710020536169E-003   1.6378220748470209E-003
         757   4.4931063419698477E-004  -5.4581445486204120E-004
         758   1.1189301307287197E-003   1.6568780773144446E-003
         759   1.7380161075637607E-004  -1.2078823957891891E-004
         760   1.1225327521163042E-003   1.6346253468994775E-003
         761   1.1665277429269967E-003   1.4793910426440795E-003
         762   5.6156212271832838E-004  -9.9177620336633092E-004
         763  -1.6422297215552121E-004   7.4757530119257440E-005
         764   5.1324999230835172E-004  -7.6004568710847308E-004
         765   3.3634128439622107E-004  -3.1341301402304484E-004
         766   5.2065749208753717E-004  -7.8983086378107720E-004
         767   1.6779226166894941E-003   8.6391563034219048E-004
         768   3.4714376591787308E-004  -3.3100856518114921E-004
         769   3.9377269019645812E-004  -4.1713978856824105E-004
         770  -5.5131921200844041E-004   1.7938169557101186E-004
         771  -3.7751318559451843E-004   1.4080948256272588E-004
         772   1.3474104768121200E-003   1.1204895532856821E-003
         773   1.0472155458074099E-003   1.9772077833008724E-003
         774   1.0710626397846625E-003   1.8259971985432122E-003
         775   1.1840733603138568E-003   1.4017285793891492E-003
         776   1.3762398449049741E-003   1.0735104893202603E-003
         777   1.1593901806878461E-003   1.4578364314593991E-003
         778   1.0122350269633213E-003   2.1754963806420407E-003
         779   1.4573440215732735E-003   9.8686268219974399E-004
         780   1.9785440198750422E-003   7.4303931182425503E-004
         781   1.8822001255907903E-003   7.6798411042596794E-004
         782   4.5353437136561752E-004  -5.7186751779762096E-004
         783  -2.7556064074383928E-004   1.1234663758616512E-004
         784   6.2539576389815063E-004  -1.5542961553692224E-003
         785   3.1124004035125143E-004  -2.7826023580598553E-004
         786   3.3710842231313875E-004  -3.1807712866089644E-004
         787   1.2646072916780717E-003   1.2011698310150465E-003
         788   3.8739695848299754E-004  -4.1030398727909256E-004
         789   1.2877652798490499E-003   1.1608206964817411E-003
         790   1.1466163117742855E-003   1.4506144494434189E-003
         791   1.1814984783309538E-003   1.3530782110209927E-003
         792   3.2204474523361316E-004  -2.9555178620079361E-004
         793   1.1662501729678646E-003   1.3855517962397263E-003
         794   1.1253226368856733E-003   1.4983253534673099E-003
         795   1.2748953297399706E-003   1.1622970293503618E-003
         796   4.9740414900481132E-004  -7.2761831685806059E-004
         797   1.3650650624186956E-003   1.0439884303462745E-003
         798   9.6400128764017635E-004   2.4742727077641372E-003
         799   1.7468147481290697E-003   7.9662248789457433E-004
         800   1.2380720322561305E-003   1.2057104482970052E-003
         801   7.5248749857133738E-005  -4.5607901726924540E-005
         802   1.2278559918630966E-003   1.2198161030974211E-003
         803   1.0109648625106454E-003   1.9846790508132551E-003
         804   5.7041368185438944E-004  -1.1301711391272817E-003
         805   2.7584623792670541E-004  -2.3263404722928389E-004
         806   4.9971676906438790E-004  -7.4728117193234437E-004
         807   2.9040415692014942E-004  -2.5188074876431309E-004
         808   9.9917441733029928E-005  -6.2700760947650573E-005
         809   1.2067199203393240E-003   1.2497980345620931E-003
         810   5.0206156533552280E-004  -7.5817198943147683E-004
         811   1.7427575028709308E-003   7.8855324374375326E-004
         812   1.2687193816122828E-003   1.1364599241633735E-003
         813   1.2630745701509925E-003   1.1414699308025915E-003
         814   9.5941086092507023E-004   2.3727804786943668E-003
         815   1.6567115291325463E-005  -9.2851947315448117E-006
         816   3.3588800501434143E-004  -3.2235910978527910E-004
         817   4.5807034201404055E-004  -6.0424190632385607E-004
         818   1.0991586244133743E-003   1.4997887345479146E-003
         819   4.5916663272402780E-004  -6.0880424345509539E-004
         820  -3.6746033162948256E-004   1.3712230513389433E-004
         821   1.2771733774706324E-003   1.1105703493366724E-003
         822   1.2310147727234179E-003   1.1772165374674844E-003
         823   1.6936329908787199E-004  -1.1862133360084441E-004
         824   4.4377662059447625E-004  -5.6340852044319879E-004
         825   5.4569336339915396E-004  -9.9196383871667164E-004
         826   1.3147037455139316E-003   1.0559050950067069E-003
         827   3.3293591663087599E-004  -3.1817678890861566E-004
         828   1.3079485375447671E-003   1.0606998676059350E-003
         829   6.1152509300457000E-004  -1.5540468390644667E-003
         830  -2.7799736472481013E-004   1.1221079683019269E-004
         831   6.2046537766103995E-005  -3.6911794004267052E-005
         832   9.7827716948074503E-004   2.1072321119082293E-003
         833   4.2620433457154675E-004  -5.1580454487930229E-004
         834   1.4219241447848696E-005  -7.9339146986184113E-006
         835   9.6496681396459867E-004   2.2123026667735784E-003
         836   5.4783417628322974E-004  -1.0160673517887599E-003
         837   1.6054803842394311E-004  -1.1083799495163753E-004
         838   3.5973892278844068E-004  -3.6665061361832656E-004
         839   4.9924719956042187E-004  -7.6350534494112247E-004
         840   1.6699387940083039E-003   7.9704291586850872E-004
         841   1.2607262811724636E-003   1.1080332456408833E-003
         842   3.4986995341522166E-004  -3.4881603883383735E-004
         843   1.9147474396785771E-004  -1.3913273025992247E-004
         844   1.1909785820818199E-003   1.2185401016424550E-003
         845   1.1662461330877120E-003   1.2648235425984035E-003
         846   4.3890935907210389E-004  -5.5501347035151699E-004
         847   5.0558790832068391E-004  -7.9774829600985924E-004
         848   3.6913583857645793E-004  -3.8598604864987731E-004
         849   1.7603373569612354E-003   7.5585100974538591E-004
         850   4.7681339881969990E-004  -6.8023279402149419E-004
         851   1.9370076886998538E-003   7.0353885710141770E-004
         852   1.5609128856993019E-003   8.3531311658776187E-004
         853   1.1421948664742706E-003   1.2982991809226301E-003
         854   5.3410006132071448E-004  -9.5189984102710937E-004
         855   2.6247091204689769E-004  -2.1749780768260139E-004
         856   9.6910174292107111E-004   2.0539172179708906E-003
         857   1.0699142640787267E-003   1.4977594789897606E-003
         858   1.2210936567553852E-003   1.1340441044924592E-003
         859   5.1029837158928729E-004  -8.3270904718205573E-004
         860   1.1309429481205513E-003   1.3069587012179377E-003
         861   1.0337028043261251E-003   1.6245919679222932E-003
         862   1.2286754179315416E-003   1.1127239142360384E-003
         863   1.0386323296780349E-003   1.5896193134481242E-003
         864   1.2666722461560396E-004  -8.3146206616033845E-005
         865   5.2220471896732281E-004  -9.0326035507750160E-004
         866   1.4243011365796499E-003   9.0230113473407166E-004
         867   1.0908450594337481E-003   1.3913292098909260E-003
         868   1.3641813564265943E-003   9.4631554878027685E-004
         869   9.9219465034266650E-004   1.7941882614204659E-003
         870  -3.5299838430536540E-004   1.3209247902209244E-004
         871   3.1175280357398155E-004  -2.8944288474465828E-004
         872   8.9828519252728239E-004   2.7205461911675908E-003
         873   1.0745021641782177E-004  -6.8637579160812191E-005
         874   1.1170773366122599E-003   1.3007968908489026E-003
         875   1.1435401788949594E-003   1.2361283889933221E-003
         876   1.1861789575182604E-003   1.1511418240834057E-003
         877   1.9840613218308381E-003   6.7165980280454421E-004
         878   1.5534497340978204E-003   8.0797246392376259E-004
         879   1.8341989446283729E-003   7.0422573987502925E-004
         880   9.8983855788292198E-004   1.7375799235694576E-003
         881   1.0414023349061628E-003   1.4940821540515492E-003
         882   1.8721032319138337E-004  -1.3687303015856686E-004
         883   1.1328254965250390E-003   1.2298332027285063E-003
         884   1.1102316515680440E-003   1.2774117716048312E-003
         885  -5.1363087475959903E-005   2.6414204691399784E-005
         886   4.1902476034231390E-004  -5.2114879422998433E-004
         887   5.1329462822041099E-004  -8.9160608539131877E-004
         888   4.1535272962008263E-004  -5.1039102827031676E-004
         889   1.3738630204831247E-003   9.0840546862620928E-004
         890   1.2169505834283760E-003   1.0725426186352629E-003
         891   1.1058279646890916E-003   1.2749376083162789E-003
         892   1.4848474483345154E-003   8.2839849151609285E-004
         893  -3.3522545670533108E-004   1.2708189686633668E-004
         894   5.5233683651476724E-004  -1.1613913246373807E-003
         895   2.8032185655253164E-004  -2.4610463448716656E-004
         896   1.5728077697481826E-003   7.8208195764294076E-004
         897   1.0458218462455111E-003   1.4336645235264152E-003
         898   1.1277465833269317E-003   1.2098826471074527E-003
         899   4.0285899563506828E-004  -4.8145174646032572E-004
         900   1.0646173186977745E-003   1.3635171009302770E-003
         901   1.1733830629843474E-003   1.1180658900481039E-003
         902   1.1977379792868750E-003   1.0771910855941359E-003
         903   9.5023849916834691E-004   1.8697093468274281E-003
         904   1.0669375473422499E-003   1.3386901959566017E-003
         905   6.0199611328486666E-004  -1.7632422215259794E-003
         906   4.2017649963138517E-004  -5.3267193430226389E-004
         907   1.3270519374572486E-003   9.2260786653555618E-004
         908   1.0638549325072372E-003   1.3389087561878419E-003
         909   4.8368048774680139E-004  -7.6736922381077097E-004
         910   2.9970693268062230E-004  -2.7660483340019825E-004
         911   5.5006547464560393E-004  -1.1769951286491184E-003
         912   1.1687341858379187E-003   1.1068787077917826E-003
         913   1.5605836635108140E-004  -1.0854615483548157E-004
         914  -1.1277074656739845E-005   6.0944615576360777E-006
         915   1.1943080681094203E-003   1.0645661265674781E-003
         916   1.2028566426814412E-003   1.0497996149095188E-003
         917   1.0248310826895723E-003   1.4454596801388672E-003
         918   9.7701268311735346E-004   1.6466575226704537E-003
         919   1.1489344961055029E-004  -7.4794218088608766E-005
         920   9.7969704511576298E-004   1.6258582624368370E-003
         921   1.0484753733148054E-003   1.3523908970204850E-003
         922   4.1663454360840691E-004  -5.2939242017343506E-004
         923   4.9581706301137223E-004  -8.3877434985203604E-004
         924   1.2557087963496838E-003   9.7208330913585222E-004
         925   2.4448699357040990E-004  -2.0144588272761680E-004
         926  -2.1257024861556837E-005   1.1348267046057655E-005
         927   3.4041010254099217E-004  -3.4884345666877619E-004
         928   8.8020701358185042E-004   2.4209978636816096E-003
         929   1.8143837965720026E-004  -1.3256057981459664E-004
         930   1.8203143632803459E-003   6.7390874302031311E-004
         931   3.5864092928650210E-004  -3.8651732158850020E-004
         932   1.0263071754458839E-003   1.4008556094796665E-003
         933  -9.7567759860398272E-005   4.7309061658305459E-005
         934   1.0083319654727424E-003   1.4608268807882172E-003
         935   5.6633827762074421E-004  -1.3876107093030413E-003
         936   1.2731615271347847E-003   9.4140023302426406E-004
         937   3.1959260147094380E-004  -3.1247364577456117E-004
         938   1.2595928918229101E-003   9.5279372683286935E-004
         939  -3.0372623975750615E-004   1.1779595232601861E-004
         940   4.4465393184153448E-004  -6.2642871124220429E-004
         941   1.8588936591986159E-004  -1.3705391408083001E-004
         942   1.3118766645586278E-003   9.0117080838680223E-004
         943   3.0740276229041181E-004  -2.9217717438591420E-004
         944   1.1361693173812118E-003   1.1139123199889820E-003
         945  -3.1362698270341014E-004   1.2037719232534273E-004
         946  -1.9809940523730568E-006   1.0853182121952928E-006
         947  -2.2427736912642015E-004   9.4178490668883025E-005
         948   3.2668770259947620E-004  -3.2572431263080216E-004
         949   1.1137327473746865E-003   1.1528784263776422E-003
         950   4.7746901909391114E-004  -7.6449961666194229E-004
         951   4.7665291625781695E-005  -2.8013057066421068E-005
         952   2.9365467366264381E-004  -2.7055503281819517E-004
         953   1.3221924635329508E-003   8.8649052038523878E-004
         954   1.0366347921895434E-003   1.3315020049921465E-003
         955   8.4640811296286486E-004   2.7881111979331523E-003
         956   4.4670991389863222E-004  -6.4082816748984174E-004
         957   4.3832379633724068E-004  -6.1008384517529280E-004
         958   4.1760467943501576E-004  -5.4175991785891209E-004
         959   8.9926195151310490E-004   2.0460789031972277E-003
         960   4.9140388945286201E-004  -8.4191711396751627E-004
         961  -2.0092551304264175E-004   8.6387230893058902E-005
         962   1.6845705619542945E-003   6.9689295209991568E-004
         963   1.7655674056056279E-004  -1.2833501019458087E-004
         964   1.5049197149331554E-003   7.6391728792809751E-004
         965  -1.9283587346305092E-004   8.3592426931757032E-005
         966  -1.2716068847138041E-004   5.9391376095867903E-005
         967   1.0570409955027143E-003   1.2520128147612171E-003
         968   1.2819816152886674E-003   9.0654069972897859E-004
         969  -2.9654871646334438E-004   1.1545931102521744E-004
         970   9.1658029691226676E-004   1.8543132476113672E-003
         971   1.0797074932329608E-003   1.1881297514704250E-003
         972   3.0745500405757686E-004  -2.9541156834793743E-004
         973  -2.6855472986692655E-005   1.4238111990213262E-005
         974   9.7725779446938203E-004   1.4978782685078598E-003
         975   1.1331671371669360E-003   1.0800417564589572E-003
         976   5.1946005986612000E-004  -1.0348048977870676E-003
         977   1.0675773148661424E-003   1.2052475224989716E-003
         978   1.1053960535767828E-004  -7.1895360670229998E-005
         979   3.5081474959469048E-004  -3.7781394205238804E-004
         980   3.7451722118762366E-004  -4.3114556050308673E-004
         981   1.5434076237525066E-003   7.3647802059949167E-004
         982   2.3003716434459251E-004  -1.8629758960549985E-004
         983   2.3311874878407263E-005  -1.3246271773085988E-005
         984   5.0275404181013045E-004  -9.2690543687098275E-004
         985   4.8143405493771273E-004  -8.0641413225937585E-004
         986  -4.4063023757085649E-005   2.2796546024944992E-005
         987   3.6986346382965606E-004  -4.1985646253963634E-004
         988   1.1083279367794861E-003   1.1127410404289972E-003
         989   4.1083217183538173E-004  -5.2953253825226804E-004
         990   1.3298592076292045E-003   8.5108336023555101E-004
         991   4.4074502561306281E-004  -6.3065317889411318E-004
         992   3.7636195329281868E-004  -4.3599847007565234E-004
         993   1.7602170347001529E-004  -1.2810495335015395E-004
         994   8.6472517010401225E-004   2.2677602294609669E-003
         995   3.1392258547290221E-004  -3.0751663906488042E-004
         996   1.9436128855276932E-004  -1.4657648389342036E-004
         997   4.5463042320891629E-004  -6.8662340079885843E-004
         998   3.4442244067073611E-004  -3.6496260487398833E-004
         999   1.0179094054356438E-003   1.3128371711566280E-003
        1000   5.4503865597489102E-004  -1.2667167772185382E-003
        1001   1.1848879113843212E-003   9.8386607352615599E-004
        1002   3.7687726297528555E-004  -4.3842164741505997E-004
        1003   5.3933826686795264E-004  -1.2141325723745956E-003
        1004  -2.0654824762512120E-005   1.0997694178767266E-005
        1005   1.1191005707433595E-003   1.0770224911043301E-003
        1006   1.1240707917078666E-003   1.0661863850269578E-003
        1007   1.2591695207393942E-003   8.9742788061469077E-004
        1008   2.1600467174236827E-004  -1.7005651358900590E-004
        1009   1.3406648236487684E-003   8.2993692903404943E-004
        1010   8.3423387445720828E-005  -5.1807838344250703E-005
        1011   1.6601282689569627E-003   6.8060331534980638E-004
        1012   4.4799161771171133E-004  -6.6581601680000535E-004
        1013   1.1979655313005598E-003   9.5388737922136237E-004
        1014   2.7333790109995823E-004  -2.4370304374951191E-004
        1015  -3.6191962395518929E-005   1.8862558316559346E-005
        1016  -1.7959920554696900E-004   7.8499217593064005E-005
        1017   1.0071784827656932E-003   1.3124020016800685E-003
        1018   3.4201856640846964E-004  -3.6240802952170435E-004
        1019   4.0094489593088116E-004  -5.0617309558901105E-004
        1020   4.0464734991061530E-004  -5.1690965794732680E-004
        1021   4.5227016289099638E-004  -6.8495150768927424E-004
        1022   1.0558166521015559E-003   1.1783784242681053E-003
        1023   4.7768009974221836E-004  -8.0448542188385280E-004
        1024  -7.4243969600848731E-006   4.0205763411450473E-006
        1025   1.2485719607825260E-003   8.9429631289487021E-004
        1026   1.4857889969101118E-003   7.3848132895350921E-004
        1027   2.9338684617530658E-005  -1.6751241841469545E-005
        1028   2.0019282703558362E-004  -1.5287430711535528E-004
        1029   1.4152645521879580E-003   7.7180316847526005E-004
        1030   1.3284661780645207E-003   8.2389065589578026E-004
        1031   1.4642199451564281E-004  -1.0112097576054206E-004
        1032   4.3388824706001758E-005  -2.5297372983753551E-005
        1033   3.0297262445453575E-004  -2.9067108483648077E-004
        1034   1.2591386635726343E-003   8.7651887608979279E-004
        1035   1.1477689463449011E-003   9.9770813856839237E-004
        1036   1.2418994225241095E-003   8.8874373120342691E-004
        1037   1.1307108786332363E-003   1.0175546909376543E-003
        1038   9.0062338919146749E-004   1.7478984195695370E-003
        1039   1.1842002160593493E-003   9.4325149189770528E-004
        1040   4.3264650689272703E-004  -6.1878692505968312E-004
        1041   1.0619978906265717E-003   1.1297139735754946E-003
        1042   5.4518878593411136E-004  -1.3464831665601549E-003
        1043   1.8526092220076031E-004  -1.3781753484980828E-004
        1044   1.6511117672245981E-003   6.6600504624734277E-004
        1045   9.9736886403566246E-004   1.2842456036453358E-003
        1046  -7.5283242229974120E-005   3.7196705240580433E-005
        1047   8.7845424621501558E-004   1.8768379598548802E-003
        1048   5.6442902144905409E-004  -1.6099479598379379E-003
        1049   1.3551391351195490E-003   7.8943693760756778E-004
        1050   1.7338346508760375E-004  -1.2622057407731061E-004
        1051   9.8895296275529560E-004   1.2988679186101148E-003
        1052   1.0607880652725007E-003   1.1145477730910443E-003
        1053   9.2728451935860366E-004   1.5350087525670554E-003
        1054   1.6920514680678999E-003   6.4775924446065260E-004
        1055   3.6403421813827616E-004  -4.1832135033532752E-004
        1056   9.7886987141993453E-004   1.3148712049329597E-003
        1057   1.4371345520743290E-003   7.3660582706648820E-004
        1058   3.6434732224168792E-004  -4.1996271548179053E-004
        1059   2.2017841978875716E-004  -1.7654579008493951E-004
        1060   9.8533479026814696E-004   1.2856003867043103E-003
        1061  -3.8527955783114589E-004   1.3562509752874813E-004
        1062  -4.6848890618865133E-004   1.5313602424185094E-004
        1063   9.7026908795112550E-004   1.3328099208137318E-003
        1064   2.2954231284700091E-004  -1.8807026136520599E-004
        1065   1.1067619396253022E-003   1.0155475301573827E-003
        1066   8.7241279320712101E-004   1.8385416320812506E-003
        1067  -7.8149259542809228E-005   3.8497476878059544E-005
        1068   2.4483601768926196E-004  -2.0780158636349308E-004
        1069   5.3251775277393958E-004  -1.2690033752903785E-003
        1070   2.4800255988822540E-004  -2.1180169410722822E-004
        1071   1.1041155459867349E-003   1.0146475804007746E-003
        1072   1.2591898989328713E-003   8.3942676934864696E-004
        1073   8.5397909095406670E-004   1.9771377252832470E-003
        1074  -1.7299644985916305E-004   7.5828162751930822E-005
        1075   3.9940681888827386E-004  -5.2017243417587478E-004
        1076   9.7976616348596736E-004   1.2777192822995540E-003
        1077   4.8983069716499372E-004  -9.2842363863026526E-004
        1078   1.6814796427365717E-003   6.4016175380927161E-004
        1079   9.8958916701929610E-004   1.2405718966796131E-003
        1080   4.1702200311165109E-007  -2.2871478660026341E-007

   k   test 
        1081   5.3010832529176710E-010
