 k,   gradient vector, at each step of the optimization (k):

           1   4.7923937788066036E-002   8.8329533080105785E-002
           2   1.6796678270430566E-002  -1.4555525051678503E-002
           3   3.7299560677044971E-002   5.7025918728576874E-002
           4   3.4221536844638842E-002   3.1740213007338841E-002
           5   4.5879619938951115E-002   1.5496632895751096E-002
           6   1.2097473806487520E-002  -2.8992535601668562E-002
           7   9.9833465222639427E-003  -1.1243148743413329E-002
           8   2.3433329589822423E-002   1.7005218710007229E-002
           9   2.0159432592396463E-002   1.6663784680857600E-002
          10   8.3150214703626834E-003  -1.0476477256824841E-002
          11   1.6732948790844086E-002   1.7267030607607196E-002
          12   1.6482828671218204E-002   1.3752880538563864E-002
          13   1.8682845660827193E-003  -9.4688770745034515E-004
          14   1.1767414261537778E-002   3.1283956220093827E-002
          15   4.8360901757167002E-003  -4.6714044345563602E-003
          16   1.7378596183012421E-002   8.5726296114081325E-003
          17   2.0370879825828289E-002   6.5157516589416566E-003
          18   3.1096393459613802E-003  -2.2719379247285662E-003
          19   4.0590121143975087E-003  -3.6714856316012599E-003
          20   1.0137476117547081E-002   1.4556303261990443E-002
          21   4.3664421603053080E-003  -4.7629342256077217E-003
          22   1.1835871390111932E-003  -6.1197341383022099E-004
          23   5.8900450015124213E-003  -1.3020121786579283E-002
          24   8.5313874347162956E-003   2.2161332866864066E-002
          25   1.8336922934214298E-003  -1.0893970385178805E-003
          26   9.1375261395887589E-003   1.2048603641817266E-002
          27   8.9601898590701383E-003   1.0842381169709250E-002
          28   7.7560316385875683E-003   1.4757328141175231E-002
          29   9.3064558849131652E-003   7.7980290838706523E-003
          30   9.5087347410574303E-003   6.8468044981092281E-003
          31   2.9225654734564071E-003  -2.9780414089300962E-003
          32   4.4810559122791232E-003  -1.1416975257559031E-002
          33   1.0899373736773041E-002   5.1470479994684343E-003
          34   7.8966413421948795E-003   7.5347557253994590E-003
          35   1.9678663457995214E-003  -1.4615346894043322E-003
          36   7.8880032157020389E-003   6.8057153043074451E-003
          37   7.8698915997342401E-003   6.3015438154310627E-003
          38   6.4503674966621396E-003   9.0245572229275452E-003
          39   5.9581401063683358E-003   1.0415312320915094E-002
          40   5.7588331919877517E-004  -3.1757420430757210E-004
          41   8.1821571000988448E-003   4.8942067465709031E-003
          42   9.4176580485114472E-003   3.9976274218758356E-003
          43   5.5753389898930469E-003   8.8952712501674455E-003
          44   7.7055936497592318E-003   4.4268648904997833E-003
          45   2.0080553951213258E-003  -1.9454199465632816E-003
          46   2.3672432790162279E-003  -2.7657386169111717E-003
          47   6.0490946657476641E-003   5.9027841505612660E-003
          48   5.9274563595529154E-003   5.7665442258910465E-003
          49   1.6706979528288641E-003  -1.4367356192282281E-003
          50   2.7050187496965986E-003  -4.3901446480046858E-003
          51   5.0235664416936106E-003   8.0262018890722518E-003
          52   4.9614416630153159E-003   7.6364242837976036E-003
          53   1.2465947696399342E-003  -9.2591253469626695E-004
          54   6.8208878051795830E-003   3.9129790039160095E-003
          55   4.8694195594390383E-003   6.7888741464252151E-003
          56   4.2975774042229662E-003   9.7237626479557068E-003
          57   5.8438726175607707E-003   4.2086395905414683E-003
          58   4.2563128512759412E-003   8.2194971339999891E-003
          59  -1.2090785867819639E-003   4.5257173348352021E-004
          60   1.9132327599886390E-003  -2.3277229817138729E-003
          61   4.2233426261867159E-003   7.7420805111863555E-003
          62  -5.6226252089801841E-004   2.4670918390520558E-004
          63   1.4484403539585750E-003  -1.3508907178157621E-003
          64   4.8945297546890932E-003   4.9041174771888227E-003
          65   3.9256897548175258E-003   8.6297710888417374E-003
          66   4.3114999498349250E-003   5.8456880618048155E-003
          67   5.0936368477653713E-003   4.0245255256034056E-003
          68  -2.3271469272870287E-004   1.1402601088498083E-004
          69   4.2321015805292708E-003   5.4916100862421689E-003
          70   4.4636409907446916E-003   4.6584656851884950E-003
          71   2.3215900131288983E-003  -6.1221811631366422E-003
          72   3.4316824351662608E-003   1.0441669012333737E-002
          73   1.1136758542995753E-003  -9.7593033249890803E-004
          74   6.9023983813470292E-003   2.6020502464813642E-003
          75   5.0088325332993408E-003   3.4067738862711230E-003
          76   3.6290293813060377E-003   6.2271282770143613E-003
          77   2.2572300193472970E-003  -7.0769826656946139E-003
          78   5.6270581246969150E-003   2.8302047041099498E-003
          79   1.5967822337397016E-003  -2.0655881185494070E-003
          80   5.0312260923041936E-003   3.0719671587469922E-003
          81   4.7696169693401359E-003   3.1808716066404120E-003
          82   3.5428732720869495E-003   5.3772997353827698E-003
          83   3.3389176597615165E-003   6.1472047323997102E-003
          84   1.0524504060315605E-003  -9.5756154780643899E-004
          85   4.4329204796282311E-003   3.2074722671673293E-003
          86   4.4667480841109912E-003   3.0880536767272058E-003
          87   4.3821917348964724E-003   3.0803049754480958E-003
          88   3.6782826979674895E-003   3.9699170918683470E-003
          89   4.0048688197627481E-003   3.3159724589445954E-003
          90   2.8737410815871840E-003   7.8452284548356944E-003
          91   4.0049981288631147E-003   3.1320530814476690E-003
          92  -4.9693088741798678E-004   2.2329893013956704E-004
          93   3.0530897930839242E-003   5.4277658036421947E-003
          94   1.0796908118056454E-003  -1.1141482745927491E-003
          95   1.4799584169715324E-003  -2.2616303319405698E-003
          96   3.1673501946198877E-003   4.6270360962605128E-003
          97   3.4661693084716123E-003   3.6455401437197068E-003
          98   1.4694062301221552E-003  -2.3137282762686691E-003
          99   1.6183960144000684E-003  -3.1225067783849235E-003
         100   1.0878407901646564E-003  -1.1372926762834737E-003
         101   2.7969475299551611E-003   6.3693843050491184E-003
         102   2.9186262851982679E-003   5.1515514628089386E-003
         103   3.1590175404105816E-004  -2.0216712238127889E-004
         104   3.2988064985074923E-003   3.6333128216843374E-003
         105   1.4606435935632313E-003  -2.4318652624027272E-003
         106   1.1798526290791496E-003  -1.4042299929993617E-003
         107  -3.0262789655437797E-004   1.4482406689857657E-004
         108   1.1951189723746346E-003  -1.4399562791560063E-003
         109   2.6543590140102034E-003   6.6769824950346241E-003
         110   3.3852633459245372E-003   3.2442431722148361E-003
         111   8.1483348472403949E-004  -7.2395519569906804E-004
         112   3.6982043877438579E-003   2.7593922327697378E-003
         113   2.5331448339190612E-003   6.9645808803263003E-003
         114   3.4380897317257495E-003   2.9269792329340576E-003
         115   1.3326368950640779E-003  -2.0835890048187429E-003
         116   1.3166412928163713E-003  -2.0036145283684856E-003
         117   1.1842318292988176E-003  -1.5239533978065583E-003
         118   8.9512039124552015E-004  -8.6477338081509300E-004
         119   7.6319394440367224E-004  -6.6147987152271454E-004
         120   3.6131798990708770E-003   2.6332740463105215E-003
         121   1.1057009219619025E-003  -1.3133842690795804E-003
         122   2.9186570547751678E-003   3.7354293383982254E-003
         123   9.1028535662099764E-004  -9.0255126310043610E-004
         124   3.4440345271629707E-003   2.6888209294413535E-003
         125   1.1607933822884203E-003  -1.5002507456958259E-003
         126   1.1795178011080936E-003  -1.5536203799906595E-003
         127   5.0508077716481040E-003   1.8120387556467394E-003
         128   3.4959943384936694E-003   2.5038264584951960E-003
         129   1.4802642204163291E-003  -3.2118201797427669E-003
         130   4.9570089679780991E-004  -3.5664534260882119E-004
         131   2.7134736097157177E-003   3.9183889179393713E-003
         132   7.7975096308735526E-004  -7.0025792151676852E-004
         133   2.7460042088584325E-003   3.6819423680185268E-003
         134   4.8767219876494973E-004  -3.5260077619463993E-004
         135   3.1433164146004800E-003   2.7424422197189083E-003
         136   2.5196514133686582E-003   4.4154327173161209E-003
         137  -1.2079773403956299E-003   4.0235482746615246E-004
         138   1.3322541734530396E-003  -2.4012735001142831E-003
         139   7.4675460330220678E-004  -6.6483214171414061E-004
         140   3.3617846265915339E-003   2.3979488275401193E-003
         141   3.4395584172075941E-003   2.2895695604817361E-003
         142   2.6965453819350850E-003   3.3727822747395839E-003
         143   6.6260126496100124E-004  -5.5882377496750462E-004
         144   4.7109063545248394E-004  -3.4234496913021365E-004
         145   2.8756723834203997E-003   2.8786863428416610E-003
         146   2.3864872117748165E-003   4.4796573902142920E-003
         147  -9.9796089102476113E-004   3.5295732549308489E-004
         148   5.9687225945397255E-004  -4.8356307498232987E-004
         149   1.4110749403779908E-003  -3.3328644286174896E-003
         150   2.3462206776740696E-003   4.6211207470521669E-003
         151   6.2934577585352044E-004  -5.2443987966842157E-004
         152   7.4970967627929676E-004  -6.9412308617417462E-004
         153   3.0215870854016971E-003   2.4967680225370030E-003
         154   2.3705382799873690E-003   4.1569667681009698E-003
         155   2.9604994501552105E-003   2.4891227931996582E-003
         156   3.2084873729361914E-003   2.1918297277394678E-003
         157   9.6766950575413887E-004  -1.1707779267325319E-003
         158   1.4107229313958106E-003  -3.8121292542332066E-003
         159   1.2684148668079657E-003  -2.4219893394950677E-003
         160   8.6859569596927353E-004  -9.2040233865725107E-004
         161   2.6721262724967820E-003   2.8514942403627180E-003
         162   2.1390966637075599E-003   5.4049620615793225E-003
         163   2.4769586618788629E-003   3.2172813560488013E-003
         164   9.9053447226247040E-004  -1.2607022203199167E-003
         165   3.4977381788837098E-005  -1.9423740819403923E-005
         166   8.5246005201069564E-004  -9.1264131681279622E-004
         167   1.2039434966794878E-003  -2.1414178556213659E-003
         168  -7.1078954136358450E-005   3.6947466933644009E-005
         169   2.0852168434421698E-003   5.5823695552926792E-003
         170   2.4064062517452746E-003   3.2737095511331483E-003
         171   1.1410791848382627E-003  -1.8788841796233231E-003
         172   2.4845675685356092E-004  -1.5815952485939225E-004
         173   6.0638368416871652E-004  -5.1130666804608828E-004
         174   3.0541066140790858E-003   2.1019974273595436E-003
         175  -4.7296636605249882E-004   2.0098784439915495E-004
         176   1.3201874210137611E-004  -7.7847215875338793E-005
         177   2.7258072202789108E-003   2.4424879649209323E-003
         178   9.7300764548277662E-004  -1.2528128100633914E-003
         179   2.1199740508724483E-003   4.4705061525452507E-003
         180   3.2729480641151285E-003   1.8659276972682565E-003
         181   2.7706543357007554E-003   2.2655127142133368E-003
         182   1.0582326024279679E-003  -1.6080056914282153E-003
         183   8.2494656712032088E-004  -8.9702531630239982E-004
         184   1.1030407408629552E-003  -1.8040172953121228E-003
         185   6.9919321039764036E-004  -6.5667282751870511E-004
         186   2.5853380499547313E-003   2.4791520563966878E-003
         187   2.3271174511366082E-003   3.0260279834386857E-003
         188   7.4802379177015465E-004  -7.5002138052590334E-004
         189   7.5868192162665594E-004  -7.6899514705582874E-004
         190   9.8068815373879314E-004  -1.3312796032655155E-003
         191   4.6603834881944479E-004  -3.5246376674855242E-004
         192   2.5722896759031487E-003   2.4082206836111885E-003
         193   2.4060780423050960E-004  -1.5272694509373835E-004
         194   7.8154572096245654E-004  -8.1529189255951132E-004
         195   1.2125164594402262E-003  -2.5947512642639685E-003
         196   2.7356864222079279E-004  -1.7681486383147254E-004
         197   2.3432868849756678E-003   2.8359950974164816E-003
         198   2.1499817388504340E-003   3.4774325761684067E-003
         199   6.6989908208633236E-004  -6.2123942075480848E-004
         200   1.9807827303214651E-003   4.5232626996856212E-003
         201  -5.5473941712077396E-004   2.2268096443963731E-004
         202   3.1806413025388988E-004  -2.1534274209741375E-004
         203   3.0356403587001785E-003   1.8109533510251281E-003
         204   2.6676969927605229E-003   2.1056760632600022E-003
         205   2.8921393210602948E-003   1.8700773282595852E-003
         206   2.6270878739716912E-004  -1.7119342634422174E-004
         207   3.4546321837955816E-003   1.5494357102056298E-003
         208   4.5111557528635754E-004  -3.4430833880817074E-004
         209   8.8485661885866239E-004  -1.1120360818477979E-003
         210   2.1976797941524236E-003   2.8714250202208943E-003
         211   4.4880220594625608E-004  -3.4244300936180159E-004
         212   2.1762154520364205E-003   2.8854196391834806E-003
         213   2.7828115153246554E-003   1.8608218651573034E-003
         214   8.4949769461218705E-004  -1.0372732426164909E-003
         215   2.1914810488962151E-003   2.7358805390129762E-003
         216   2.0634130124979459E-003   3.1319467923554604E-003
         217   2.3329687756043021E-003   2.3338600965906735E-003
         218   3.3523250426533460E-004  -2.3486976081968358E-004
         219   2.2254647925390642E-003   2.5208227486151059E-003
         220   2.4209378574525293E-003   2.1316414305672746E-003
         221   1.9207585289436520E-003   3.6001896464773983E-003
         222  -1.6493699784785059E-004   8.1179830033055624E-005
         223   2.2337009675412298E-003   2.3958205317954474E-003
         224   9.0225449521021779E-004  -1.2778067930677500E-003
         225   1.8253351589141167E-003   4.1561837462544705E-003
         226   1.8701034524176493E-003   3.6827689664399956E-003
         227   2.3391263411980988E-003   2.1146233984438343E-003
         228   1.8777736039892223E-003   3.4728955265788952E-003
         229   6.6766401622534940E-004  -6.8827846510654362E-004
         230   2.5848023490120382E-003   1.7895968740982266E-003
         231   2.0791884763640025E-003   2.5365701125935891E-003
         232   8.8831883178574643E-004  -1.3049242890901794E-003
         233   1.0566892549177215E-003  -2.2569708143851774E-003
         234   1.9316586782195107E-003   2.9972996951950969E-003
         235   1.9879726661641965E-003   2.7308958083684925E-003
         236   7.4415740794050609E-004  -8.6905498012398649E-004
         237   8.6766040618485216E-004  -1.2416397336946939E-003
         238  -4.8433848773975316E-004   1.9848231309266355E-004
         239   2.0592769535573265E-003   2.4759260829138982E-003
         240   1.1380417379493917E-003  -3.2967809364523289E-003
         241  -3.0832608968411283E-004   1.3889571876666377E-004
         242   9.6708979028436906E-004  -1.6948582049304550E-003
         243   9.7056881027433352E-004  -1.7083588122863741E-003
         244   7.1726305417133722E-004  -7.9800698455881087E-004
         245   2.1426254180033663E-003   2.2508943118802788E-003
         246   1.6758647331537818E-003   4.7181336074196469E-003
         247   7.7975062002665324E-004  -9.7084229624650820E-004
         248   9.4359307621509928E-004  -1.5993134532582660E-003
         249   2.4679666914549504E-003   1.7544159140706443E-003
         250   4.0253561696122417E-003   1.1597348594181438E-003
         251   2.1043312571612685E-003   2.1944242911626300E-003
         252   2.1648077717290101E-003   2.0601342406844454E-003
         253   2.1194291306925335E-003   2.1152415015183125E-003
         254   2.0161691497356613E-003   2.3038045277576137E-003
         255   4.8232795670004683E-004  -4.1069482169716178E-004
         256   2.1528196251638814E-003   2.0103728761565608E-003
         257   1.2040515141335870E-004  -7.2550097104915731E-005
         258  -7.7937149396350514E-004   2.7117655298655063E-004
         259   2.0565234977241016E-004  -1.3320790514136696E-004
         260  -1.3349397402802291E-004   6.6699721481883656E-005
         261   5.8663806200818375E-004  -5.6925991580511481E-004
         262   2.0029940699172882E-003   2.2772314953180108E-003
         263   2.5438753357448821E-003   1.5680514922984234E-003
         264   2.7819113624777246E-004  -1.9288624784269233E-004
         265   8.8464197753584234E-004  -1.4311140476291383E-003
         266   6.7141509351552743E-004  -7.3766189871725418E-004
         267   2.0884836516580955E-003   2.0452801132421197E-003
         268   4.6374640190079299E-004  -3.8951263983465564E-004
         269  -1.6062382567012945E-004   7.8500576333650126E-005
         270   8.1047296437703495E-004  -1.1310879377746117E-003
         271   1.0433763703701965E-003  -2.6176315636816496E-003
         272   2.3872604201222222E-003   1.6527966270969442E-003
         273   1.8256090055866617E-003   2.6729379653548150E-003
         274   2.1143970834305780E-003   1.9357919165647974E-003
         275   3.3302436748367343E-003   1.1936989223874418E-003
         276   1.8348684048084601E-003   2.5201261206089388E-003
         277   9.7392341948917385E-006  -5.3678837424979999E-006
         278   1.7305034075042506E-003   2.9232455076930860E-003
         279   1.0255866036363358E-003  -2.6533274579231413E-003
         280  -1.0127785361777507E-004   5.1343417454190722E-005
         281   2.2092692086080334E-003   1.7357735432427105E-003
         282   2.6382438329437164E-003   1.3967072981283155E-003
         283   5.1877604890564752E-004  -4.7374051085356843E-004
         284  -2.4470887927648516E-005   1.3119320103847282E-005
         285   1.5253773029617081E-003   4.6236276216466915E-003
         286  -3.4265606732488682E-004   1.4834583795671129E-004
         287   1.7758617028851419E-003   2.5526558098379099E-003
         288   5.0474454062667830E-004  -4.5786821307048107E-004
         289   4.9548419709916189E-004  -4.4387411953473115E-004
         290   9.9286255777193905E-004  -2.4304301191842141E-003
         291   5.8069016444352382E-004  -5.8100176636953070E-004
         292   1.7496534245305946E-003   2.6130300607657008E-003
         293   7.4470279833200367E-004  -9.7948943010896326E-004
         294   3.2088030693973000E-005  -1.7993863263599810E-005
         295   1.9647047625888018E-003   1.9883750351116190E-003
         296   1.6589965714558413E-004  -1.0439848943412624E-004
         297   2.1762478784573356E-003   1.6705380610203698E-003
         298   2.1575814881774321E-003   1.6765491381168574E-003
         299   2.0172430750281271E-003   1.8427387503967931E-003
         300   6.3757436605732943E-004  -7.0920845845664810E-004
         301   1.9506765446504234E-003   1.9327299831524726E-003
         302   1.5337326448435469E-003   3.7315452528260688E-003
         303   4.4548287001570187E-004  -3.8097253181229828E-004
         304   7.4296922541648518E-004  -1.0108526433178335E-003
         305   1.4523077708368522E-003   4.8033910169467398E-003
         306   5.6572353591034211E-004  -5.7312631610537265E-004
         307   8.5183746292388226E-005  -5.0307457102243980E-005
         308   3.2861150324328061E-005  -1.8563169614282778E-005
         309   1.3768561762288215E-006  -7.5796289032023282E-007
         310  -2.4251342342160461E-005   1.3079472260882727E-005
         311   1.7550795081896320E-003   2.3145397010174624E-003
         312   8.8981043202862402E-004  -1.7568193429426157E-003
         313   1.7317309360548335E-004  -1.1066953924439502E-004
         314   6.9907704111842192E-004  -8.8536992990267775E-004
         315   7.0558443105576030E-004  -9.0346325790407090E-004
         316   6.7819819590333509E-004  -8.2459138299576787E-004
         317   3.5670108922560164E-004  -2.7456702266774044E-004
         318   3.2999340895756844E-004  -2.4641150535499069E-004
         319   7.7962640507390363E-004  -1.1574041440403913E-003
         320   1.9080418717919744E-003   1.9099150642646614E-003
         321   1.7731172233034717E-003   2.1956536247429337E-003
         322   1.9725629198517206E-003   1.7712993906676253E-003
         323  -6.7404098634296780E-004   2.3781096002742507E-004
         324  -1.2109560689120258E-004   6.0357944736310685E-005
         325   6.2721133418700090E-004  -7.0593861844818907E-004
         326   1.9466178996406724E-003   1.7971205883885654E-003
         327   2.0818263617088809E-003   1.6073194462423298E-003
         328   4.7181539217130557E-004  -4.2296316336650771E-004
         329   5.6592005367829036E-004  -5.8071718841436193E-004
         330   5.8329672623566153E-004  -6.1458717142433576E-004
         331   1.1338822775563051E-004  -6.8376961925264307E-005
         332   4.2748873247915774E-004  -3.6079470346118313E-004
         333   4.1449763501877958E-004  -3.4397287003188324E-004
         334  -3.4879782160874069E-005   1.8512663689559289E-005
         335   3.8346962350718105E-004  -3.0618615997265785E-004
         336   2.2366025133054501E-003   1.4460810950080272E-003
         337   2.2741045189462773E-003   1.4083518120678827E-003
         338   2.1044429441709341E-004  -1.3921952002028220E-004
         339   6.4202762900484266E-004  -7.5049337043989704E-004
         340   1.7650558611384639E-003   2.0677281880951840E-003
         341   6.1807763946055718E-004  -6.9552614262560200E-004
         342   1.6042227168569846E-003   2.5992129059860514E-003
         343   6.7695042171639689E-004  -8.5213514161291504E-004
         344   2.3267676494019595E-004  -1.5760993644300922E-004
         345  -1.6287736509443962E-004   7.8188932863037215E-005
         346  -1.6360499006162128E-004   7.8509139810585381E-005
         347   1.7760027633957863E-003   1.9979559109835564E-003
         348  -6.5536037670081856E-004   2.3093374913067758E-004
         349   8.8835573398304379E-004  -1.9031870059148400E-003
         350   2.0178139398388129E-003   1.5922265159629700E-003
         351   8.3917178503933052E-004  -1.5544382154268003E-003
         352  -2.1605298988464937E-004   9.9557672224907760E-005
         353   4.5009292116208549E-004  -3.9419424391955285E-004
         354   5.4292628882981944E-004  -5.4344651714536597E-004
         355   5.5916679491364190E-004  -5.7372319899951689E-004
         356   1.6248424713911928E-003   2.4142789970416135E-003
         357  -8.0649244997997889E-005   4.1091322484379231E-005
         358   1.7951159883902621E-003   1.9003898428396444E-003
         359   2.1972207963877068E-003   1.3928031613846387E-003
         360   1.6971024390531489E-003   2.0979037453734929E-003
         361   1.3381146721358996E-004  -8.2358008967209719E-005
         362   3.4339639987612081E-004  -2.6464624884564532E-004
         363   7.5774148392516961E-004  -1.1649910077210189E-003
         364   2.0446300298250674E-004  -1.3474739445664842E-004
         365   2.5430055542935656E-003   1.1866834162334117E-003
         366   1.5163297597223313E-003   2.7876518204423945E-003
         367   2.4182240365157579E-003   1.2268295625595955E-003
         368   3.6823937152998047E-004  -2.9376952520592474E-004
         369   1.7955170978276537E-003   1.7934355400123230E-003
         370   2.1343787616785724E-003   1.3806314421795948E-003
         371   3.4121138754374942E-003   9.5158845517588641E-004
         372   7.4381760278319730E-004  -1.1470444968933020E-003
         373   1.9362552024467365E-003   1.5418403393477810E-003
         374   2.6463369948458958E-003   1.1016309519295455E-003
         375   3.9811082649747427E-004  -3.3238057071969406E-004
         376   1.6879178838206206E-003   1.9250052836216802E-003
         377   1.5840025128949799E-003   2.2096673085414912E-003
         378   1.8277094452805833E-003   1.6349850503394252E-003
         379   3.4448255438359189E-004  -2.6995714521892264E-004
         380   7.3852272880641474E-005  -4.3062109971138168E-005
         381   1.4918682567325802E-003   2.5600111923671327E-003
         382   4.7850606689046665E-004  -4.5347641663178676E-004
         383   1.3513149042549614E-003   3.7305841191685495E-003
         384   6.8800416323075311E-004  -9.7041063787324544E-004
         385   1.9141060675028705E-003   1.4870485456022280E-003
         386   1.9689308463718036E-003   1.4213245158337942E-003
         387  -3.7262236815991382E-004   1.5275298974231624E-004
         388   7.2681560047227641E-004  -1.1366046824646506E-003
         389   5.7809791176496449E-004  -6.5384112575373138E-004
         390   2.1519585849182825E-003   1.2691365919185519E-003
         391  -3.9491003347782018E-004   1.5911728017849912E-004
         392   1.7026351491141188E-004  -1.0969482788084043E-004
         393   6.3487838655874494E-005  -3.6742428119354605E-005
         394   2.2861171233321356E-003   1.1871302615866187E-003
         395   1.8457309796619586E-003   1.5242264271277004E-003
         396  -6.2753047197424382E-004   2.1873704577141421E-004
         397   4.1056595347977999E-004  -3.5614541196861649E-004
         398   1.3435993782179201E-003   3.4592057815160458E-003
         399   1.7118659131827401E-004  -1.1085789710944122E-004
         400   1.3783984224159779E-003   3.0373997111260336E-003
         401   1.4053906939208017E-003   2.7790077912323535E-003
         402   1.4755453025406310E-003   2.3452451882672335E-003
         403   1.8977837079210165E-004  -1.2625272048283814E-004
         404   1.8177015814513291E-003   1.5077162228174135E-003
         405   1.6609987758451675E-003   1.7446522101556650E-003
         406   2.6889613890521105E-003   1.0043412439454120E-003
         407   4.4262363789138008E-004  -4.1156521660573343E-004
         408   1.6464249964035314E-003   1.7430384853839619E-003
         409   2.0963430273633515E-004  -1.4308914309306008E-004
         410   1.7491979328821685E-003   1.5550062906539909E-003
         411   8.1260401944909259E-004  -1.8180521124991978E-003
         412   2.1086995634517444E-003   1.2122306816701100E-003
         413   6.2269696150957297E-004  -8.1257835015623300E-004
         414   2.2782461040798057E-004  -1.5863323775942639E-004
         415  -5.5671215470526835E-004   2.0125370122096929E-004
         416   1.6448218030881729E-003   1.7064320852252007E-003
         417   1.6978880870099947E-003   1.6004931723794134E-003
         418   7.5669453841744813E-004  -1.4203716765871976E-003
         419   4.2974330877572798E-004  -3.9400552552682166E-004
         420   1.2739765372723538E-003   3.6703229137242427E-003
         421   1.5776478126814384E-003   1.8080804727606513E-003
         422   1.6027826080801913E-003   1.7381570499642039E-003
         423   6.8792814127889850E-004  -1.0781295348101217E-003
         424   1.5925098024788399E-003   1.7466199490718134E-003
         425   7.1803072789893474E-004  -1.2300266457984522E-003
         426   1.5116651066085598E-003   1.9384216490444936E-003
         427   3.6228728960179804E-004  -3.0347384187687151E-004
         428   2.0868311128848498E-003   1.1736298401085674E-003
         429   1.4497248411816613E-003   2.1112958065185954E-003
         430   2.1139334953641791E-003   1.1472129604027123E-003
         431   5.6517831429449955E-004  -6.7626102679415223E-004
         432   4.0592304450452868E-004  -3.6469969301070997E-004
         433   1.3034167240844018E-003   2.9199854313432670E-003
         434   6.5866180344308532E-006  -3.6504291057870247E-006
         435   6.2688679707798435E-004  -8.6506231533483289E-004
         436   2.2550977077393070E-004  -1.5828551953282294E-004
         437   1.6717590992890020E-003   1.5262871288360320E-003
         438   2.4835134755321155E-003   9.8567008922611750E-004
         439   1.4167221156885209E-003   2.1336567618638678E-003
         440   6.4028189233576472E-005  -3.7589370324359579E-005
         441   5.8004654172754712E-004  -7.2688942576678824E-004
         442   5.1338845391840898E-004  -5.6063550928078256E-004
         443   2.1114237765867188E-003   1.1159433317628744E-003
         444   6.1979236755413489E-004  -8.5310422433486366E-004
         445   1.5462927282877241E-003   1.7055639295629945E-003
         446   6.5139935371064507E-004  -9.7485774970244962E-004
         447   3.0872710249414898E-004  -2.4213381755445952E-004
         448   5.2102193242593625E-004  -5.7903167489663373E-004
         449   7.4069408836677914E-004  -1.4481032759273633E-003
         450   1.4944545401906931E-003   1.8155958521290073E-003
         451   2.1982977014206621E-003   1.0574984213799047E-003
         452   1.6205719227433393E-003   1.5278548006828528E-003
         453   1.3202276665748990E-003   2.4841219272421959E-003
         454   1.3098084577992425E-003   2.5246298945444260E-003
         455   1.4805798714329060E-003   1.7833004354121296E-003
         456   2.1569179986210907E-003   1.0531075331950308E-003
         457   1.5608526751617383E-003   1.5810432214744727E-003
         458   1.9604362831799227E-004  -1.3398132130645082E-004
         459   1.4944588099376004E-003   1.7094147504608658E-003
         460   4.1462971778468690E-004  -3.8845826485046155E-004
         461   1.5596951942743059E-003   1.5619922255656080E-003
         462   1.4981715567450567E-003   1.6768547715066222E-003
         463   2.0872179113048679E-004  -1.4536102694809615E-004
         464   1.5772157679941445E-003   1.5123105275906855E-003
         465  -6.9021129820238844E-005   3.5603159644895744E-005
         466   6.2568094133321709E-004  -9.2307797413989159E-004
         467   6.2988267137524762E-004  -9.3875328177878679E-004
         468   7.5188293466746142E-004  -1.6708383700453713E-003
         469   6.7732379762214733E-004  -1.1536495012103613E-003
         470   3.2878838123444841E-004  -2.6885459847903002E-004
         471  -7.0411749130018509E-004   2.2673300625722067E-004
         472   8.3898727304108672E-004  -2.8527682954083340E-003
         473   3.4957258929781804E-004  -2.9402459521141313E-004
         474   1.5690017878764255E-003   1.5164510344290996E-003
         475   2.2562159363585005E-003   9.8251605702294421E-004
         476   1.4970943836983420E-003   1.6335868137703031E-003
         477   1.3410750779628432E-003   2.1087806541810303E-003
         478   6.5451961498557744E-004  -1.0551197200976991E-003
         479   1.3737925965663269E-003   1.9571939599740940E-003
         480   4.8077945387240795E-004  -5.1267070961421028E-004
         481   5.8046704715942674E-004  -7.6931265317161778E-004
         482   2.0914353497573177E-003   1.0290252361746075E-003
         483   1.3893143599992414E-003   1.8691887409687058E-003
         484   3.5067287350478170E-004  -2.9839901506846582E-004
         485   6.8180890473526728E-004  -1.2134090511645153E-003
         486   2.0232198751838127E-003   1.0508402005641950E-003
         487   3.0046473208000579E-004  -2.3677123699477283E-004
         488   6.2248088218211340E-004  -9.2856214479214601E-004
         489   1.5267257015810457E-003   1.5082968090605674E-003
         490   5.7275363424751341E-004  -7.5268479833401239E-004
         491   2.0562806863584238E-003   1.0245321381356584E-003
         492   1.6678848696543272E-003   1.2933723233153152E-003
         493   4.6209419522053545E-004  -4.7935300631616598E-004
         494   2.0606686672084134E-003   1.0133254418551636E-003
         495   1.2017713943518738E-003   2.8077285557620707E-003
         496  -1.7191125874238560E-004   7.9887312959610120E-005
         497   6.5804029968951380E-004  -1.1157447846122132E-003
         498   1.4124771651662384E-003   1.7011461521599944E-003
         499   1.7880715735742013E-004  -1.1988107232795877E-004
         500   2.6111789693113673E-004  -1.9538222813549210E-004
         501  -4.1894456522221639E-004   1.5988122168601257E-004
         502   1.6918859628408866E-003   1.2415734560156080E-003
         503   1.6255436596860151E-003   1.3068469745911545E-003
         504   1.4338251989914231E-003   1.6164315909610999E-003
         505   1.3916285115993107E-003   1.7129689571983029E-003
         506   1.4700976918303394E-003   1.5206662428238502E-003
         507   1.3653034694489704E-003   1.7665450205751095E-003
         508   6.4937682250977894E-004  -1.1080294177111963E-003
         509   1.4967661281055299E-003   1.4544943593862091E-003
         510   6.2782811429534617E-004  -1.0041813521742564E-003
         511   1.6244685534708913E-003   1.2697679194729006E-003
         512   3.7736138645735147E-004  -3.4211159095920294E-004
         513   6.4799726903003998E-004  -1.1079959456136510E-003
         514   1.1631234502804499E-003   2.8919482543900915E-003
         515   3.6497398630536848E-004  -3.2450292907486549E-004
         516   5.0157295462189395E-004  -5.8139784038702819E-004
         517   3.6950029399189158E-004  -3.3077536887321415E-004
         518   6.2394403845632480E-004  -9.9328578614762573E-004
         519   4.5978367763462432E-004  -4.8660560067270551E-004
         520   2.8568648071284177E-004  -2.2308966771727553E-004
         521  -2.4586067586010771E-004   1.0667204515344049E-004
         522   2.8789723768145992E-004  -2.2553914221541655E-004
         523   3.3606251015042059E-004  -2.8383544072883388E-004
         524   3.1252759575986126E-004  -2.5414774381194761E-004
         525   1.7911730799713133E-003   1.1051417295619671E-003
         526   1.2862429087836138E-003   1.9715509029679689E-003
         527   1.3141391316340741E-003   1.8473562763673794E-003
         528   1.5014055670364689E-003   1.3913379875032442E-003
         529   6.8250598188908677E-004  -1.3534297241018687E-003
         530  -2.2101991752112991E-004   9.7796284427292764E-005
         531   5.1817319096824060E-004  -6.2850158281434470E-004
         532   5.1705600878042398E-004  -6.2509582020268994E-004
         533   1.2719710237284957E-003   1.9878229762094108E-003
         534   1.6036342195498408E-003   1.2427214819413113E-003
         535   1.2865182984044320E-003   1.8975195432255592E-003
         536   4.2324067425401305E-004  -4.2208542998952716E-004
         537   2.2624913179747114E-003   8.7353758353827398E-004
         538   6.7137101856095847E-004  -1.3022576275464955E-003
         539   1.9914818755819036E-005  -1.1103323203479378E-005
         540   2.1622854086299596E-003   8.9865589614259486E-004
         541   3.6020821811186108E-004  -3.2013039280909435E-004
         542   1.2479978902827558E-003   2.0136431024061290E-003
         543   5.3949762267119206E-004  -7.0063095228132719E-004
         544   4.2184976399434768E-004  -4.2087357454519673E-004
         545   1.4715683801710400E-003   1.3804544750058928E-003
         546   1.2713417441882482E-003   1.8804502639558102E-003
         547   4.9776183584494859E-004  -5.8695481961153488E-004
         548  -4.2628793064865945E-004   1.5930280920413282E-004
         549   4.7327190734266854E-004  -5.2765528139764491E-004
         550   6.8067212516036493E-004  -1.3970950884990582E-003
         551   4.9776096853081857E-004  -5.8535380003841967E-004
         552   1.5598002770614960E-003   1.2450763870067876E-003
         553   1.7316208248521916E-004  -1.1600420671224450E-004
         554   1.3650831851369917E-003   1.5647493757223547E-003
         555  -2.3156474727185398E-004   1.0086945328806577E-004
         556   5.1040400302838484E-004  -6.2155349066148654E-004
         557   3.2561068657840855E-005  -1.8379145808965109E-005
         558   1.8925324119318163E-003   9.8259298434816896E-004
         559   1.7010426608810613E-003   1.0958501410231693E-003
         560   1.5040729082947447E-003   1.2904299601622137E-003
         561   1.5640126743833506E-003   1.2117139509869724E-003
         562   4.3417688099648099E-004  -4.4952535851132007E-004
         563   8.7673603330640980E-005  -5.2801760864186642E-005
         564  -8.3811168015790843E-005   4.1819565333471409E-005
         565   3.7181135859091715E-004  -3.4072940289891877E-004
         566   5.4246023033106621E-004  -7.2370490469702621E-004
         567  -2.8373633793299622E-005   1.4973175684437517E-005
         568   1.2942777059267050E-003   1.7083059056634416E-003
         569   1.4828021651151194E-003   1.2997001503206403E-003
         570   5.7240181569061103E-004  -8.3573881171730604E-004
         571   4.7619762529572366E-004  -5.4164865530728309E-004
         572   5.3256696667155037E-004  -6.9516122636543000E-004
         573   2.6104425030788968E-003   7.6318181243665792E-004
         574   1.7317134850652531E-003   1.0439338610972423E-003
         575   1.1518440888096052E-003   2.3438731674062740E-003
         576   2.8912300783257190E-004  -2.3085696524962005E-004
         577   5.1687067069752260E-005  -2.9806951249341475E-005
         578   5.3609434929338207E-004  -7.1291953516955430E-004
         579   1.8662874092881105E-003   9.5891314392004758E-004
         580   1.1824895275966050E-003   2.0980524262385232E-003
         581   4.9720370334092065E-004  -6.0155584024221200E-004
         582   4.1133770856549719E-004  -4.1056932193836475E-004
         583   1.6690908190781959E-003   1.0697385340658401E-003
         584   5.1718633163049541E-004  -6.5921022248634014E-004
         585  -2.8024150961298731E-004   1.1610971009389884E-004
         586   1.0810764189415573E-003   2.9525237179678010E-003
         587   4.2202198808370770E-004  -4.3257548318552998E-004
         588   1.6709626750553740E-004  -1.1160600138311140E-004
         589   2.9591134776684721E-004  -2.3980500539159976E-004
         590   4.6190806652528937E-004  -5.1627777495556043E-004
         591   1.7118808988105959E-003   1.0292459008225318E-003
         592   1.3796881387509482E-004  -8.8582758990929689E-005
         593   6.9298462929548400E-004  -1.6519566865144835E-003
         594   1.3890569654740766E-003   1.3780740941335037E-003
         595   6.8809529868850774E-004  -1.6076071029770976E-003
         596   1.3721977706678849E-003   1.4029057750506138E-003
         597  -2.9588041154486269E-004   1.2059541300449691E-004
         598   3.9913779300751809E-004  -3.9067720708952513E-004
         599   3.3698831639983014E-004  -2.9301545262372841E-004
         600   1.6162037936660663E-003   1.0874557218708866E-003
         601   1.1066139844560902E-003   2.5153062246625205E-003
         602   1.2871355310284851E-003   1.5742079373487945E-003
         603   1.5746813697358353E-003   1.1112250646183844E-003
         604  -5.0761648516683305E-005   2.6082842491157830E-005
         605   1.7466716036353476E-003   9.8185884790921935E-004
         606   1.8524083490653054E-003   9.2387887979770978E-004
         607  -5.0642313287519900E-004   1.7496712490646713E-004
         608   5.5135654074807861E-004  -7.9428863611130500E-004
         609   1.1260423570956821E-003   2.2484416002850820E-003
         610   4.7192770320441199E-004  -5.5069168382837258E-004
         611   1.9640058124565543E-003   8.7230245359310474E-004
         612   5.7112549687192936E-004  -8.8063472190054665E-004
         613   6.0444500595272237E-004  -1.0429425959306100E-003
         614   2.1803434002183876E-004  -1.5706205751716540E-004
         615   1.1375557230851405E-003   2.1279679817220558E-003
         616   5.2474964239224229E-004  -7.0529184661723382E-004
         617   7.1156972013773710E-004  -2.0146746270980342E-003
         618   1.7528563888639986E-003   9.5861477831978275E-004
         619   3.7205512489703492E-004  -3.4928754597442159E-004
         620   1.2922463720249260E-003   1.4885795019596664E-003
         621   1.1935597921992913E-003   1.7952949310921077E-003
         622   5.0898501706127426E-004  -6.5853380480133234E-004
         623   1.1661496543924977E-003   1.9066575667447167E-003
         624   1.0971316514077486E-003   2.3333553154664343E-003
         625   1.5588361754345309E-003   1.0753447691776866E-003
         626  -1.6688289947084872E-004   7.6021036361538139E-005
         627   4.7312126482741641E-004  -5.6225980381712773E-004
         628   1.4375317502540418E-003   1.1991848490349496E-003
         629  -3.6346950173807860E-004   1.3911712089501849E-004
         630   4.7826866589569677E-004  -5.7687426545365657E-004
         631   1.1883213695286620E-003   1.7597006000340224E-003
         632   1.1045221512530029E-003   2.2018723799163867E-003
         633   1.6201139817393262E-004  -1.0831033570147523E-004
         634   1.6483858650263095E-003   9.9224765030777847E-004
         635   1.2159936087880209E-003   1.6274426057311844E-003
         636   1.2690304241455067E-003   1.4683418062250058E-003
         637   4.0495183272976515E-004  -4.1562502956864975E-004
         638   1.2737286107034323E-003   1.4491360723605502E-003
         639   1.2773408505059515E-003   1.4338106271942390E-003
         640   1.2049591743589281E-003   1.6277532517095842E-003
         641  -3.7279681759486898E-005   1.9460865757445169E-005
         642   1.1935481127198857E-003   1.6581153881122742E-003
         643   1.3657458760567964E-003   1.2495801798412867E-003
         644   3.6210427361644984E-004  -3.4265034652860232E-004
         645   1.4838295125535852E-003   1.0978995695543488E-003
         646   1.1827855908875518E-003   1.6679401976047374E-003
         647   1.7889130177807609E-003   8.8650480497112218E-004
         648  -1.7004343523605237E-004   7.7295753559606585E-005
         649   4.5414936516669093E-004  -5.3192687655828142E-004
         650   5.1588865548293783E-004  -7.1551626388506942E-004
         651   1.0819636272978604E-003   2.1623460735911300E-003
         652   1.0340579291980290E-003   2.5792618306543151E-003
         653   3.8275140542955220E-004  -3.8151753286481266E-004
         654   1.2427632112170495E-003   1.4502013257686253E-003
         655   4.8345453486204612E-004  -6.1696661782670412E-004
         656   1.6184969449237429E-003   9.6588488391571696E-004
         657   1.1279943416404991E-003   1.8291417219424939E-003
         658   1.3730497487845937E-003   1.1908390150252223E-003
         659   1.3575962630207649E-003   1.2080200547942782E-003
         660   1.1960580750939498E-003   1.5407396793009423E-003
         661   1.5495332838502439E-003   9.9901768372457418E-004
         662   1.3617342569850106E-003   1.1881055452096668E-003
         663   1.6462694524685799E-003   9.2864284257906200E-004
         664   4.5908000443975846E-004  -5.5855544072493178E-004
         665   1.1787214803956742E-003   1.5616135008966771E-003
         666   1.1948674206169233E-003   1.5047298332856477E-003
         667   1.7785227744063694E-003   8.5512292759521726E-004
         668   1.1001472175107326E-004  -6.9431723455326306E-005
         669   1.2034265792693934E-003   1.4651958822624338E-003
         670   5.4466940321391832E-004  -8.7013653358526937E-004
         671   1.0533366618462080E-003   2.1294286884035248E-003
         672   8.0162059204329328E-005  -4.8627006601316357E-005
         673   1.1917458944755161E-003   1.4822609694333266E-003
         674  -4.2711876462230350E-004   1.5430744798323478E-004
         675   1.3117372657443908E-003   1.2236051463535645E-003
         676   1.1557143224219309E-003   1.5804490247051488E-003
         677   1.2336571220215981E-003   1.3594297764911640E-003
         678   6.1639912771879594E-004  -1.3513414048579547E-003
         679   2.8345488138958245E-004  -2.3716229846273214E-004
         680   5.9941050328300141E-004  -1.2115086171954471E-003
         681   9.9542361010492497E-004   2.5974498649783328E-003
         682   1.4814420853073364E-003   1.0100101259281975E-003
         683   1.0209440484680820E-003   2.2818732677341762E-003
         684   1.3466750410673204E-004  -8.8504512746273437E-005
         685   1.3512695730201728E-003   1.1385414161740985E-003
         686   1.5822729725637756E-003   9.2745782035034421E-004
         687   4.5125085094501675E-004  -5.5462376667291078E-004
         688   5.5311458878761269E-004  -9.4308832318475101E-004
         689   2.3509951423050673E-003   6.8521550946391569E-004
         690   5.0581942225144021E-004  -7.3210727126386745E-004
         691   1.0343484399583614E-003   2.0973958174464575E-003
         692   4.7963672341369334E-004  -6.4169621074444650E-004
         693   3.4265698659288274E-004  -3.2469300196202969E-004
         694   1.7597280605857340E-003   8.2773491334052463E-004
         695  -1.4768148744670099E-004   6.8459399785393419E-005
         696   6.0262063189000094E-004  -1.2825234026194326E-003
         697   3.5683320851068097E-004  -3.4854674447950266E-004
         698   3.6632261666807769E-004  -3.6533210305541008E-004
         699   1.3752011252577310E-003   1.0838770506500968E-003
         700   1.4201437776446466E-003   1.0332644308969807E-003
         701   3.4786267817639162E-005  -1.9892366326337159E-005
         702   2.3219573897444382E-004  -1.7819187427022676E-004
         703   3.8798921075649010E-004  -4.0778726662818297E-004
         704   3.4938432177493905E-004  -3.3627380760789072E-004
         705   1.2691574479196026E-003   1.2210349620764718E-003
         706   3.4997025350694489E-004  -3.3765805854466452E-004
         707   1.2709011317436078E-003   1.2130226039696317E-003
         708   1.2036978829678756E-003   1.3384520514445528E-003
         709   1.0079709900509418E-003   2.1959894074843767E-003
         710   4.1210663227313405E-004  -4.6296103753861535E-004
         711  -7.6428191239899914E-005   3.8211249402609314E-005
         712   1.3277140532486698E-003   1.1166128681455243E-003
         713   1.5131998557273512E-003   9.3700899089153964E-004
         714   1.4365669929295734E-004  -9.5847937097608528E-005
         715   1.5519624183209247E-005  -8.6664554401283222E-006
         716   1.5717943807389569E-003   8.9629061631878615E-004
         717   1.2490325309129373E-003   1.2212416526994126E-003
         718   1.3971007737944602E-003   1.0237841891959970E-003
         719   1.1291009769964764E-003   1.4929946310165967E-003
         720  -3.6900018455725633E-004   1.3826430772557091E-004
         721   1.6844396909348402E-003   8.2990146992774491E-004
         722   5.1456663235854627E-005  -3.0159765436055410E-005
         723   1.2869275785151531E-003   1.1440784076795941E-003
         724   1.4099110480885670E-003   9.9930269401576986E-004
         725   1.0960851113878129E-003   1.5784362095468390E-003
         726  -4.0238670763101880E-004   1.4645254472334189E-004
         727   6.4816691400277618E-004  -1.9509198602142084E-003
         728   1.0770128217785491E-003   1.6498808118483128E-003
         729   3.4751019048526882E-004  -3.3961227768423264E-004
         730   1.5894505221504109E-003   8.6540489087760613E-004
         731   1.0020401593938673E-003   2.0566935916301395E-003
         732   1.4453602073560819E-003   9.5464799442870289E-004
         733   1.2675471231910302E-003   1.1444095174654089E-003
         734  -2.4664807512548160E-004   1.0309861566732193E-004
         735   1.0415375445625638E-003   1.7710309860965844E-003
         736   1.7863571792034762E-003   7.7129447222932797E-004
         737   1.5536112325857932E-003   8.7142642758338083E-004
         738   5.6069850899319415E-004  -1.0822431147171458E-003
         739   4.0271034039827865E-004  -4.5456675316700885E-004
         740   3.3804528557435407E-004  -3.2611463095595970E-004
         741   2.7555775518658715E-004  -2.3309354735755303E-004
         742   1.3218199733530805E-003   1.0562272920990785E-003
         743   1.4721368879015407E-003   9.1692302079188865E-004
         744   1.2066700087306548E-003   1.2175068240352189E-003
         745   1.8128203635788829E-003   7.5228283964492125E-004
         746   4.2551171583135963E-004  -5.1414963813680901E-004
         747   3.8702141889063044E-004  -4.2159148211375964E-004
         748   1.1742545885950596E-003   1.2707354641314037E-003
         749   1.9171930537295061E-004  -1.3950619423019569E-004
         750   1.0966004233437438E-003   1.4702800699540554E-003
         751   1.0954685647640919E-004  -6.9960378311028298E-005
         752   6.7024200037787374E-005  -4.0238081293091674E-005
         753   2.2471245836683463E-004  -1.7340784014582264E-004
         754   1.0947407092694391E-003   1.4689073554190692E-003
         755   5.6124895810061618E-004  -1.1128921381715177E-003
         756   1.0687004724388661E-003   1.5546552153551773E-003
         757   4.2503446084297264E-004  -5.1632419730551207E-004
         758   1.0620464981926168E-003   1.5726465054595529E-003
         759   1.6293252980135249E-004  -1.1323447095338913E-004
         760   1.0654240291902081E-003   1.5514639729012033E-003
         761   1.1072253391651242E-003   1.4041837057723089E-003
         762   5.3173946639375937E-004  -9.3910633895185442E-004
         763  -1.5860186935651307E-004   7.2198693457828977E-005
         764   4.8579430009586494E-004  -7.1938795546618722E-004
         765   3.1753026007399652E-004  -2.9588433079799067E-004
         766   4.9284814809927844E-004  -7.4764443889095266E-004
         767   1.5935864568247513E-003   8.2049329013085287E-004
         768   3.2780484622654582E-004  -3.1256851616498992E-004
         769   3.7215651175285624E-004  -3.9424087168012778E-004
         770  -5.2669827252107486E-004   1.7137082677559014E-004
         771  -3.6141056243204597E-004   1.3480332934230380E-004
         772   1.2791757568059057E-003   1.0637464209929698E-003
         773   9.9361277836861289E-004   1.8760024398443429E-003
         774   1.0162446895080491E-003   1.7325410178149760E-003
         775   1.1236719185552955E-003   1.3302242030666870E-003
         776   1.3063689839823949E-003   1.0190090138863727E-003
         777   1.1001030313597549E-003   1.3832877871396872E-003
         778   9.6012661417628356E-004   2.0635049355729206E-003
         779   1.3833178793862554E-003   9.3673475348136546E-004
         780   1.8788252413787434E-003   7.0559007046013076E-004
         781   1.7871181346904249E-003   7.2918831118744286E-004
         782   4.2877740371337656E-004  -5.4065112818451754E-004
         783  -2.6436634045799479E-004   1.0778269843342677E-004
         784   5.9217171168767456E-004  -1.4717244150449001E-003
         785   2.9351935550321791E-004  -2.6241728083498469E-004
         786   3.1811490536891383E-004  -3.0015588156971786E-004
         787   1.1998701733094673E-003   1.1396801701195809E-003
         788   3.6590903866245045E-004  -3.8754547307901047E-004
         789   1.2218305536910710E-003   1.1013856457479539E-003
         790   1.0876044944849394E-003   1.3759570475132331E-003
         791   1.1207165677091305E-003   1.2834694215092238E-003
         792   3.0373882581475123E-004  -2.7875180029086129E-004
         793   1.1061732038251597E-003   1.3141779568717239E-003
         794   1.0672266503004273E-003   1.4209727020745746E-003
         795   1.2093433603762649E-003   1.1025345865190424E-003
         796   4.7035688041297468E-004  -6.8805272801491309E-004
         797   1.2949874772747545E-003   9.9039377751174119E-004
         798   9.1377827692222470E-004   2.3453668377052201E-003
         799   1.6576625857955866E-003   7.5596527599769349E-004
         800   1.1741322940139456E-003   1.1434420112017157E-003
         801   6.9118889897530500E-005  -4.1892623384517758E-005
         802   1.1643773010351936E-003   1.1567530649328837E-003
         803   9.5823879005110303E-004   1.8811696853322033E-003
         804   5.3959295954980320E-004  -1.0691054740779085E-003
         805   2.5971399697410327E-004  -2.1902897314203458E-004
         806   4.7242903487345115E-004  -7.0647483672818382E-004
         807   2.7355693378625074E-004  -2.3726838500695593E-004
         808   9.2570230199615571E-005  -5.8090197006078519E-005
         809   1.1441882351073869E-003   1.1850340607654605E-003
         810   4.7464297592509486E-004  -7.1676669590573850E-004
         811   1.6534257300812715E-003   7.4813289892433806E-004
         812   1.2029880442049762E-003   1.0775808435662638E-003
         813   1.1975774928583527E-003   1.0822786953428637E-003
         814   9.0905836302545878E-004   2.2482504895774014E-003
         815   1.3366411446513304E-005  -7.4913303227755911E-006
         816   3.1670245910978706E-004  -3.0394631919374634E-004
         817   4.3277082212888322E-004  -5.7086923683979419E-004
         818   1.0417615169619478E-003   1.4214710711649534E-003
         819   4.3379526790946279E-004  -5.7516461578938462E-004
         820  -3.5139893147013843E-004   1.3112879774287650E-004
         821   1.2108209130457870E-003   1.0528733436712501E-003
         822   1.1669289131582617E-003   1.1159313804006722E-003
         823   1.5850122818514056E-004  -1.1101358538686789E-004
         824   4.1914611143427361E-004  -5.3213819641143045E-004
         825   5.1595210695656998E-004  -9.3790004962224086E-004

   k   test 
         826   5.4250183251919326E-010
