 k,   gradient vector, at each step of the optimization (k):

           1   4.7923937788066036E-002   8.8329533080105785E-002
           2   2.6454372238363506E-002  -2.2924608761471371E-002
           3   4.3008482895156179E-002   6.5754078753210404E-002
           4   4.3580518096847154E-002   4.0420596352639108E-002
           5   5.8655221990277416E-002   1.9811812822591059E-002
           6   2.2004533866200354E-002  -5.2735574527287853E-002
           7   1.9698998847242126E-002  -2.2184822858943069E-002
           8   3.3759529439732344E-002   2.4498788337740732E-002
           9   3.0739117607168520E-002   2.5408951107017408E-002
          10   1.7011339225414156E-002  -2.1433367206375977E-002
          11   2.6605222986783746E-002   2.7454407790118842E-002
          12   2.6526553996299294E-002   2.2133126266603693E-002
          13   8.3007932302690164E-003  -4.2070245692329786E-003
          14   2.0579094842279867E-002   5.4710022761696342E-002
          15   1.1482373777339596E-002  -1.1091358894015800E-002
          16   2.7795575365710031E-002   1.3711186446643611E-002
          17   3.2011209608661113E-002   1.0238982994141830E-002
          18   8.6832260777016685E-003  -6.3440638736912561E-003
          19   9.9817171549067708E-003  -9.0287316421049299E-003
          20   1.8047361994428912E-002   2.5914031384509238E-002
          21   1.0179342685425648E-002  -1.1103671568436255E-002
          22   5.9019670149495851E-003  -3.0516104673708345E-003
          23   1.2176554025888419E-002  -2.6916639230637487E-002
          24   1.5545567433225133E-002   4.0381531975688570E-002
          25   6.5854786652392782E-003  -3.9124344803501540E-003
          26   1.6279594815780361E-002   2.1466027280065154E-002
          27   1.6060555979383308E-002   1.9434261155711497E-002
          28   1.4409955569842587E-002   2.7417686357278499E-002
          29   1.6621982704217653E-002   1.3927826678812399E-002
          30   1.6936369340211404E-002   1.2195104074099261E-002
          31   7.3411946192007034E-003  -7.4805446671956655E-003
          32   9.5971553536857400E-003  -2.4451934401383376E-002
          33   1.8668227756912514E-002   8.8157601207540359E-003
          34   1.4426186938042618E-002   1.3765066680473909E-002
          35   5.8404365625443098E-003  -4.3376932867642617E-003
          36   1.4360580811658089E-002   1.2390211050382649E-002
          37   1.4346886397430553E-002   1.1487773637374311E-002
          38   1.2271515826358432E-002   1.7168788730927299E-002
          39   1.1538873288018496E-002   2.0170886716430539E-002
          40   3.3988940264711508E-003  -1.8743398705906315E-003
          41   1.4846278922824502E-002   8.8803915124879840E-003
          42   1.6738959570240925E-002   7.1053889881086555E-003
          43   1.0902486090414902E-002   1.7394560447575324E-002
          44   1.4193694331487015E-002   8.1542798593472361E-003
          45   5.3398127677657574E-003  -5.1732528368307988E-003
          46   5.8970907336632220E-003  -6.8897910553153583E-003
          47   1.1559393281882227E-002   1.1279804206199388E-002
          48   1.1374636206690244E-002   1.1065849963380959E-002
          49   4.7310949176019535E-003  -4.0685586371605751E-003
          50   6.3401097435613228E-003  -1.0289761895949901E-002
          51   9.9142676096155170E-003   1.5840123613501345E-002
          52   9.8175950419851360E-003   1.5110793652170532E-002
          53   3.9826651237126086E-003  -2.9581381611349833E-003
          54   1.2704704689413648E-002   7.2883829965474716E-003
          55   9.6478544416594668E-003   1.3450898775089547E-002
          56   8.7417418687530980E-003   1.9779195362002098E-002
          57   1.1217191031324044E-002   8.0783955021939049E-003
          58   8.6672820015467143E-003   1.6737655821029849E-002
          59  -2.0836777371732084E-004   7.7994404651842022E-005
          60   4.8613246630959542E-003  -5.9145010353722450E-003
          61   8.5828178071925953E-003   1.5733714348467657E-002
          62   8.1432383457288621E-004  -3.5730848348412906E-004
          63   4.0796341421934570E-003  -3.8048787302228304E-003
          64   9.6370100697698215E-003   9.6558876704601702E-003
          65   8.0703707591235230E-003   1.7740946585972684E-002
          66   8.7007024288627156E-003   1.1796728031892075E-002
          67   9.9874428049891942E-003   7.8911629755892224E-003
          68   1.2004443223719401E-003  -5.8819611157586934E-004
          69   8.5583943901736594E-003   1.1105443492034113E-002
          70   8.9431885469748573E-003   9.3335322102825590E-003
          71   5.3854067318738338E-003  -1.4201661560936722E-002
          72   7.2189156181558401E-003   2.1965181492412170E-002
          73   3.3558965787490696E-003  -2.9408209321287217E-003
          74   1.2978383761378611E-002   4.8925612228476632E-003
          75   9.8386927197976221E-003   6.6918191434868672E-003
          76   7.5330743564087279E-003   1.2926161628584691E-002
          77   5.2228130539186662E-003  -1.6374829827681389E-002
          78   1.0861135664655845E-002   5.4627545280138724E-003
          79   4.1039582637369754E-003  -5.3088563045595840E-003
          80   9.8547283686160666E-003   6.0171022632171780E-003
          81   9.4226779703736972E-003   6.2840116946800435E-003
          82   7.3600566978607425E-003   1.1170941745397392E-002
          83   7.0155739305248679E-003   1.2916212276196954E-002
          84   3.1237351853963388E-003  -2.8420994299809825E-003
          85   8.8670948317009311E-003   6.4158517829782293E-003
          86   8.9295947652239856E-003   6.1734101469754490E-003
          87   8.7901146894386623E-003   6.1786967916128768E-003
          88   7.5876421164266872E-003   8.1892319319630119E-003
          89   8.1515633604044985E-003   6.7493745280886577E-003
          90   6.2024794238309420E-003   1.6932586021109558E-002
          91   8.1660001700523972E-003   6.3861068526828678E-003
          92   3.3261452958468325E-004  -1.4946237089638151E-004
          93   6.5068846889609969E-003   1.1567902877599595E-002
          94   3.0648905519809625E-003  -3.1627040658005466E-003
          95   3.7624188653513453E-003  -5.7496214283888920E-003
          96   6.6935926473305372E-003   9.7783613714299868E-003
          97   7.2155782283749668E-003   7.5889772687675666E-003
          98   3.7269907514728036E-003  -5.8685227476935158E-003
          99   3.9868726851822710E-003  -7.6922068969961857E-003
         100   3.0641336832256606E-003  -3.2034253804351133E-003
         101   6.0314803195044460E-003   1.3735265203162440E-002
         102   6.2444096858783448E-003   1.1021759796657087E-002
         103   1.6902839678534258E-003  -1.0817282316948559E-003
         104   6.9051040861016324E-003   7.6052970134650021E-003
         105   3.6858071641087771E-003  -6.1366006367406271E-003
         106   3.1947806607030586E-003  -3.8023450677182819E-003
         107   6.0735856864208839E-004  -2.9065442736089705E-004
         108   3.2215794529186080E-003  -3.8815663287587346E-003
         109   5.7602155696588530E-003   1.4489697257693647E-002
         110   7.0385970190508951E-003   6.7453896455406202E-003
         111   2.5375967275507584E-003  -2.2545788433344740E-003
         112   7.5831659158696694E-003   5.6581321458061785E-003
         113   5.5436604262538913E-003   1.5241635967563881E-002
         114   7.1392064049967882E-003   6.0778835102033545E-003
         115   3.4233577409217104E-003  -5.3524486489642271E-003
         116   3.3950926946604790E-003  -5.1665226400644023E-003
         117   3.1620055545572806E-003  -4.0690927143918728E-003
         118   2.6540923797048087E-003  -2.5641114453880897E-003
         119   2.4229939595707254E-003  -2.1000713446822322E-003
         120   7.4169757079821904E-003   5.4054683629141884E-003
         121   3.0172507300110286E-003  -3.5839796874130719E-003
         122   6.1966586351758675E-003   7.9307640573954771E-003
         123   2.6670624642694380E-003  -2.6444021958450309E-003
         124   7.1169335073683251E-003   5.5563205354441829E-003
         125   3.1015236008312816E-003  -4.0085196607230434E-003
         126   3.1343504056810115E-003  -4.1284588191236220E-003
         127   9.9279004712918908E-003   3.5617551151257321E-003
         128   7.2046082621189641E-003   5.1599307788236064E-003
         129   3.6533247838114614E-003  -7.9268431283841066E-003
         130   1.9203624624004063E-003  -1.3816564237834528E-003
         131   5.8193049223622152E-003   8.4033615938807916E-003
         132   2.4131277670219266E-003  -2.1671173419248032E-003
         133   5.8747330259014798E-003   7.8770558177172403E-003
         134   1.8909750564462368E-003  -1.3672283848786991E-003
         135   6.5735219327678349E-003   5.7351859319457257E-003
         136   5.4747193898523894E-003   9.5938886561140052E-003
         137  -1.1290485894590550E-003   3.7606512574475795E-004
         138   3.3720491425337745E-003  -6.0778283967108625E-003
         139   2.3377250773843929E-003  -2.0812657371826718E-003
         140   6.9509224624357633E-003   4.9580678777805948E-003
         141   7.0925521595549554E-003   4.7212140516076986E-003
         142   5.7805927837429267E-003   7.2302439295512822E-003
         143   2.1706053854674751E-003  -1.8306422876254588E-003
         144   1.8312551370735267E-003  -1.3307863417170716E-003
         145   6.0933279898095867E-003   6.0997143373669807E-003
         146   5.2271229485538169E-003   9.8117935979358112E-003
         147  -7.9910334906477449E-004   2.8262568545030459E-004
         148   2.0428263767380346E-003  -1.6550197948454525E-003
         149   3.4898765619936320E-003  -8.2428545223960630E-003

   k   test 
         150   3.4766652021178679E-007
