 k,   gradient vector, at each step of the optimization (k):

           1   4.7923937788066036E-002   8.8329533080105785E-002
           2   8.0210248863684681E-003  -6.9507926980541127E-003
           3   2.9496804119551554E-002   4.5096572826647037E-002
           4   2.4368134310791732E-002   2.2601257714617823E-002
           5   3.3156071397338061E-002   1.1199034939555942E-002
           6   6.6645929203726648E-003  -1.5972214580114458E-002
           7   4.7813924647988615E-003  -5.3847581632555106E-003
           8   1.6268658508908070E-002   1.1805923481849438E-002
           9   1.3542137344086562E-002   1.1193929183580927E-002
          10   4.1123350515938290E-003  -5.1813197108422117E-003
          11   1.1045550476608955E-002   1.1398102064463206E-002
          12   1.0898723449390628E-002   9.0936358444376215E-003
          13  -5.4257797338128858E-004   2.7499044987845591E-004
          14   7.3024357364244600E-003   1.9413702517896862E-002
          15   2.0691145539382784E-003  -1.9986539852805663E-003
          16   1.1800252697120810E-002   5.8209072026381321E-003
          17   1.4125209147787988E-002   4.5180353389009898E-003
          18   9.8712424267178136E-004  -7.2120421497034830E-004
          19   1.7000330977912086E-003  -1.5377256622732375E-003
          20   6.4241227089891781E-003   9.2243352546523775E-003
          21   2.0335793303991505E-003  -2.2182372370115862E-003
          22  -4.4852172466479568E-004   2.3190803783948316E-004
          23   3.2145743645821830E-003  -7.1059134027207944E-003
          24   5.3225352423733356E-003   1.3825942861516869E-002
          25   1.2412025066646084E-004  -7.3739871177537437E-005
          26   5.8653345236182970E-003   7.7339413121421136E-003
          27   5.7526466171657457E-003   6.9610564440006533E-003
          28   4.8479411393149846E-003   9.2241318158163919E-003
          29   6.0520647299593961E-003   5.0711223870086083E-003
          30   6.2229964173158977E-003   4.4808947795990216E-003
          31   1.2905286341871186E-003  -1.3150253593716675E-003
          32   2.4642334261137755E-003  -6.2784514644633228E-003
          33   7.3856379240104441E-003   3.4877446924607403E-003
          34   5.1004009006671343E-003   4.8666608020787368E-003
          35   6.1163198362336382E-004  -4.5425918438151791E-004
          36   5.1274346006916815E-003   4.4239155562587010E-003
          37   5.1263045437015594E-003   4.1047112636811399E-003
          38   4.0648084383309475E-003   5.6869777374604974E-003
          39   3.7081632057147460E-003   6.4821701462112599E-003
          40  -2.9144834309469180E-004   1.6072088315360579E-004
          41   5.3943439796349715E-003   3.2266594707812042E-003
          42   6.3248121518257984E-003   2.6847696493236708E-003
          43   3.4740528431245316E-003   5.5427378376504662E-003
          44   5.0598371684916878E-003   2.9068773323573287E-003
          45   8.6561660219669197E-004  -8.3861620953341875E-004
          46   1.1290555781491793E-003  -1.3191177437512319E-003
          47   3.8655939780898184E-003   3.7720961775613727E-003
          48   3.7832552176491397E-003   3.6805515227871437E-003
          49   6.4599681170123522E-004  -5.5553227183136836E-004
          50   1.4102943067047691E-003  -2.2888551154722544E-003
          51   3.1363888317555385E-003   5.0110395191298920E-003
          52   3.0981319420731314E-003   4.7685031093316838E-003
          53   3.6237941867552076E-004  -2.6915855435886835E-004
          54   4.4881762325455921E-003   2.5747585747546800E-003
          55   3.0513802181197560E-003   4.2541900571190427E-003
          56   2.6368246739506213E-003   5.9661187832415362E-003
          57   3.7761861439540704E-003   2.7195333551491394E-003
          58   2.6213868865263084E-003   5.0622411354111392E-003
          59  -1.3481837047162554E-003   5.0464034593617347E-004
          60   9.2145233464836199E-004  -1.1210793693118819E-003
          61   2.6094502101372966E-003   4.7835507097031679E-003
          62  -8.7092666652766743E-004   3.8214463734333393E-004
          63   5.9194818307440006E-004  -5.5208162611436224E-004
          64   3.1122803407646407E-003   3.1183768774584930E-003
          65   2.4093568430706628E-003   5.2964445296571003E-003
          66   2.6953948603730938E-003   3.6545141459960635E-003
          67   3.2669175265187277E-003   2.5812191501802541E-003
          68  -5.8434663336187100E-004   2.8631933289231646E-004
          69   2.6494845741674351E-003   3.4379931421734200E-003
          70   2.8209779555970630E-003   2.9441052790918254E-003
          71   1.2782893292765949E-003  -3.3709306158620335E-003
          72   2.0812580347170369E-003   6.3326977184946362E-003
          73   4.1389311444337408E-004  -3.6270054992956188E-004
          74   4.5977394504409744E-003   1.7332452300358673E-003
          75   3.2326526307481082E-003   2.1986992962138513E-003
          76   2.2408025324999461E-003   3.8450404632199586E-003
          77   1.2579881600256802E-003  -3.9441086313060526E-003
          78   3.6903247355482552E-003   1.8560985500402191E-003
          79   7.8483771071961525E-004  -1.0152614526873704E-003
          80   3.2673671916743511E-003   1.9949897945838791E-003
          81   3.0808193357252400E-003   2.0546074901173776E-003
          82   2.1985432637769394E-003   3.3369034686276992E-003
          83   2.0546806794766179E-003   3.7828254792455886E-003
          84   4.1654224117238696E-004  -3.7898682056457190E-004
          85   2.8459074582728966E-003   2.0591773051838089E-003
          86   2.8723860151510018E-003   1.9858031006089868E-003
          87   2.8138477135360791E-003   1.9778936286919905E-003
          88   2.3116955498149452E-003   2.4949794314279919E-003
          89   2.5475001927422565E-003   2.1092926781032008E-003
          90   1.7414564154043209E-003   4.7541246880322555E-003
          91   2.5501274898179151E-003   1.9942917338730171E-003
          92  -6.5079414424319855E-004   2.9243832458409041E-004
          93   1.8756175398818935E-003   3.3344622771147563E-003
          94   4.7513093823934899E-004  -4.9029435951178184E-004
          95   7.5942081970687791E-004  -1.1605252829135966E-003
          96   1.9621005155568954E-003   2.8663423215387930E-003
          97   2.1768682912124563E-003   2.2895190733498252E-003
          98   7.5879346283771478E-004  -1.1947968198484427E-003
          99   8.6432750155140297E-004  -1.6676193331699590E-003
         100   4.8487726778530835E-004  -5.0691918388637031E-004
         101   1.7060505221990056E-003   3.8851252314659633E-003
         102   1.7950558313791622E-003   3.1683818311589178E-003
         103  -5.5782844396688437E-005   3.5699254548790518E-005
         104   2.0688648743341122E-003   2.2786523785652147E-003
         105   7.6219505907734232E-004  -1.2689992928551759E-003
         106   5.6143884597659535E-004  -6.6820995039914915E-004
         107  -4.9747351511520636E-004   2.3806839506076074E-004
         108   5.7140078931299854E-004  -6.8846045749830953E-004
         109   1.6152311021996970E-003   4.0630787839543558E-003
         110   2.1390973137894393E-003   2.0499887736412409E-003
         111   3.0749768421456614E-004  -2.7320250127909202E-004
         112   2.3653385007228515E-003   1.7648826301749315E-003
         113   1.5356527396371529E-003   4.2220948309343092E-003
         114   2.1814462969510554E-003   1.8571499021730492E-003
         115   6.8628752563551162E-004  -1.0730163241425613E-003
         116   6.7443871010519510E-004  -1.0263351190895201E-003
         117   5.7960339649358171E-004  -7.4587470427104621E-004
         118   3.7282482543291923E-004  -3.6018505208311105E-004
         119   2.7808400565947127E-004  -2.4102257844809988E-004
         120   2.3160860044632399E-003   1.6879561314244007E-003
         121   5.2530445813122348E-004  -6.2397217736126086E-004
         122   1.8219980865590425E-003   2.3318755781543362E-003
         123   3.8816592121170723E-004  -3.8486793172488279E-004
         124   2.2001525880786157E-003   1.7176994830140411E-003
         125   5.6948981824120413E-004  -7.3602894151429698E-004
         126   5.8250905323145141E-004  -7.6726093983426951E-004
         127   3.3556349238108314E-003   1.2038748664875063E-003
         128   2.2429562341320080E-003   1.6064022479756763E-003
         129   8.0246578240605860E-004  -1.7411592862522558E-003
         130   9.6636927615160738E-005  -6.9528036726612449E-005
         131   1.6862907848644621E-003   2.4350865621753531E-003
         132   3.0273306013590035E-004  -2.7187042209709606E-004
         133   1.7116570328452000E-003   2.2950520353971263E-003
         134   9.6064960828409234E-005  -6.9457680464435960E-005
         135   1.9982532157292831E-003   1.7434114997301631E-003
         136   1.5527003219214981E-003   2.7209493206973058E-003
         137  -1.1103877862171597E-003   3.6984955859983653E-004
         138   7.0475702604082756E-004  -1.2702638913600994E-003
         139   2.8491193132785229E-004  -2.5365576411177704E-004
         140   2.1597363710964346E-003   1.5405321500673581E-003
         141   2.2161641456061106E-003   1.4752073822691875E-003
         142   1.6849569643719356E-003   2.1075087484915505E-003
         143   2.3155866898381442E-004  -1.9529164275833695E-004
         144   9.4107332623824302E-005  -6.8388478686453157E-005
         145   1.8158045143575577E-003   1.8177076383555379E-003
         146   1.4665779053431830E-003   2.7529024750606937E-003
         147  -9.5039544199436909E-004   3.3613444813723444E-004
         148   1.8828462744250205E-004  -1.5254100349929183E-004
         149   7.7053907767980886E-004  -1.8199616543192489E-003
         150   1.4404820625820685E-003   2.8371762334622203E-003
         151   2.1261602966254586E-004  -1.7717497962162475E-004
         152   2.9845373306926220E-004  -2.7632513335877352E-004
         153   1.9269545653388151E-003   1.5922620807005590E-003
         154   1.4612310992457161E-003   2.5624092094865721E-003
         155   1.8841543681537719E-003   1.5841555327538992E-003
         156   2.0620217311915694E-003   1.4086390265374334E-003
         157   4.6227196161622062E-004  -5.5930026273363779E-004
         158   7.7871763259562752E-004  -2.1042914961819079E-003
         159   6.7634919371545625E-004  -1.2914627381160493E-003
         160   3.8933455163152309E-004  -4.1255607586432536E-004
         161   1.6835307136612591E-003   1.7965386527161575E-003
         162   1.3019773161478227E-003   3.2897709197577014E-003
         163   1.5447893313054466E-003   2.0065017600504344E-003
         164   4.8268279818654660E-004  -6.1433427348984266E-004
         165  -2.0142376687205820E-004   1.1185522879358356E-004
         166   3.8339565526001798E-004  -4.1046230242870963E-004
         167   6.3508014392317730E-004  -1.1295978288836000E-003
         168  -2.8020711484545762E-004   1.4565412837199551E-004
         169   1.2676362103219076E-003   3.3936105062369543E-003
         170   1.4988247051735540E-003   2.0390226086066453E-003
         171   5.9342392180572272E-004  -9.7712308953285974E-004
         172  -4.6700663672446714E-005   2.9728130039972359E-005
         173   2.0957226562727429E-004  -1.7671269800019392E-004
         174   1.9664130613856264E-003   1.3533892946317942E-003
         175  -5.6316939265803204E-004   2.3931977067763658E-004
         176  -1.2990441483873955E-004   7.6600464935088264E-005
         177   1.7326406810461675E-003   1.5525507378158052E-003
         178   4.7517106022834020E-004  -6.1181471079818498E-004
         179   1.2988524708215118E-003   2.7389618093044900E-003
         180   2.1266090556323093E-003   1.2123928215275939E-003
         181   1.7668470758606754E-003   1.4447181168922762E-003
         182   5.4088813105191954E-004  -8.2189037756154326E-004
         183   3.7344714448145442E-004  -4.0607665544942516E-004
         184   5.7274401980052421E-004  -9.3671981390133199E-004
         185   2.8250397854826713E-004  -2.6532392423128751E-004
         186   1.6378103037707624E-003   1.5705415323354196E-003
         187   1.4528329087395884E-003   1.8891668037465728E-003
         188   3.2055855431346549E-004  -3.2141460217009890E-004
         189   3.2799031371094173E-004  -3.3244888580480879E-004
         190   4.8726821936484683E-004  -6.6146433938948815E-004
         191   1.1702114554068029E-004  -8.8502832118818580E-005
         192   1.6322038787236223E-003   1.5280966126929450E-003
         193  -4.3696121645040066E-005   2.7736320493153487E-005
         194   3.4502111851221300E-004  -3.5991870103058783E-004
         195   6.5507581853382370E-004  -1.4018439049595323E-003
         196  -2.1975728172537434E-005   1.4203511604552352E-005
         197   1.4704622003934920E-003   1.7796470496165894E-003
         198   1.3316223572789193E-003   2.1537982768317894E-003
         199   2.6681266303254142E-004  -2.4743211129079072E-004
         200   1.2107851235105055E-003   2.7649166678772952E-003
         201  -6.1221084400646635E-004   2.4575088226348979E-004
         202   1.5005099009198722E-005  -1.0159080697042924E-005
         203   1.9716981906237243E-003   1.1762438970369740E-003
         204   1.7070852503540809E-003   1.3474425916322492E-003
         205   1.8687678113200096E-003   1.2083582178363456E-003
         206  -2.0370734354954897E-005   1.3274530501716507E-005
         207   2.2741306062393257E-003   1.0199694159936333E-003
         208   1.1628202498759063E-004  -8.8750805891180031E-005
         209   4.2780344197991077E-004  -5.3763836228514471E-004
         210   1.3720839451962367E-003   1.7927253008208778E-003
         211   1.1551722744059847E-004  -8.8141427278606765E-005
         212   1.3575385807121833E-003   1.7999451653882695E-003
         213   1.7937921623960914E-003   1.1994803309361142E-003
         214   4.0587771140079099E-004  -4.9559415226271635E-004
         215   1.3699595489796155E-003   1.7102797540394449E-003
         216   1.2784053995731769E-003   1.9404247556217725E-003
         217   1.4721593366732210E-003   1.4727217816256700E-003
         218   4.0782567412300783E-005  -2.8572980638411803E-005
         219   1.3958951965492611E-003   1.5811548122175764E-003
         220   1.5362976765302013E-003   1.3527136877532317E-003
         221   1.1784601963233600E-003   2.2088566228688853E-003
         222  -3.1280836868263285E-004   1.5396018197201869E-004
         223   1.4031334083388647E-003   1.5049712908737089E-003
         224   4.5138090889746080E-004  -6.3926264120843881E-004
         225   1.1117943620766006E-003   2.5314921669448527E-003
         226   1.1442861892016752E-003   2.2534270287934170E-003
         227   1.4795988023247218E-003   1.3375909597524193E-003
         228   1.1507056037038861E-003   2.1282013630517676E-003
         229   2.8859993533340448E-004  -2.9751059768672559E-004
         230   1.6557075418826459E-003   1.1463348609639639E-003
         231   1.2955258647886342E-003   1.5805167381754478E-003
         232   4.4769831277203815E-004  -6.5766072002155964E-004
         233   5.6756649058815488E-004  -1.2122589479536519E-003
         234   1.1916073927335604E-003   1.8489832159813140E-003
         235   1.2321134329593257E-003   1.6925652282712134E-003
         236   3.4655431525325270E-004  -4.0471914992798891E-004
         237   4.3443841861899932E-004  -6.2169023566798257E-004
         238  -5.2986524066373820E-004   2.1713921411682110E-004
         239   1.2844000941019259E-003   1.5442700353590377E-003
         240   6.2785640183546734E-004  -1.8188304939768122E-003
         241  -4.0494083547413091E-004   1.8241903712649355E-004
         242   5.0549309083840709E-004  -8.8589407224660000E-004
         243   5.0784587160285926E-004  -8.9389125310010203E-004
         244   3.2649581839693800E-004  -3.6325019390691122E-004
         245   1.3466704672162792E-003   1.4147190027545534E-003
         246   1.0130400296855982E-003   2.8520548915223357E-003
         247   3.7336210375480967E-004  -4.6486108870084182E-004
         248   4.9035603680102073E-004  -8.3111356612318530E-004
         249   1.5806786458680486E-003   1.1236649914864384E-003
         250   2.6942185876338972E-003   7.7622428508539534E-004
         251   1.3212663654198706E-003   1.3778339306164302E-003
         252   1.3646826426404015E-003   1.2986970374398489E-003
         253   1.3325294721063048E-003   1.3298966219618521E-003
         254   1.2591356565901754E-003   1.4387693746300129E-003
         255   1.6649289322586146E-004  -1.4176613266430037E-004
         256   1.3571581782046804E-003   1.2673583788558435E-003
         257  -9.0575164777045042E-005   5.4576045316440644E-005
         258  -7.3216032605097597E-004   2.5474977592817850E-004
         259  -3.0518845439582879E-005   1.9768076916402898E-005
         260  -2.7272123672892766E-004   1.3626405734386046E-004
         261   2.4087612740641363E-004  -2.3374058535759355E-004
         262   1.2521682206853072E-003   1.4236072649474415E-003
         263   1.6383931461001239E-003   1.0099098731823446E-003
         264   2.2524551175412291E-005  -1.5617593785218131E-005
         265   4.5503888048973695E-004  -7.3613117014890300E-004
         266   3.0268228664187443E-004  -3.3254717153176670E-004
         267   1.3149136027074621E-003   1.2877125660590979E-003
         268   1.5512404909966945E-004  -1.3029271519734387E-004
         269  -2.9100250696041321E-004   1.4221965150950611E-004
         270   4.0253984848606243E-004  -5.6178057394693566E-004
         271   5.6897151083576544E-004  -1.4274405937244887E-003
         272   1.5306859602919622E-003   1.0597555972488653E-003
         273   1.1290219864488462E-003   1.6530405591035386E-003
         274   1.3357010382054953E-003   1.2228730795022871E-003
         275   2.2044341443325935E-003   7.9016159761729923E-004
         276   1.1365670196650849E-003   1.5610341464131509E-003
         277  -1.6526959351921431E-004   9.1090115139274034E-005
         278   1.0625672322956716E-003   1.7949371697048031E-003
         279   5.6012650877986154E-004  -1.4491209619809226E-003
         280  -2.4442878386450465E-004   1.2391464312759516E-004
         281   1.4052934055621814E-003   1.1041076860909874E-003
         282   1.7116040134740960E-003   9.0613679724120728E-004
         283   1.9964931108454738E-004  -1.8231752761962720E-004
         284  -1.8817624259989327E-004   1.0088495235262403E-004
         285   9.1806861964056853E-004   2.7827917854129375E-003
         286  -4.1363112023109865E-004   1.7907301515101163E-004
         287   1.0972577751165778E-003   1.5772182203099786E-003
         288   1.9130451398549202E-004  -1.7353779767900355E-004
         289   1.8457842364603031E-004  -1.6535256979062369E-004
         290   5.3934056310091824E-004  -1.3202527769803803E-003
         291   2.4485558224381191E-004  -2.4498697326038585E-004
         292   1.0799396257103995E-003   1.6128421013152422E-003
         293   3.6266852759305536E-004  -4.7700907020388266E-004
         294  -1.4646583251784126E-004   8.2132998071781396E-005
         295   1.2343579484852066E-003   1.2492291849110050E-003
         296  -5.0205151578604755E-005   3.1593446766548596E-005
         297   1.3859551281180612E-003   1.0638911198060815E-003
         298   1.3727281965807004E-003   1.0666787268323180E-003
         299   1.2726701382709132E-003   1.1625760967016615E-003
         300   2.8863508009281680E-004  -3.2106441398356236E-004
         301   1.2256628097916298E-003   1.2143865000149013E-003
         302   9.2842038948363437E-004   2.2588309042336297E-003
         303   1.5324706799541604E-004  -1.3105537253310607E-004
         304   3.6519134414131810E-004  -4.9686396544232033E-004
         305   8.7102808865159045E-004   2.8808552708676116E-003
         306   2.3983049924991125E-004  -2.4296880331066523E-004
         307  -1.0271469822718238E-004   6.0660812651951291E-005
         308  -1.4024268926238711E-004   7.9222693126890052E-005
         309  -1.6294354478581580E-004   8.9700843339468570E-005
         310  -1.8148760069019412E-004   9.7881676215292142E-005
         311   1.0881691218800496E-003   1.4350407615496786E-003
         312   4.7118400664495833E-004  -9.3029385491901720E-004
         313  -4.0409359846053311E-005   2.5824365334211903E-005
         314   3.3489928125543105E-004  -4.2414460170971363E-004
         315   3.3946808356874974E-004  -4.3467078812462726E-004
         316   3.1981616014904106E-004  -3.8885041481189950E-004
         317   8.9854933209386812E-005  -6.9164917709870787E-005
         318   7.0611819147761360E-005  -5.2727006599975827E-005
         319   3.9221178354004947E-004  -5.8226291548923981E-004
         320   1.2000348555052502E-003   1.2012129723440507E-003
         321   1.1036160023597302E-003   1.3666092935417393E-003
         322   1.2464046888739798E-003   1.1192321642615642E-003
         323  -6.4514942330390769E-004   2.2761761795739882E-004
         324  -2.5034951602944175E-004   1.2478224967189073E-004
         325   2.8464297717434837E-004  -3.2037123550692913E-004
         326   1.2287989059825534E-003   1.1344290080442720E-003
         327   1.3256188647941928E-003   1.0234729557081768E-003
         328   1.7467957980741279E-004  -1.5659308466149061E-004
         329   2.4187770124651709E-004  -2.4820208737090526E-004
         330   2.5422305127068278E-004  -2.6786062558525040E-004
         331  -8.2208593286799852E-005   4.9574580751147879E-005
         332   1.4249174037768721E-004  -1.2026110002265865E-004
         333   1.3307307693258719E-004  -1.1043133742946870E-004
         334  -1.8905296654255762E-004   1.0034105066865384E-004
         335   1.1057182328952510E-004  -8.8287467634476108E-005
         336   1.4393317258735419E-003   9.3060362127329508E-004
         337   1.4662259719357294E-003   9.0803302454783050E-004
         338  -1.2132568613296239E-005   8.0263063611908808E-006
         339   2.9698596208121660E-004  -3.4715950776315665E-004
         340   1.1020595666465583E-003   1.2910410832239882E-003
         341   2.8034483524594898E-004  -3.1547357389243968E-004
         342   9.8716962960317882E-004   1.5994437771640144E-003
         343   3.2309698807872847E-004  -4.0670969225943960E-004
         344   4.6333331372590019E-006  -3.1385142451605585E-006
         345  -2.7910315430452467E-004   1.3398287589638441E-004
         346  -2.7993214206429429E-004   1.3433105964875933E-004
         347   1.1113308859503320E-003   1.2502177127233667E-003
         348  -6.3195367766407913E-004   2.2268577297053919E-004
         349   4.7488206904401620E-004  -1.0173732757870354E-003
         350   1.2855779307862170E-003   1.0144301361592017E-003
         351   4.3997383088674745E-004  -8.1498466548900336E-004
         352  -3.1765983833439558E-004   1.4637832172930250E-004
         353   1.6042721243514352E-004  -1.4050317331522610E-004
         354   2.2702352945973823E-004  -2.2724106187758231E-004
         355   2.3861365389536118E-004  -2.4482531881914193E-004
         356   1.0047641276074919E-003   1.4929329907204169E-003
         357  -2.2056021194190892E-004   1.1237688333415893E-004
         358   1.1274798729163063E-003   1.1936004761551177E-003
         359   1.4164576529803645E-003   8.9788277094497433E-004
         360   1.0573365110827975E-003   1.3070455711314160E-003
         361  -6.4434592530555180E-005   3.9658071613245233E-005
         362   8.5845126343710507E-005  -6.6158499846647009E-005
         363   3.8328447444319899E-004  -5.8928140480361986E-004
         364  -1.4307278558151625E-005   9.4289356967008244E-006
         365   1.6663444913618444E-003   7.7759302188402761E-004
         366   9.2867305032910544E-004   1.7072916380799542E-003
         367   1.5762675728414920E-003   7.9968258840578353E-004
         368   1.0531149585861130E-004  -8.4014123771094826E-005
         369   1.1296265353114838E-003   1.1283169499302990E-003
         370   1.3728054282643239E-003   8.8800468421357877E-004
         371   2.2889916981007064E-003   6.3836617223884376E-004
         372   3.7633368620308249E-004  -5.8034588337194429E-004
         373   1.2311721314832384E-003   9.8038257281525152E-004
         374   1.7400606417743807E-003   7.2436150987061803E-004
         375   1.2962750600360962E-004  -1.0822530199822054E-004
         376   1.0536421124304057E-003   1.2016382152926989E-003
         377   9.7933038413388165E-004   1.3661558718912794E-003
         378   1.1538740240296403E-003   1.0322027848216528E-003
         379   9.2909352616578583E-005  -7.2809328882822682E-005
         380  -1.0085271842114342E-004   5.8805649198616621E-005
         381   9.1400545050175728E-004   1.5684120716488214E-003
         382   1.8923345063288718E-004  -1.7933504512809652E-004
         383   8.1374011965025571E-004   2.2464978059065269E-003
         384   3.3970437973642056E-004  -4.7914353058615316E-004
         385   1.2166262763700616E-003   9.4518395063540074E-004
         386   1.2558649511281920E-003   9.0657914517625472E-004
         387  -4.1742781826347727E-004   1.7112055713733711E-004
         388   3.6818393096033297E-004  -5.7577132310565821E-004
         389   2.6176661014064913E-004  -2.9606364523365654E-004
         390   1.3877360154911202E-003   8.1842957830431998E-004
         391  -4.3365644571434730E-004   1.7472899730165337E-004
         392  -2.9689181034319839E-005   1.9127700994410422E-005
         393  -1.0624001537766260E-004   6.1484470271090349E-005
         394   1.4846215035570589E-003   7.7093124227422031E-004
         395   1.1694505248909179E-003   9.6574604582058850E-004
         396  -5.9935993941627225E-004   2.0891769938947304E-004
         397   1.4289744670472490E-004  -1.2395638165945503E-004
         398   8.1058054370552752E-004   2.0869054783946186E-003
         399  -2.7634205708043573E-005   1.7895501683234957E-005
         400   8.3576560802117066E-004   1.8416694150905546E-003
         401   8.5521699862330753E-004   1.6910989325950756E-003
         402   9.0547511662622657E-004   1.4391704251350123E-003
         403  -1.2326009627138740E-005   8.2000506255198940E-006
         404   1.1500819727504384E-003   9.5395045346288059E-004
         405   1.0382732283017548E-003   1.0905641285499470E-003
         406   1.7717925598400937E-003   6.6177385469648345E-004
         407   1.6959515764382836E-004  -1.5769484911263263E-004
         408   1.0282808677347800E-003   1.0886211823562743E-003
         409   3.8593909555735372E-006  -2.6342871251786152E-006
         410   1.1018405498282131E-003   9.7951692834291810E-004
         411   4.3415389356885536E-004  -9.7133952633870503E-004
         412   1.3586708555827730E-003   7.8106076653821396E-004
         413   2.9902551404918404E-004  -3.9020851855717616E-004
         414   1.7302618850745335E-005  -1.2047734637165740E-005
         415  -5.4259799515057156E-004   1.9615137531340968E-004
         416   1.0284152475545853E-003   1.0669367174408056E-003
         417   1.0663492542983524E-003   1.0051809150047623E-003
         418   3.9519144907390684E-004  -7.4180361109513475E-004
         419   1.6185706965085247E-004  -1.4839691156493789E-004
         420   7.6433208065814244E-004   2.2020386304291667E-003
         421   9.8105784464154618E-004   1.1243520368022771E-003
         422   9.9905600421442949E-004   1.0834384078539339E-003
         423   3.4731859571829061E-004  -5.4432202080951771E-004
         424   9.9202833173583785E-004   1.0880287653848009E-003
         425   3.6907777614269036E-004  -6.3225079566712377E-004
         426   9.3470470824078705E-004   1.1985801841934898E-003
         427   1.1594248436437440E-004  -9.7120468138640380E-005
         428   1.3448331544440399E-003   7.5633160262832957E-004
         429   8.9095655115737173E-004   1.2975378339489438E-003
         430   1.3639711735022411E-003   7.4021505940890392E-004
         431   2.6165707439843055E-004  -3.1308434404727232E-004
         432   1.4822735331283918E-004  -1.3317418407463532E-004
         433   7.8731112594953364E-004   1.7637774437197081E-003
         434  -1.3548126600241824E-004   7.5086296809503210E-005
         435   3.0593874949916061E-004  -4.2217523837794954E-004
         436   2.0061403427433827E-005  -1.4081117874277060E-005
         437   1.0501536121105455E-003   9.5877207556200976E-004
         438   1.6282026365005817E-003   6.4620975638308932E-004
         439   8.6877039657381778E-004   1.3084131394786695E-003
         440  -9.3409003649234967E-005   5.4838121643447599E-005
         441   2.7363705348338962E-004  -3.4291020869232919E-004
         442   2.2614436973601219E-004  -2.4695639905855812E-004
         443   1.3639232059552524E-003   7.2086950218157341E-004
         444   3.0221624611410545E-004  -4.1598117324355253E-004
         445   9.6183239206797729E-004   1.0609030257892971E-003
         446   3.2501337822280765E-004  -4.8640178826185967E-004
         447   8.1003149583484729E-005  -6.3530547477462897E-005
         448   2.3210971435571438E-004  -2.5795243597019488E-004
         449   3.8854743982483843E-004  -7.5963454994515964E-004
         450   9.2569696258594134E-004   1.1246187290414327E-003
         451   1.4271763264464092E-003   6.8654791899773037E-004
         452   1.0156960878117851E-003   9.5758548079189637E-004
         453   8.0195647173847342E-004   1.5089500898792967E-003
         454   7.9465467016571188E-004   1.5316811585646313E-003
         455   9.1619027694143636E-004   1.1035152856757329E-003
         456   1.3969583949811752E-003   6.8205996252764997E-004
         457   9.7340754295833067E-004   9.8599914137759126E-004
         458   4.1986929682087352E-006  -2.8694961242414503E-006
         459   9.2645061571806561E-004   1.0597069237044665E-003
         460   1.5975942586241574E-004  -1.4967540121243081E-004
         461   9.7300386684167760E-004   9.7443685216913004E-004
         462   9.2937972027502954E-004   1.0402245400189982E-003
         463   1.4308182920254386E-005  -9.9647102096259977E-006
         464   9.8569489191644875E-004   9.4513179001082790E-004
         465  -1.8245888499693013E-004   9.4117740872890523E-005
         466   3.1048487270312990E-004  -4.5806373242756736E-004
         467   3.1342896575331432E-004  -4.6712266200790297E-004
         468   4.0004562452417621E-004  -8.8898357497550935E-004
         469   3.4701055752449117E-004  -5.9104457573803774E-004
         470   9.9191478844563833E-005  -8.1110181318360690E-005
         471  -6.3536692196204767E-004   2.0459462244978619E-004
         472   4.6188351311400892E-004  -1.5705204175593456E-003
         473   1.1340962294722835E-004  -9.5388538749900014E-005
         474   9.8162260499884760E-004   9.4874500862374448E-004
         475   1.4708054808538658E-003   6.4049277305816294E-004
         476   9.3058398992644997E-004   1.0154267837771253E-003
         477   8.1968027355073473E-004   1.2889106149845968E-003
         478   3.3170827033142863E-004  -5.3473101391147927E-004
         479   8.4317377788929704E-004   1.2012400047999501E-003
         480   2.0847504227164949E-004  -2.2230369246732250E-004
         481   2.7931124035401997E-004  -3.7018065440395248E-004
         482   1.3539398097985548E-003   6.6616366253244557E-004
         483   8.5467399751587732E-004   1.1498815958083568E-003
         484   1.1660094497689413E-004  -9.9219556931834214E-005
         485   3.5193359384733981E-004  -6.2633298746520385E-004
         486   1.3058222973215074E-003   6.7823106210533005E-004
         487   8.1090154642371131E-005  -6.3900398858323344E-005
         488   3.0999540375628522E-004  -4.6242383537721228E-004
         489   9.5314434283458392E-004   9.4163907071372413E-004
         490   2.7488576791575317E-004  -3.6124142461424648E-004
         491   1.3300085135908571E-003   6.6267045895423678E-004
         492   1.0537962827632595E-003   8.1717327816579707E-004
         493   1.9680038732915501E-004  -2.0415070841864588E-004
         494   1.3332444139408327E-003   6.5561752180554869E-004
         495   7.2277180256189984E-004   1.6886298333362449E-003
         496  -2.5279884563222189E-004   1.1747584564611296E-004
         497   3.3665906591329577E-004  -5.7082460931710756E-004
         498   8.7280318720384879E-004   1.0511786102609740E-003
         499  -3.5672843449898212E-006   2.3916820718830871E-006
         500   5.4836973003567299E-005  -4.1031925025301509E-005
         501  -4.2859049965082198E-004   1.6356238599454255E-004
         502   1.0718500845499754E-003   7.8656637801450202E-004
         503   1.0247120491262431E-003   8.2381167263535565E-004
         504   8.8852550685313589E-004   1.0016846542119696E-003
         505   8.5861232844765788E-004   1.0568741964105933E-003
         506   9.1438189345770997E-004   9.4583488305412895E-004
         507   8.4005976033551708E-004   1.0869403175289402E-003
         508   3.3224159697290502E-004  -5.6690268342273983E-004
         509   9.3356323073132401E-004   9.0719747576579329E-004
         510   3.1717068480085239E-004  -5.0729949787423165E-004
         511   1.0244028799450318E-003   8.0072581940143946E-004
         512   1.3970518205855116E-004  -1.2665514759734880E-004
         513   3.3169613246325752E-004  -5.6715975129824261E-004
         514   6.9731612075837413E-004   1.7337816873170353E-003
         515   1.3120563422913892E-004  -1.1665656790908319E-004
         516   2.2808414562622465E-004  -2.6438353278751336E-004
         517   1.3430866186189721E-004  -1.2023264363413942E-004
         518   3.1489726023654582E-004  -5.0129972146802592E-004
         519   1.9828467349017193E-004  -2.0985180062122857E-004
         520   7.4578318772481938E-005  -5.8237450761940013E-005
         521  -3.0314585900022653E-004   1.3152647793805876E-004
         522   7.5994195876893432E-005  -5.9533970834374061E-005
         523   1.1017191679203065E-004  -9.3050232067271553E-005
         524   9.3386095731228801E-005  -7.5941663569878445E-005
         525   1.1448822374673135E-003   7.0638463150622243E-004
         526   7.8589659969153115E-004   1.2046209469302955E-003
         527   8.0579028878746055E-004   1.1327428820846485E-003
         528   9.3887832863764962E-004   8.7004944763561490E-004
         529   3.5740614713009305E-004  -7.0874705268327324E-004
         530  -2.8447974734760603E-004   1.2587581516381265E-004
         531   2.4058120915143894E-004  -2.9180527549974277E-004
         532   2.3975458919080520E-004  -2.8985175499861537E-004
         533   7.7641595980314053E-004   1.2133747193928228E-003
         534   1.0121761765747761E-003   7.8437655096421581E-004
         535   7.8691038775150651E-004   1.1606347468027141E-003
         536   1.7394574641811441E-004  -1.7347095786846608E-004
         537   1.4803013661666437E-003   5.7153760902258150E-004
         538   3.5041188602071748E-004  -6.7969355056692765E-004
         539  -1.1235057177360953E-004   6.2640023280834004E-005
         540   1.4095982954619752E-003   5.8583562297267414E-004
         541   1.2963313864864078E-004  -1.1520977454150607E-004
         542   7.6024452325307312E-004   1.2266536284318104E-003
         543   2.5722926650073211E-004  -3.3405668230882218E-004
         544   1.7363865181425220E-004  -1.7323683999797689E-004
         545   9.1934851739888758E-004   8.6242596133101078E-004
         546   7.7718107407731519E-004   1.1495338390098123E-003
         547   2.2806880404511865E-004  -2.6893601336487366E-004
         548  -4.2812378068122781E-004   1.5998886209570923E-004
         549   2.1057572113345878E-004  -2.3477284340424185E-004
         550   3.5788991411383933E-004  -7.3457722558271986E-004
         551   2.2785665019021319E-004  -2.6795342440476678E-004
         552   9.8283291937521539E-004   7.8452483839299997E-004
         553  -2.6069295425142644E-006   1.7464261759493184E-006
         554   8.4457189534577085E-004   9.6810462569892292E-004
         555  -2.8993250623960066E-004   1.2629441112853675E-004
         556   2.3724960509396268E-004  -2.8891489747193637E-004
         557  -1.0249314534412197E-004   5.7852415180036138E-005
         558   1.2199962740919168E-003   6.3341571974980361E-004
         559   1.0838230303856881E-003   6.9822330033577024E-004
         560   9.4383765872517423E-004   8.0977217635625908E-004
         561   9.8644185600723949E-004   7.6424275732466440E-004
         562   1.8405053301698464E-004  -1.9055685703203102E-004
         563  -6.2124972145653992E-005   3.7415000619492569E-005
         564  -1.8405293757192437E-004   9.1837568069165121E-005
         565   1.3961233052880968E-004  -1.2794129312963351E-004
         566   2.6087126262930982E-004  -3.4803254082629387E-004
         567  -1.4502086496201341E-004   7.6529601559109883E-005
         568   7.9547555141911428E-004   1.0499412730957686E-003
         569   9.2954811548569890E-004   8.1476400146288943E-004
         570   2.8257269085141479E-004  -4.1257200519358297E-004
         571   2.1415681688311227E-004  -2.4359162189771527E-004
         572   2.5420764769061127E-004  -3.3181798943429777E-004
         573   1.7320266569911592E-003   5.0637056426719061E-004
         574   1.1070134664523574E-003   6.6734413763412247E-004
         575   6.9486012573170114E-004   1.4139622016780564E-003
         576   8.2058328930751404E-005  -6.5521374215152353E-005
         577  -8.6699540901429540E-005   4.9997980839224743E-005
         578   2.5747156632767437E-004  -3.4239590405615308E-004
         579   1.2030445348503364E-003   6.1813374052028256E-004
         580   7.1704804814787118E-004   1.2722348587762310E-003
         581   2.3031716473997986E-004  -2.7865567900318532E-004
         582   1.6927939461440291E-004  -1.6896317750043007E-004
         583   1.0631080783774607E-003   6.8135757762129157E-004
         584   2.4470004564240515E-004  -3.1189681873803812E-004
         585  -3.2201735689645690E-004   1.3341828627060187E-004
         586   6.4544799983131946E-004   1.7627805905549676E-003
         587   1.7734276012290997E-004  -1.8177756684660502E-004
         588  -3.8291446586040788E-006   2.5575408143101603E-006
         589   8.7652569421516917E-005  -7.1033182881773157E-005
         590   2.0560327869524958E-004  -2.2980417736987027E-004
         591   1.0943098656899988E-003   6.5793943040876393E-004
         592  -2.4439788511206766E-005   1.5691545318621614E-005
         593   3.7006772950598206E-004  -8.8217809512189166E-004
         594   8.6510085549129634E-004   8.5826075344462625E-004
         595   3.6674063561834263E-004  -8.5682150698325932E-004
         596   8.5330821375444556E-004   8.7240414360356363E-004
         597  -3.3278875513651857E-004   1.3563857492085359E-004
         598   1.6135672547652958E-004  -1.5793642185392957E-004
         599   1.1711078240185065E-004  -1.0182925413913410E-004
         600   1.0272740297642728E-003   6.9119688121913644E-004
         601   6.6478174524747357E-004   1.5110324696328951E-003
         602   7.9320180921871731E-004   9.7011119178241022E-004
         603   9.9761306782637999E-004   7.0399807038136562E-004
         604  -1.5732043480549195E-004   8.0835911393293308E-005
         605   1.1199656727738894E-003   6.2956780363231817E-004
         606   1.1950543603142961E-003   5.9602705000851659E-004
         607  -4.8038133445173946E-004   1.6596978986831959E-004
         608   2.7086221394089204E-004  -3.9020626869374703E-004
         609   6.7922154900652886E-004   1.3562455950017018E-003
         610   2.1466334443202061E-004  -2.5049031408587625E-004
         611   1.2747128584950501E-003   5.6615675322320837E-004
         612   2.8533276917897172E-004  -4.3996274936291792E-004
         613   3.0898104810802326E-004  -5.3313286276427231E-004
         614   3.4350646844872310E-005  -2.4744649260115532E-005
         615   6.8788705088562187E-004   1.2867955297661100E-003
         616   2.5254969450211291E-004  -3.3944042264800746E-004
         617   3.8529428416595596E-004  -1.0908876478397586E-003
         618   1.1256198982464870E-003   6.1558715025661652E-004
         619   1.4410221013260152E-004  -1.3528400491899243E-004
         620   7.9827546491287977E-004   9.1955877742152007E-004
         621   7.2817224738795801E-004   1.0952814875647798E-003
         622   2.4185341788629525E-004  -3.1291422369255126E-004
         623   7.0883477813306675E-004   1.1589466139346302E-003
         624   6.5985951599899912E-004   1.4033746151993470E-003
         625   9.8775967483856627E-004   6.8139437375208309E-004
         626  -2.3725696794186236E-004   1.0807890229692015E-004
         627   2.1701658409010123E-004  -2.5790365191062263E-004
         628   9.0187564921319916E-004   7.5234207109436100E-004
         629  -3.7674664914000289E-004   1.4419891871140177E-004
         630   2.2080192909360879E-004  -2.6632510080517062E-004
         631   7.2511042977817014E-004   1.0737644639662418E-003
         632   6.6565793134826050E-004   1.3269935888975031E-003
         633  -3.2092996396133670E-006   2.1455300383246465E-006
         634   1.0518488088267432E-003   6.3316152557563545E-004
         635   7.4497364594953183E-004   9.9704623675906170E-004
         636   7.8264192915086393E-004   9.0556210632270634E-004
         637   1.6985570706943697E-004  -1.7433254418742038E-004
         638   7.8610360020274278E-004   8.9435934318627698E-004
         639   7.8869892129115838E-004   8.8531177450088645E-004
         640   7.3741781938005781E-004   9.9616176125061785E-004
         641  -1.4292686058864181E-004   7.4611163930894068E-005
         642   7.2944114682740304E-004   1.0133630788628622E-003
         643   8.5150587513492190E-004   7.7907968330029136E-004
         644   1.4052968093408280E-004  -1.3297977234210111E-004
         645   9.3529822484013261E-004   6.9203605250427668E-004
         646   7.2205344576845747E-004   1.0182250919310700E-003
         647   1.1513169209529926E-003   5.7054086605929689E-004
         648  -2.3555944069557087E-004   1.0707702094684118E-004
         649   2.0629643334571624E-004  -2.4162671105886838E-004
         650   2.4999816487431632E-004  -3.4673713214635805E-004
         651   6.5097857936962300E-004   1.3010058190286262E-003
         652   6.1711469798269452E-004   1.5392758381312193E-003
         653   1.5620563908240467E-004  -1.5570208024555317E-004
         654   7.6498694203885431E-004   8.9267614902600943E-004
         655   2.2765627477701824E-004  -2.9052643371373690E-004
         656   1.0310808657441862E-003   6.1532734148223153E-004
         657   6.8394624730430697E-004   1.1090788050327133E-003
         658   8.5735454230861192E-004   7.4357920358962863E-004
         659   8.4644197498951498E-004   7.5318333503056442E-004
         660   7.3224336539635829E-004   9.4326223070933114E-004
         661   9.8213589532540222E-004   6.3320429285181469E-004
         662   8.4941503381336569E-004   7.4110988005292224E-004
         663   1.0504540353765857E-003   5.9254979186305293E-004
         664   2.1190399953922306E-004  -2.5782027252188453E-004
         665   7.2027699886018526E-004   9.5424941728204876E-004
         666   7.3171943870580457E-004   9.2147467578216659E-004
         667   1.1438419540395553E-003   5.4996511403741484E-004
         668  -3.3939464606591468E-005   2.1419638056428618E-005
         669   7.3792549951198706E-004   8.9843902563446678E-004
         670   2.7302464295005812E-004  -4.3617048249470797E-004
         671   6.3209854590118633E-004   1.2778523963847960E-003
         672  -5.4598095476597414E-005   3.3119682497083574E-005
         673   7.2989531786601220E-004   9.0782384605659608E-004
         674  -4.1234099251448322E-004   1.4896860434134506E-004
         675   8.1467326894523091E-004   7.5993755038466148E-004
         676   7.0461013364514729E-004   9.6356026477474219E-004
         677   7.5962770469364200E-004   8.3707255636472915E-004
         678   3.2438462466409968E-004  -7.1115346322794273E-004
         679   8.9501752623592947E-005  -7.4884726855278233E-005
         680   3.1237905757348423E-004  -6.3137018455445746E-004
         681   5.9183140785001984E-004   1.5443198200291164E-003
         682   9.3473645041559298E-004   6.3727991080938563E-004
         683   6.0997608816571825E-004   1.3633343880410825E-003
         684  -1.4748163515845875E-005   9.6926057591280117E-006
         685   8.4298463823701290E-004   7.1027494660908094E-004
         686   1.0058328824009788E-003   5.8957435848555227E-004
         687   2.0875416590848428E-004  -2.5657574176836878E-004
         688   2.8053376768402666E-004  -4.7832424948642823E-004
         689   1.5480927244352599E-003   4.5120346094430183E-004
         690   2.4737730916322894E-004  -3.5804620941198747E-004
         691   6.1995818693270043E-004   1.2571176772081557E-003
         692   2.2909669570603792E-004  -3.0650380663583898E-004
         693   1.3252548454396811E-004  -1.2557776171707958E-004
         694   1.1315082958119795E-003   5.3223503230735865E-004
         695  -2.1289728548778508E-004   9.8690909960488056E-005
         696   3.1591137610921321E-004  -6.7233631172410946E-004
         697   1.4257360981281546E-004  -1.3926273217774305E-004
         698   1.4924073807506401E-004  -1.4883720038478304E-004
         699   8.6086191506608322E-004   6.7849600787953904E-004
         700   8.9256567488910229E-004   6.4941055871966657E-004
         701  -8.4178655520117008E-005   4.8137174739269146E-005
         702   5.4961854777389194E-005  -4.2178878731400533E-005
         703   1.6480196264639821E-004  -1.7321136778907317E-004
         704   1.3754731033191358E-004  -1.3238589967792442E-004
         705   7.8643895545600737E-004   7.5661964693565461E-004
         706   1.3811519967559110E-004  -1.3325621166555325E-004
         707   7.8777408777019745E-004   7.5189780811335918E-004
         708   7.4039669516094285E-004   8.2328422234782535E-004
         709   6.0241518687690601E-004   1.3124359553468390E-003
         710   1.8247615182225138E-004  -2.0499390681412907E-004
         711  -1.6194866319910604E-004   8.0968300564590484E-005
         712   8.2801216744638178E-004   6.9636156888559526E-004
         713   9.5877875179655120E-004   5.9369838511999409E-004
         714  -6.4338195369986737E-006   4.2926527848314935E-006
         715  -9.6800836443778520E-005   5.4055441401396035E-005
         716   1.0002763549105905E-003   5.7039159932002520E-004
         717   7.7276761344911404E-004   7.5557359319647626E-004
         718   8.7712518209175864E-004   6.4275026556052364E-004
         719   6.8832639847274000E-004   9.1016449214355668E-004
         720  -3.6674995881438128E-004   1.3742114851431419E-004
         721   1.0796077991273214E-003   5.3190868409421779E-004
         722  -7.0483009538967228E-005   4.1311482347368757E-005
         723   7.9968890513956584E-004   7.1092330641225724E-004
         724   8.8631142402336468E-004   6.2819097344066243E-004
         725   6.6536334449818484E-004   9.5816792377679942E-004
         726  -3.8930810430177050E-004   1.4169246020098744E-004
         727   3.5011643105067511E-004  -1.0538166696999211E-003
         728   6.5210655913996540E-004   9.9896498672016518E-004
         729   1.3852840955142726E-004  -1.3538005497346336E-004
         730   1.0130528676768286E-003   5.5157483305551356E-004
         731   5.9947990541926591E-004   1.2304361938274549E-003
         732   9.1152686627144733E-004   6.0205566081392517E-004
         733   7.8640990506117212E-004   7.1001303503052504E-004
         734  -2.7875088502638483E-004   1.1651755379659979E-004
         735   6.2747870474463407E-004   1.0669651180795659E-003
         736   1.1514035724182203E-003   4.9714089715655778E-004
         737   9.8767704933259309E-004   5.5399179965601045E-004
         738   2.8959254059649295E-004  -5.5896266550943194E-004
         739   1.7847190495495167E-004  -2.0145346724066921E-004
         740   1.3297071418137294E-004  -1.2827776997254071E-004
         741   8.8990190706878823E-005  -7.5276557605304543E-005
         742   8.2507318040992718E-004   6.5929160452712335E-004
         743   9.3081728668907462E-004   5.7976116577912874E-004
         744   7.4411696326793424E-004   7.5079970008710018E-004
         745   1.1703205700721627E-003   4.8565875551542998E-004
         746   1.9507543293561681E-004  -2.3571140234592079E-004
         747   1.6799693766381056E-004  -1.8300299281439442E-004
         748   7.2153487167941649E-004   7.8081870742147976E-004
         749   3.0833237659142394E-005  -2.2436069404980146E-005
         750   6.6702398883108417E-004   8.9432035232051195E-004
         751  -2.6768782585956947E-005   1.7095462315183001E-005
         752  -5.6709728393278787E-005   3.4045772421176232E-005
         753   5.4113045623518372E-005  -4.1758371714167553E-005
         754   6.6591089345324219E-004   8.9350966960926746E-004
         755   2.9087133064429943E-004  -5.7676439737015426E-004
         756   6.4770777942876781E-004   9.4223059059483764E-004
         757   1.9521763695505462E-004  -2.3714686451726554E-004
         758   6.4312483391236778E-004   9.5231990722416361E-004
         759   1.1103902723440662E-005  -7.7169645124865840E-006
         760   6.4558565339119939E-004   9.4009789080842581E-004
         761   6.7500195824663541E-004   8.5603780694633574E-004
         762   2.7062727217759308E-004  -4.7795547040893719E-004
         763  -2.1461569321377396E-004   9.7697288868332137E-005
         764   2.3829772245732999E-004  -3.5288292043977963E-004
         765   1.1997087375759848E-004  -1.1179250030767143E-004
         766   2.4323679200713774E-004  -3.6898715269430087E-004
         767   1.0174503766910126E-003   5.2385686609025296E-004
         768   1.2729704499150974E-004  -1.2138029355943678E-004
         769   1.5846853614568540E-004  -1.6787231138236120E-004
         770  -4.7383936979528715E-004   1.5417222496660798E-004
         771  -3.5772167308757594E-004   1.3342740230280723E-004
         772   7.9661690575930923E-004   6.6245656853277767E-004
         773   5.9572144505929639E-004   1.1247589692171180E-003
         774   6.1168076309485800E-004   1.0428216971871448E-003
         775   6.8725392728402742E-004   8.1358427903158322E-004
         776   8.1570905613972500E-004   6.3627879343951623E-004
         777   6.7074983919809480E-004   8.4341196627901293E-004
         778   5.7242442221423100E-004   1.2302550549491062E-003
         779   8.6972491428234720E-004   5.8894746125766806E-004
         780   1.2177027649394078E-003   4.5730649173234678E-004
         781   1.1532331378179528E-003   4.7054758599746304E-004
         782   1.9968723979154869E-004  -2.5178829514421313E-004
         783  -2.8696125975414459E-004   1.1699469330541193E-004
         784   3.1437429175751135E-004  -7.8131445915133899E-004
         785   1.0458219268848867E-004  -9.3500391420601683E-005
         786   1.2183669146099515E-004  -1.1495845971317486E-004
         787   7.4132824092969837E-004   7.0414042663205685E-004
         788   1.5553638956134595E-004  -1.6473335530024650E-004
         789   7.5684485714676774E-004   6.8223704113588033E-004
         790   6.6257893617132323E-004   8.3824603647900554E-004
         791   6.8585930005602986E-004   7.8546125259754400E-004
         792   1.1230023295783329E-004  -1.0306187240340236E-004
         793   6.7573118591922267E-004   8.0279564378797966E-004
         794   6.4841551953287945E-004   8.6334121491283373E-004
         795   7.4818986334204154E-004   6.8211000171274972E-004
         796   2.2965238739435014E-004  -3.3594268144453301E-004
         797   8.0839464541943940E-004   6.1825233112069360E-004
         798   5.4090728343419482E-004   1.3883302294214598E-003
         799   1.0627479415138928E-003   4.8465866805876104E-004
         800   7.2360908007568399E-004   7.0469488494942641E-004
         801  -5.1151418371712944E-005   3.1002626179426445E-005
         802   7.1684402615107502E-004   7.1215019701248970E-004
         803   5.7233999881036335E-004   1.1235911827444452E-003
         804   2.7895608865645356E-004  -5.5270083890420103E-004
         805   8.2729083895509856E-005  -6.9769309724271623E-005
         806   2.3184914536034766E-004  -3.4670939976814985E-004
         807   9.2369964544413845E-005  -8.0116676288409243E-005
         808  -3.4592786674555294E-005   2.1707862112700134E-005
         809   7.0303875605613395E-004   7.2813619857444714E-004
         810   2.3349412926983729E-004  -3.5260358635653863E-004
         811   1.0603356993342554E-003   4.7977481307062383E-004
         812   7.4439950287814827E-004   6.6679851734674804E-004
         813   7.4062001215779224E-004   6.6931556853979562E-004
         814   5.3837594430982273E-004   1.3314920467184094E-003
         815  -8.9260853132957911E-005   5.0027080072129259E-005
         816   1.2328737486921613E-004  -1.1832160665846818E-004
         817   2.0462815218003726E-004  -2.6992558439202323E-004
         818   6.3156914771748973E-004   8.6176851256592238E-004
         819   2.0545946997703435E-004  -2.7241656572034203E-004
         820  -3.4500822249356443E-004   1.2874402673256974E-004
         821   7.5022847939872528E-004   6.5236366428043653E-004
         822   7.1947210283766208E-004   6.8802948305259613E-004
         823   1.2707764627939673E-005  -8.9004642408963756E-006
         824   1.9537719831804937E-004  -2.4804636640220472E-004
         825   2.6323094804777791E-004  -4.7850239568243826E-004
         826   7.7539903772742423E-004   6.2276219824689688E-004
         827   1.2164532456168400E-004  -1.1625275862830582E-004
         828   7.7094148167428469E-004   6.2520619433457524E-004
         829   3.0723742646017395E-004  -7.8077147919940984E-004
         830  -2.8517978151617143E-004   1.1510990600744338E-004
         831  -5.8784189390737324E-005   3.4971006725279263E-005
         832   5.5153960777086584E-004   1.1880293323219720E-003
         833   1.8389812502332272E-004  -2.2255871418381517E-004
         834  -9.0514540599433946E-005   5.0504427168946641E-005
         835   5.4275819122625592E-004   1.2443385373324361E-003
         836   2.6500211345129910E-004  -4.9149908364548415E-004
         837   7.0472404065868095E-006  -4.8652229219124248E-006
         838   1.3969854558601333E-004  -1.4238258419098539E-004
         839   2.3262395325432709E-004  -3.5575488821448494E-004
         840   1.0126638561387257E-003   4.8333301531016732E-004
         841   7.3998097127595409E-004   6.5035807499219222E-004
         842   1.3333428437798425E-004  -1.3293264100983359E-004
         843   2.7814315941623210E-005  -2.0210925143839071E-005
         844   6.9361852439979194E-004   7.0967018210000611E-004
         845   6.7713416129157658E-004   7.3436919051700529E-004
         846   1.9282948771713254E-004  -2.4383841663856901E-004
         847   2.3722255217894071E-004  -3.7430461381965336E-004
         848   1.4632803885814610E-004  -1.5300758047052338E-004
         849   1.0730568197153043E-003   4.6074752517670167E-004
         850   2.1815604194402481E-004  -3.1122635041631544E-004
         851   1.1907533314633372E-003   4.3249246907725250E-004
         852   9.4016553012965000E-004   5.0312391311264481E-004
         853   6.6134246085975356E-004   7.5172844883637552E-004
         854   2.5659906748239672E-004  -4.5732369125778396E-004
         855   7.5764855057336433E-005  -6.2782918479806069E-005
         856   5.4620862131402157E-004   1.1576362338792962E-003
         857   6.1331634917725431E-004   8.5857381889436503E-004
         858   7.1391057931940657E-004   6.6301718883971970E-004
         859   2.4103882047643750E-004  -3.9332911431347089E-004
         860   6.5398400766794671E-004   7.5576764566190357E-004
         861   5.8929268099541018E-004   9.2614642457572178E-004
         862   7.1895747804468543E-004   6.5110863899755069E-004
         863   5.9258489291117030E-004   9.0694691828165021E-004
         864  -1.3596879061316452E-005   8.9251889681505960E-006
         865   2.4931475709700227E-004  -4.3124109729768847E-004
         866   8.4911036675301818E-004   5.3791521171960195E-004
         867   6.2740109999523332E-004   8.0022498996713137E-004
         868   8.0905517418797745E-004   5.6123145764191203E-004
         869   5.6185556533259627E-004   1.0160049336945659E-003
         870  -3.3168993784536780E-004   1.2411882916375276E-004
         871   1.0983399450616789E-004  -1.0197396093456459E-004
         872   4.9953423489058739E-004   1.5128891930923471E-003
         873  -2.5698911393174763E-005   1.6416077360298062E-005
         874   6.4491206499477679E-004   7.5097719873206510E-004
         875   6.6248025340078529E-004   7.1611882423540287E-004
         876   6.9078174297312683E-004   6.7037756032471024E-004
         877   1.2204036348928734E-003   4.1314048902364720E-004
         878   9.3448496524806775E-004   4.8603962091485888E-004
         879   1.1206904363299536E-003   4.3027996172750752E-004
         880   5.6050316616840863E-004   9.8391706493468128E-004
         881   5.9470263654659388E-004   8.5320972159307995E-004
         882   2.8409783131000862E-005  -2.0770933124839563E-005
         883   6.5535959729378767E-004   7.1148027207283845E-004
         884   6.4037500034523197E-004   7.3680349729455716E-004
         885  -1.2946382284030492E-004   6.6578628440813438E-005
         886   1.8226512999172607E-004  -2.2668649138480850E-004
         887   2.4474719424435787E-004  -4.2513222576920638E-004
         888   1.7980034569616994E-004  -2.2094108640423755E-004
         889   8.1539218516230093E-004   5.3914160948595610E-004
         890   7.1132711564731604E-004   6.2691834632539400E-004
         891   6.3765459368306211E-004   7.3516844261642617E-004
         892   8.8882037818235513E-004   4.9587414608880988E-004
         893  -3.1710887168098914E-004   1.2021401155636933E-004
         894   2.7092643830116278E-004  -5.6967342073963327E-004
         895   9.0631109432938927E-005  -7.9568308852078293E-005
         896   9.4734508353864827E-004   4.7106932693748372E-004
         897   5.9803985527133289E-004   8.1982273294002887E-004
         898   6.5231938110094372E-004   6.9982912050828056E-004
         899   1.7214061599285873E-004  -2.0572309692593532E-004
         900   6.1054046000937219E-004   7.8195455156684674E-004
         901   6.8257885592036224E-004   6.5039982265603625E-004
         902   6.9869445884752554E-004   6.2837403141602192E-004
         903   5.3481888074979097E-004   1.0523209289802864E-003
         904   6.1206822654682883E-004   7.6796410078156928E-004
         905   3.0440113430596602E-004  -8.9158870039862811E-004
         906   1.8403984297280296E-004  -2.3331352236741153E-004
         907   7.8438278342287543E-004   5.4532735753178756E-004
         908   6.1015141697605218E-004   7.6790269972649484E-004
         909   2.2623771463829037E-004  -3.5893087250108043E-004
         910   1.0447170817268844E-004  -9.6418788767007354E-005
         911   2.7016741083862715E-004  -5.7808704805856236E-004
         912   6.7973597917141040E-004   6.4376082378852779E-004
         913   9.4399718189978509E-006  -6.5659577673800435E-006
         914  -1.0135768717341215E-004   5.4776663882426069E-005
         915   6.9674787559331481E-004   6.2105767089780557E-004
         916   7.0239117336528926E-004   6.1301568046459815E-004
         917   5.8456229061607055E-004   8.2448828483775891E-004
         918   5.5292578513248790E-004   9.3190131438397757E-004
         919  -1.7320387810247369E-005   1.1275358757615058E-005
         920   5.5473908556574216E-004   9.2061839959631990E-004
         921   6.0023142504749677E-004   7.7421705459183963E-004
         922   1.8244875972211363E-004  -2.3182664987498732E-004
         923   2.3480254847872562E-004  -3.9721576693565113E-004
         924   7.3739119902574944E-004   5.7083750544739491E-004
         925   6.8674274292778906E-005  -5.6584399863394883E-005
         926  -1.0709330896363686E-004   5.7172792377131473E-005
         927   1.3207538506933400E-004  -1.3534743394667015E-004
         928   4.8913818588014349E-004   1.3453681745184214E-003
         929   2.7077825107092946E-005  -1.9783312676712599E-005
         930   1.1109111744912945E-003   4.1127662798832093E-004
         931   1.4436058495664257E-004  -1.5558142443863738E-004
         932   5.8585118828968286E-004   7.9965622678159344E-004
         933  -1.5715681402841416E-004   7.6202850362979942E-005
         934   5.7400069254691399E-004   8.3158688802497543E-004
         935   2.8182651125397182E-004  -6.9051572290758606E-004
         936   7.4916111614382257E-004   5.5394420447001862E-004
         937   1.1877035434468851E-004  -1.1612473336744453E-004
         938   7.4022288636947816E-004   5.5992672487240112E-004
         939  -2.9316066460440752E-004   1.1369824253306478E-004
         940   2.0150181570298154E-004  -2.8387587218899806E-004
         941   3.0401413534289273E-005  -2.2414583523086166E-005
         942   7.7494640562750499E-004   5.3233592584005891E-004
         943   1.1083107819385085E-004  -1.0534164045745040E-004
         944   6.5879817670785466E-004   6.4589264486794432E-004
         945  -2.9962633988958002E-004   1.1500342614568765E-004
         946  -9.3668932952341004E-005   5.1317972776493211E-005
         947  -2.4070209940515799E-004   1.0107555885422947E-004
         948   1.2358902423192217E-004  -1.2322456476425369E-004
         949   6.4412592076641326E-004   6.6676577452957312E-004
         950   2.2337950665331899E-004  -3.5766414233675653E-004
         951  -6.0884572478017867E-005   3.5782074233001057E-005
         952   1.0178493167411797E-004  -9.3778264061022311E-005
         953   7.8215549450209355E-004   5.2441187683872686E-004
         954   5.9326263072869746E-004   7.6201415219116168E-004
         955   4.6747646021491986E-004   1.5398911394325849E-003
         956   2.0330186659073789E-004  -2.9164690229859202E-004
         957   1.9774986963234749E-004  -2.7523945050748167E-004
         958   1.8404294487500515E-004  -2.3875951493860283E-004
         959   5.0252568870176790E-004   1.1433900969981833E-003
         960   2.3292270789645713E-004  -3.9906402496737883E-004
         961  -2.2481926011355774E-004   9.6660264983445979E-005
         962   1.0218679504671866E-003   4.2273834574861201E-004
         963   2.4846454507166690E-005  -1.8060312975604827E-005
         964   9.0308241103666427E-004   4.5841665795795527E-004
         965  -2.1923223424969847E-004   9.5034985936448272E-005
         966  -1.7588233877119508E-004   8.2147197031981454E-005
         967   6.0703909050320343E-004   7.1900779970179819E-004
         968   7.5573237506116611E-004   5.3440872156464278E-004
         969  -2.8758369245243751E-004   1.1196883732508332E-004
         970   5.1422684222312946E-004   1.0403209069886651E-003
         971   6.2203548652383105E-004   6.8449915615236240E-004
         972   1.1179865526761816E-004  -1.0741934805397607E-004
         973  -1.0911869328344185E-004   5.7852050342410051E-005
         974   5.5440470954353492E-004   8.4975609412720919E-004
         975   6.5741640011492250E-004   6.2659526579656203E-004
         976   2.5200835783156740E-004  -5.0202027665917630E-004
         977   6.1413454322056013E-004   6.9333070906478121E-004
         978  -1.8046223959067420E-005   1.1737329584945688E-005
         979   1.4065672264152812E-004  -1.5148186020901960E-004
         980   1.5630600689208466E-004  -1.7994003249780112E-004
         981   9.2866677327459852E-004   4.4313806440512119E-004
         982   6.0941105480979492E-005  -4.9353682007634585E-005
         983  -7.5661290158848465E-005   4.2992252548281452E-005
         984   2.4110512486424229E-004  -4.4451487707486837E-004
         985   2.2700755037359830E-004  -3.8024334770945140E-004
         986  -1.2034466436216761E-004   6.2261788821234629E-005
         987   1.5323879452499450E-004  -1.7395148341208951E-004
         988   6.4145196296280544E-004   6.4400607524744459E-004
         989   1.8039487860389321E-004  -2.3251576800345047E-004
         990   7.8794168852949721E-004   5.0426696006329282E-004
         991   2.0023955563606201E-004  -2.8651874658499693E-004
         992   1.5767162673414371E-004  -1.8265551931850301E-004
         993   2.5212656311151884E-005  -1.8349249535150498E-005
         994   4.8055412477785293E-004   1.2602634570513950E-003
         995   1.1649575348084464E-004  -1.1411852550141711E-004
         996   3.7447236932288793E-005  -2.8240625290814976E-005
         997   2.0949547316656176E-004  -3.1639874257048954E-004
         998   1.3661759522215410E-004  -1.4476499651648248E-004
         999   5.8197073764305939E-004   7.5059019282394820E-004
        1000   2.6933358950865762E-004  -6.2595445801705589E-004
        1001   6.9244228266205547E-004   5.7496617464032292E-004
        1002   1.5820701143470496E-004  -1.8404235383752800E-004
        1003   2.6562134832905176E-004  -5.9795410549520365E-004
        1004  -1.0474146186623268E-004   5.5769757365965686E-005
        1005   6.4908308359988912E-004   6.2467761871309987E-004
        1006   6.5235871494836995E-004   6.1876528165531774E-004
        1007   7.4167117994645526E-004   5.2859951274988057E-004
        1008   5.2057642581980898E-005  -4.0984026557134068E-005
        1009   7.9557422082833517E-004   4.9249925410581698E-004
        1010  -3.5491963304119587E-005   2.2041323826322573E-005
        1011   1.0067791263144946E-003   4.1274955918023116E-004
        1012   2.0556536682002238E-004  -3.0551623806545454E-004
        1013   7.0129868437696736E-004   5.5841336550433536E-004
        1014   9.0203924293665629E-005  -8.0424159328265995E-005
        1015  -1.1439560977841298E-004   5.9620803012075591E-005
        1016  -2.0923492982012905E-004   9.1452399435722228E-005
        1017   5.7528942837947229E-004   7.4962979280232024E-004
        1018   1.3563601236780081E-004  -1.4372196366582672E-004
        1019   1.7457838009799973E-004  -2.2039656814175552E-004
        1020   1.7701797023755988E-004  -2.2612850044919256E-004
        1021   2.0849805321815424E-004  -3.1576492906182005E-004
        1022   6.0760865910137920E-004   6.7814135423834021E-004
        1023   2.2536263325864097E-004  -3.7954470615747537E-004
        1024  -9.5422115985415590E-005   5.1674486697782228E-005
        1025   7.3516127441549404E-004   5.2656317596690280E-004
        1026   8.9198497867398177E-004   4.4334306811237003E-004
        1027  -7.0894416814865977E-005   4.0477940192525199E-005
        1028   4.2029655483691624E-005  -3.2095328066996038E-005
        1029   8.4542648224060588E-004   4.6104654899851923E-004
        1030   7.8799913880175845E-004   4.8870278975304045E-004
        1031   6.6800187769219055E-006  -4.6133097630282633E-006
        1032  -6.1450730984187720E-005   3.5828167099816965E-005
        1033   1.1012509534812159E-004  -1.0565370713010690E-004
        1034   7.4229226551236673E-004   5.1672877747313615E-004
        1035   6.6864579302391427E-004   5.8122617068872195E-004
        1036   7.3084356958512127E-004   5.2301549479664272E-004
        1037   6.5734561142911311E-004   5.9156157698376382E-004
        1038   5.0531852019262025E-004   9.8070453579584432E-004
        1039   6.9263165177265286E-004   5.5170217840712138E-004
        1040   1.9628919028828875E-004  -2.8074000955949244E-004
        1041   6.1195629726298417E-004   6.5097641561945958E-004
        1042   2.7067095138404265E-004  -6.6849115227304303E-004
        1043   3.2933566242022934E-005  -2.4499623878423281E-005
        1044   1.0011897791908585E-003   4.0384755195174579E-004
        1045   5.6936159948619907E-004   7.3312909334863937E-004
        1046  -1.3889923657632591E-004   6.8628738721007916E-005
        1047   4.9086413709600657E-004   1.0487426631525432E-003
        1048   2.8355592332092005E-004  -8.0880015538266066E-004
        1049   8.0568717046197854E-004   4.6935343835605490E-004
        1050   2.5426227819133713E-005  -1.8509914254684002E-005
        1051   5.6391565165418993E-004   7.4063375743885652E-004
        1052   6.1133658673339774E-004   6.4231853058957283E-004
        1053   5.2321250644854923E-004   8.6611580381671142E-004
        1054   1.0278767385646411E-003   3.9349669447796804E-004
        1055   1.5162510306543874E-004  -1.7423641706938326E-004
        1056   5.5729817559434095E-004   7.4859319409608348E-004
        1057   8.5961033978908762E-004   4.4059478243098902E-004
        1058   1.5198467348957891E-004  -1.7518420554757624E-004
        1059   5.6876771891621017E-005  -4.5605535005296868E-005
        1060   5.6163500706864536E-004   7.3278462245064387E-004
        1061  -3.4238549495617187E-004   1.2052564223044184E-004
        1062  -3.9736771771080542E-004   1.2988848113254414E-004
        1063   5.5175418880470354E-004   7.5791702098055972E-004
        1064   6.3151960344133893E-005  -5.1742119090535089E-005
        1065   6.4182722596892216E-004   5.8893067315015756E-004
        1066   4.8724584260688734E-004   1.0268324509525987E-003
        1067  -1.3955304993851095E-004   6.8745888888781543E-005
        1068   7.3403127582528379E-005  -6.2300010021606588E-005
        1069   2.6312582682435807E-004  -6.2703555069633507E-004
        1070   7.5433792841833331E-005  -6.4422742749247565E-005
        1071   6.4022015787599162E-004   5.8834225862850170E-004
        1072   7.4249738631829035E-004   4.9497870239840927E-004
        1073   4.7523553846477392E-004   1.1002682869486571E-003
        1074  -2.0186257197012992E-004   8.8480821273128612E-005
        1075   1.7552079727400842E-004  -2.2859169160066562E-004
        1076   5.5824327408475916E-004   7.2800860255708099E-004
        1077   2.3520617529220711E-004  -4.4580908129476256E-004
        1078   1.0210255895360405E-003   3.8871807631151714E-004
        1079   5.6476653293086195E-004   7.0800440454452443E-004
        1080  -8.7283313954858839E-005   4.7870338677560274E-005
        1081   7.9441745685248039E-004   4.6093478048425451E-004
        1082   7.2184451220395505E-004   5.0319772784649817E-004
        1083   4.6239406088714513E-004   1.1808532951058566E-003
        1084   2.0476564557868430E-004  -3.1729354522579210E-004
        1085   5.2802653387355205E-004   8.0181306642442853E-004
        1086   1.1378084931550710E-004  -1.1244065054267379E-004
        1087   1.0667882975158591E-005  -7.4682941995670580E-006
        1088   4.9032390250030266E-004   9.6434804721714411E-004
        1089   1.7427987386355821E-004  -2.2733709740114423E-004
        1090   6.0879872843188829E-004   6.1531225882731084E-004
        1091   5.3802008668972978E-004   7.6276340626111336E-004
        1092   4.9184238819747778E-004   9.4496784533154403E-004
        1093   4.4564040151975963E-004   1.3287331545358914E-003
        1094   6.2563994299283301E-004   5.8606151393309760E-004
        1095   2.4694303078938391E-004  -5.2895874527413781E-004
        1096   5.2678919874520459E-004   7.8801297002598092E-004
        1097   1.7070618723309124E-004  -2.2004210347433689E-004
        1098   5.4761078401200215E-004   7.2514288088813958E-004
        1099   5.5652880208568069E-005  -4.4777251924880610E-005
        1100   8.7298785488053971E-004   4.1965587764678734E-004
        1101   9.4545462605052542E-004   3.9741345943590111E-004
        1102   5.0581724770261557E-004   8.5479963246842263E-004
        1103   1.0446962626648556E-004  -1.0015533873779462E-004
        1104   5.5141967483709865E-005  -4.4312338874411827E-005
        1105   6.3327670133912068E-004   5.6858115920389754E-004
        1106   2.1969523772064688E-004  -3.8385330868082247E-004
        1107   2.0200752136581416E-004  -3.1323852832141881E-004
        1108   5.8808088025863545E-004   6.3125884765001853E-004
        1109  -1.8475934804312703E-004   8.3031580446649267E-005
        1110   8.6082383361075099E-004   4.2031527573796636E-004
        1111   6.7697488576435336E-004   5.2090701322083863E-004
        1112   6.2075129718672283E-004   5.7910282204343914E-004
        1113  -1.8264827677026127E-004   8.2339095943564927E-005
        1114   6.4580875660765608E-004   5.4890767124301024E-004
        1115   5.6530286660564451E-004   6.6602453384401899E-004
        1116   1.4314285664158351E-004  -1.6234939446091933E-004
        1117   1.0449970889055545E-004  -1.0043462896626807E-004
        1118   5.5833646861535690E-004   6.7888809864392375E-004
        1119   7.2469630834605858E-004   4.8059081251165115E-004
        1120   7.0550278129918377E-004   4.9274313650488413E-004
        1121   6.2355928111672222E-004   5.6832255912157804E-004
        1122   5.0587598383289236E-004   8.2297166500870970E-004
        1123   5.9573075196989297E-004   6.0352733898071174E-004
        1124   5.8560861899215684E-004   6.1806839077185817E-004
        1125   1.1425693291398281E-004  -1.1465366464064625E-004
        1126   1.8661770080245354E-004  -2.6741226180035930E-004
        1127   6.1368889056437911E-004   5.7583566163764617E-004
        1128   2.4235065998620450E-004  -5.1900511870994715E-004
        1129   5.6624309330817902E-004   6.4960512032899269E-004
        1130   2.8046601137982671E-004  -9.0862583018553808E-004
        1131   1.1776726618651972E-004  -1.1982953015742955E-004
        1132   5.3506431093743772E-004   7.1900017695464909E-004
        1133   2.0060356097128100E-004  -3.1387242453781862E-004
        1134   5.3330575418738689E-004   7.2178725421226885E-004
        1135   6.9443052951645445E-004   4.9291408354939982E-004
        1136   1.0025568259497422E-004  -9.5113817069307201E-005
        1137   6.0893651991685981E-004   5.7621829454856401E-004
        1138   4.3026633319027651E-005  -3.3318679169182450E-005
        1139   7.1801604231835122E-004   4.7485286346541180E-004
        1140   6.7574546398443256E-005  -5.6822792349446531E-005
        1141  -1.6870591798438488E-004   7.7686279507439818E-005
        1142   7.0700711769086221E-004   4.8135411945607022E-004
        1143   2.2399392581730676E-004  -4.1624833867774175E-004
        1144   9.2828571393410858E-005  -8.5611538634848439E-005
        1145   2.0339193924061240E-004  -3.2580795421985993E-004
        1146   6.9280033557081477E-004   4.9043791897320963E-004
        1147   1.8574766298302210E-004  -2.6638603133342795E-004
        1148   4.3082129904594526E-005  -3.3345298365659355E-005
        1149   6.9721730893182194E-004   4.8626786960895079E-004
        1150   5.5743899074762750E-005  -4.4988535245237682E-005
        1151   6.5062213843506442E-004   5.2378508975609527E-004
        1152   4.2521909990850273E-005  -3.2859371101697865E-005
        1153   6.3522572404194175E-004   5.3818864768581990E-004
        1154   1.6681887018102910E-004  -2.1538368634808379E-004
        1155   5.5570866729084338E-004   6.5345403800736097E-004
        1156   5.6132302889288685E-004   6.4085565444520567E-004
        1157   6.6068026388952815E-004   5.1067582885442968E-004
        1158   5.1847735770787053E-004   7.4016287515882371E-004
        1159   9.3285952032645114E-005  -8.6385409686575728E-005
        1160   9.3073730938972950E-004   3.8290385164032605E-004
        1161  -3.1782293732014288E-004   1.1329909088074070E-004
        1162   2.0512693689041993E-004  -3.3606596757509451E-004
        1163   2.0429249529883839E-004  -3.3263571745936841E-004
        1164   4.3586828062287992E-004   1.2192666272155251E-003
        1165   1.6186095262866890E-004  -2.0457748147358651E-004
        1166   4.1833949774124183E-004   1.4628464861111321E-003
        1167   5.1600016898856887E-004   7.3835932612450225E-004
        1168  -1.4537377022254180E-004   6.9845652847252840E-005
        1169   1.1111953963256893E-004  -1.1086238216478311E-004
        1170   2.0259694961797574E-004  -3.2801063665018450E-004
        1171   7.9341949799185575E-005  -6.9813683077624578E-005
        1172   6.2629986582341272E-004   5.3771405195513248E-004
        1173   6.7663476971007797E-004   4.9069605155684093E-004
        1174   1.7348273029356865E-004  -2.3471303046261087E-004
        1175   6.2364984564197180E-004   5.3846532927268823E-004
        1176   6.0947838044398588E-004   5.5375387169049218E-004
        1177   4.6916896404455448E-005  -3.6876185744542330E-005
        1178   5.4292025094903414E-004   6.6062229139084020E-004
        1179   6.5660556150668944E-004   5.0349160721083533E-004
        1180   6.2198943381832380E-004   5.3615740962570531E-004
        1181  -8.3389990505948120E-005   4.5745643476433660E-005
        1182   5.1253025668879031E-004   7.3328001895844657E-004
        1183   7.5795825995067262E-004   4.3557596285931794E-004
        1184   2.5355306471982840E-004  -6.4205321817933383E-004
        1185   3.3602756109521485E-005  -2.5304892519735398E-005
        1186   5.2576814535652448E-004   6.9306580420300473E-004
        1187  -1.9310464304875236E-004   8.4348518498932563E-005
        1188   4.8897969427417771E-004   8.0931477945494937E-004
        1189   2.1456144023268580E-004  -3.8400602768077965E-004
        1190   5.9591321219898559E-004   5.6222488529664920E-004
        1191   6.3125305531731141E-004   5.2077077377449027E-004
        1192   7.9325111082438485E-005  -7.0048264812593245E-005
        1193  -8.2104547072687402E-005   4.5137635778667897E-005
        1194   1.0166059946033659E-004  -9.7987264390740484E-005
        1195   1.0095997301518170E-004  -9.7023068377186450E-005
        1196   1.4725086815529337E-004  -1.7450569744753024E-004
        1197   1.2273980639118038E-004  -1.2943995101602238E-004
        1198   9.0809731993769164E-004   3.7955601915940727E-004
        1199   4.8742419251514426E-004   8.0560956685262115E-004
        1200   1.4843478342684794E-004  -1.7718695414006372E-004
        1201   5.9200331564376342E-004   5.6239507664813341E-004
        1202  -5.7589489748751645E-005   3.3559640706472897E-005
        1203   9.9525652582128669E-005  -9.5163175562109037E-005
        1204   5.9703433868126004E-005  -4.9105837972272638E-005
        1205   5.8642601661023969E-004   5.6879312384162278E-004
        1206   1.7815395838860371E-004  -2.5096760682193081E-004
        1207  -1.6733632123458700E-004   7.6576543449135174E-005
        1208   8.0392138282158951E-004   4.0989086781584896E-004
        1209   1.3808696672031878E-004  -1.5680320926075378E-004
        1210   6.5537732238979114E-004   4.9279238146351391E-004
        1211  -2.5588440125528226E-004   9.9747085572892324E-005
        1212   1.7898657194764250E-004  -2.5377666010092785E-004
        1213   4.3933743955281031E-004   1.0770058151022479E-003
        1214   6.8564179734761650E-005  -5.8260982975459846E-005
        1215   5.6074657660029408E-004   6.0327229001031933E-004
        1216  -3.0071301249631895E-004   1.0903008039893022E-004
        1217   6.5813442769628255E-005  -5.5394140889705012E-005
        1218   5.3710812806583930E-004   6.4726648517051430E-004
        1219   1.1716141135045500E-004  -1.2107234764926270E-004
        1220   1.5748570858945622E-004  -1.9808978642321738E-004
        1221   1.7743900285190143E-004  -2.5002645922216136E-004
        1222   1.7604001172591392E-005  -1.2618974350189863E-005
        1223   6.1193312235117460E-004   5.3089971875703722E-004
        1224   7.7663179970679179E-005  -6.8290390885769118E-005
        1225   2.9958652131361607E-005  -2.2323887559851952E-005
        1226   8.7989824754487658E-004   3.8180517763181673E-004
        1227   5.3362437924347388E-004   6.4988239940994843E-004
        1228   5.5135443539088577E-004   6.1318358958479993E-004
        1229   6.9869620364034781E-004   4.5524259013092781E-004
        1230  -2.6031885713088198E-005   1.6451231324738562E-005
        1231   6.3277747037661437E-005  -5.2823963255851526E-005
        1232   4.8704643196267715E-004   7.7769887051797027E-004
        1233   4.7448847876502997E-004   8.2669238557362735E-004
        1234   8.9251249782730253E-004   3.7537993007421709E-004
        1235   6.6930639060914729E-004   4.7189457508155062E-004
        1236   4.8679633078900470E-004   7.6958701940737975E-004
        1237   3.4553995002372500E-005  -2.6177491495244369E-005
        1238   2.2625457517314037E-005  -1.6495936225445711E-005
        1239   6.9174560186865969E-005  -5.9101514862039554E-005
        1240   4.1831471025053821E-004   1.2359924621503536E-003
        1241   8.3901692579862455E-004   3.8845237905762298E-004
        1242   2.2962767873134900E-004  -4.8370606290266564E-004
        1243   1.5069333119354826E-004  -1.8447265232005578E-004
        1244   6.7045389966908259E-005  -5.6852640989496565E-005
        1245   7.8882170037471654E-004   4.0526165837696560E-004
        1246   6.7222000582307505E-004   4.6549609992779074E-004
        1247  -3.0170100131627505E-005   1.8847972137535989E-005
        1248   1.1730587875800735E-004  -1.2208023057705574E-004
        1249   2.4590544447688860E-004  -6.1008976318160859E-004
        1250   1.4090597073599219E-004  -1.6399590511454278E-004
        1251   7.4491026524260782E-004   4.2275374641291704E-004
        1252   3.8667659134072905E-005  -2.9675903668722733E-005
        1253  -7.7964244825727367E-006   5.1807456572285889E-006
        1254   5.3149802887983194E-004   6.3437285552237139E-004
        1255   4.1763112816871236E-004   1.2116752267981405E-003
        1256   5.8363694853048875E-004   5.4609390025334907E-004
        1257  -4.5728349772788390E-005   2.7400988603001113E-005
        1258   2.0601584078717313E-004  -3.5952449094938299E-004
        1259   9.8765626263696820E-005  -9.4946621185084635E-005
        1260  -1.8130424618666587E-005   1.1702487981482136E-005
        1261  -8.1327803768010525E-005   4.4577671371926752E-005
        1262   7.9312526526998880E-004   4.0004176671395390E-004
        1263   4.4332705191868504E-004   9.6071972295713075E-004
        1264   9.0166310045925813E-005  -8.3749311689819937E-005
        1265   2.0897976257490145E-004  -3.7410524580515592E-004
        1266   1.2496639441484156E-004  -1.3505111698433822E-004
        1267   7.2879287079817402E-005  -6.3227188947565842E-005
        1268   5.5927316953965250E-004   5.7714750352526052E-004
        1269   1.1876336275083459E-004  -1.2474607546836375E-004
        1270   2.3559809890899477E-004  -5.3291898710180921E-004
        1271   5.1681872436239343E-005  -4.1491563403143169E-005
        1272  -7.0930305032279749E-005   3.9824375991029852E-005
        1273   3.5254006814788322E-005  -2.6761790447810837E-005
        1274   7.0905275868132030E-004   4.3637695839489533E-004
        1275   5.0995978482572149E-004   6.7336338941562167E-004
        1276  -2.3298366624169723E-004   9.3570098243692506E-005
        1277  -1.4876514508122013E-004   7.0130714689173884E-005
        1278   1.4913950563380662E-004  -1.8215974629547826E-004
        1279   2.3317608586934994E-004  -5.1647295311592551E-004
        1280   4.6852416972816983E-004   8.1164829871189885E-004
        1281   8.6260243630094415E-005  -7.8873309685484357E-005
        1282   7.1677840437191231E-004   4.3040042862811418E-004
        1283   1.8639509992056837E-005  -1.3413271162984004E-005
        1284   5.5610834284662775E-004   5.7668356091895693E-004
        1285   5.0061406668798936E-004   6.9245005871004469E-004
        1286   4.6292858999763840E-004   8.2752216960639460E-004
        1287   4.5431577576591120E-004   8.6811163959306316E-004
        1288   4.7347949119084674E-004   7.7719521621535319E-004
        1289   7.0698990478943106E-005  -6.1009040431188669E-005
        1290   4.2869321505089729E-004   1.0350645507638571E-003
        1291   3.7084064014202745E-005  -2.8398180556000660E-005
        1292   6.6045777581767403E-004   4.6022613171622066E-004
        1293   4.5811271511314702E-004   8.3757496923059672E-004
        1294   7.4692246334473594E-005  -6.5541973450374943E-005
        1295   2.4300740286969949E-004  -6.0978530374031930E-004
        1296   5.5544570274113428E-004   5.6848752329341295E-004
        1297   1.6276540698930119E-004  -2.1651502602679774E-004
        1298   5.6893083940819621E-004   5.4788562500443082E-004
        1299   1.9530276921575238E-004  -3.2134262743631771E-004
        1300   5.9745527211303327E-004   5.1232827952727680E-004
        1301   5.6363523712711346E-004   5.5321409653857868E-004
        1302   1.3247219631375048E-004  -1.4982991913961821E-004
        1303   1.6579464077704964E-005  -1.1873369939776735E-005
        1304   8.5848685431115567E-004   3.6945909336727950E-004
        1305   1.1160843692276447E-004  -1.1433081575968621E-004
        1306   6.6494907669032983E-004   4.5194276135228215E-004
        1307   5.2380867830185453E-004   6.1710670694112800E-004
        1308   6.7622735661611202E-004   4.4321711094542411E-004
        1309   6.0124887012722621E-004   5.0284695538347322E-004
        1310   4.6104378174260144E-004   8.0086292940466657E-004
        1311   2.0616988486007925E-004  -3.7210820906739464E-004
        1312   6.8769760486804522E-004   4.3427055418575946E-004
        1313   3.3368928462561015E-005  -2.5251354717880536E-005
        1314   1.6611595791008946E-004  -2.2704695397664056E-004
        1315   5.0225111653530289E-004   6.5909240832000662E-004
        1316   6.9657291534531572E-004   4.2790213269882336E-004
        1317   1.2495707595158378E-004  -1.3675851283289256E-004
        1318  -5.5331736061963993E-005   3.2238502991671635E-005
        1319   9.0311740145348639E-005  -8.4561028732802357E-005
        1320   5.5785787643658220E-004   5.5065638388242277E-004
        1321   5.4286434722203780E-004   5.7256930931195711E-004
        1322   1.3246720911460412E-004  -1.5064386296922034E-004
        1323   6.1273775070358797E-004   4.8573606144053724E-004
        1324   6.5127978096325329E-005  -5.5221754186360280E-005
        1325   2.0141541307953383E-004  -3.5246954849121127E-004
        1326   5.5952030161206842E-004   5.4525732450306575E-004
        1327  -2.3370076461222175E-005   1.4841543738350207E-005
        1328   6.6276015253764818E-004   4.4512979195357536E-004
        1329  -1.7214132515752035E-004   7.6867293905882942E-005
        1330   1.8418529749422981E-004  -2.8457187897376488E-004
        1331   5.9899511757372957E-004   4.9666487100491789E-004
        1332  -2.1734148963960980E-004   8.8993650580712790E-005
        1333   6.7269530433041217E-004   4.3763874481518177E-004
        1334   1.6582857452054946E-004  -2.2769888668903548E-004
        1335   6.0804634475662819E-004   4.8632432788135938E-004
        1336   5.7818394742171456E-004   5.1689028703649277E-004
        1337   4.6538800286774820E-004   7.5667752186395253E-004
        1338   1.5321633387661732E-004  -1.9568372503111936E-004
        1339   1.6889313807098377E-004  -2.3692834411641439E-004
        1340   5.4573950501013132E-004   5.5854887908080345E-004
        1341   2.1276969161232147E-004  -4.1277092340636853E-004
        1342   1.5364058494503092E-004  -1.9667583495906721E-004
        1343   5.7945689336871527E-004   5.1269876608599956E-004
        1344   4.7271083356921132E-004   7.2438714204410147E-004
        1345   1.7981735119427305E-004  -2.7148265543983687E-004
        1346   6.1145999492195858E-004   4.7847164004630562E-004
        1347   4.9811274686182379E-004   6.4687516353218485E-004
        1348   5.9714322569482108E-004   4.9047701209661517E-004
        1349   2.6153020248683269E-004  -8.9431858924676137E-004
        1350   1.0166255160573531E-003   3.2700653611000699E-004
        1351   7.3029711969399829E-004   4.0077368647204722E-004
        1352  -1.1357888057915646E-004   5.7230237921675809E-005
        1353   8.0638239386555412E-004   3.7194150565445194E-004
        1354   6.3088181411512353E-004   4.5772681966537148E-004
        1355   6.4270510245874291E-004   4.4823747757438031E-004
        1356   5.1563584040126894E-004   5.9881717887680581E-004
        1357   2.1328198119643837E-004  -4.2144154361111109E-004
        1358   7.6644726000585977E-005  -6.8122946176451664E-005
        1359   9.2696621851976683E-004   3.4012353799929302E-004
        1360   4.7341690194107358E-004   7.0292301465216440E-004
        1361   1.0554757337181472E-004  -1.0624472156321437E-004
        1362   6.9879599490163796E-005  -6.0484190382672821E-005
        1363   4.7679100830816038E-004   6.9049367452793690E-004
        1364   1.5420374626135523E-004  -1.9970643909709049E-004
        1365   2.1880516712927483E-004  -4.5675448291829549E-004
        1366   3.9655201482266685E-004   1.2102361971427597E-003
        1367   5.9439677342694767E-004   4.8390211507082990E-004
        1368   7.3023102176624280E-004   3.9518793745901837E-004
        1369   1.6909058012263515E-004  -2.4061836239376108E-004
        1370   7.4145686199311812E-005  -6.5327671417589610E-005
        1371   4.2045249467021032E-004   9.5348134509235937E-004
        1372   5.9774059839250485E-004   4.7822736835620379E-004
        1373   1.3331063895078246E-004  -1.5422134204659324E-004
        1374   4.2044133797005691E-004   9.4699878898354115E-004
        1375   5.0662564844919725E-004   6.0413003476350905E-004
        1376   2.2726514917283084E-004  -5.2319847791190862E-004
        1377   8.1525526263950444E-005  -7.4125161653791155E-005
        1378   8.3985103674115967E-004   3.5574083335924121E-004
        1379   6.0253764741596090E-004   4.7066456005186207E-004
        1380   7.8246738776585893E-004   3.7178680783927695E-004
        1381   9.2333679881815417E-004   3.3550803010142378E-004
        1382  -4.8331165881259251E-005   2.8533820822973487E-005
        1383   6.1191116862993036E-004   4.6016355773356032E-004
        1384   2.1565192982419577E-004  -4.4543146272764265E-004
        1385   1.0922436557339494E-004  -1.1233927297434035E-004
        1386  -4.9367866084809918E-005   2.9051253158213163E-005
        1387   4.7712231197927777E-004   6.6828875779010818E-004
        1388   6.0523652504327892E-004   4.6446455064160012E-004
        1389   6.6071861123961602E-004   4.2362468953859766E-004
        1390   1.7776987600063833E-004  -2.7090501169729103E-004
        1391   4.7563878465806152E-004   6.6816537907273021E-004
        1392   1.0226757212918043E-004  -1.0199476314565884E-004
        1393   6.2408467704864296E-004   4.4710637589184360E-004
        1394  -4.6762226378229256E-006   3.1292641965607510E-006
        1395   9.1310320963614903E-005  -8.6729143921627683E-005
        1396   7.1569984962564532E-004   3.9336407811055583E-004
        1397   4.8352030301441925E-004   6.4209364514021452E-004
        1398   1.6648453352148456E-004  -2.3586367624921207E-004
        1399  -3.2309962881631497E-004   1.0909402809782547E-004
        1400   6.3471318460763470E-004   4.3756803806246669E-004
        1401   5.4516603322718796E-004   5.2424267590347985E-004
        1402  -2.2225469133605591E-004   8.8984007239595805E-005
        1403   7.0733372234765021E-004   3.9537180991386015E-004
        1404   4.5352006311793829E-004   7.3116445625812597E-004
        1405   1.7387952950997116E-004  -2.5977479314706641E-004
        1406   6.3323598645362333E-004   4.3620488030566727E-004
        1407   7.8102370236958127E-004   3.6552446490529313E-004
        1408   6.4544645150841436E-004   4.2671182108075300E-004
        1409   1.6144232047476194E-004  -2.2255126186578874E-004
        1410   7.8390473977219400E-004   3.6362552719776614E-004
        1411  -6.2059168953405150E-005   3.5249532999171716E-005
        1412   4.9386301406916270E-004   6.0601657926511962E-004
        1413   1.7344518454066132E-005  -1.2456899778954863E-005
        1414   8.4243649316512680E-005  -7.7839738701930813E-005
        1415   1.1711105387303269E-004  -1.2592803003705537E-004
        1416   5.2360939495112873E-004   5.4853478437691676E-004
        1417  -1.0366652704311826E-004   5.3058176228940931E-005
        1418   8.6355733472868079E-004   3.4092629713937199E-004
        1419   4.9409051735581062E-004   6.0177331842773156E-004
        1420   4.2039377911351657E-004   8.7537196636921989E-004
        1421   3.9531256635431304E-004   1.0824104828218069E-003
        1422   5.2027365203297820E-004   5.4877560009476592E-004
        1423  -2.5678245885065403E-004   9.6301613221580121E-005
        1424   2.0038599817739279E-004  -3.7180079623049331E-004
        1425   6.5441313908116961E-004   4.1591316180351884E-004
        1426   4.6101056574004919E-004   6.8295262635715496E-004
        1427  -1.9739271929827810E-004   8.2554138144893863E-005
        1428   3.3936349880600568E-005  -2.5843964987554517E-005
        1429   7.0628058213861324E-004   3.8830104864429537E-004
        1430   8.0246862798350979E-004   3.5354358627404927E-004
        1431   1.1140152276927840E-004  -1.1705789181572848E-004
        1432   5.4683440958075500E-004   5.0625666064907848E-004
        1433   1.8203005687136752E-004  -2.9285991559441552E-004
        1434   1.5296500205794647E-004  -2.0193072392919585E-004
        1435  -2.3190847350047186E-007   1.5741805945848331E-007

   k   test 
        1436   2.1078202724900130E-010
