 k,   gradient vector, at each step of the optimization (k):

           1   4.7923937788066036E-002   8.8329533080105785E-002
           2   3.4598938542881416E-002  -2.9982458948979201E-002
           3   4.7120646856698721E-002   7.2041014138318690E-002
           4   4.9646557607678929E-002   4.6046801483601754E-002
           5   6.3947651664315208E-002   2.1599422220713250E-002
           6   3.5698463856596925E-002  -8.5554141372245027E-002
           7   3.3125543625620660E-002  -3.7305668330625312E-002
           8   4.6503168098932360E-002   3.3746657349710774E-002
           9   4.4844214510782389E-002   3.7068222598274775E-002
          10   3.1648176497277587E-002  -3.9874990398460763E-002
          11   4.1765416817317887E-002   4.3098484286207002E-002
          12   4.2566877457760728E-002   3.5516790974021793E-002
          13   2.2494918946795076E-002  -1.1400919655121236E-002
          14   3.6544560477416936E-002   9.7154600377660216E-002
          15   2.6354952497727950E-002  -2.5457474426056000E-002
          16   4.5918424371723048E-002   2.2650946044941344E-002
          17   5.2117094301120326E-002   1.6669974323896733E-002
          18   2.2960440662048172E-002  -1.6775159465465216E-002
          19   2.4641773533948520E-002  -2.2289146944439023E-002
          20   3.5011756555859030E-002   5.0273040375396885E-002
          21   2.4898214412902606E-002  -2.7159081290897349E-002
          22   1.9233208295911422E-002  -9.9445252079959686E-003
          23   2.7471480034986916E-002  -6.0726533603948162E-002
          24   3.1732303674835767E-002   8.2428579143977720E-002
          25   2.0002746630176781E-002  -1.1883636649025267E-002
          26   3.2948265214509512E-002   4.3445083733896363E-002
          27   3.2911140886270160E-002   3.9824505934740878E-002
          28   3.0819298379754549E-002   5.8639587931548519E-002
          29   3.4300351583814281E-002   2.8740816326350459E-002
          30   3.5022097255594041E-002   2.5217808630988697E-002
          31   2.0555894161656655E-002  -2.0946084721448422E-002
          32   2.3981267393054020E-002  -6.1100227676505366E-002
          33   3.7383844972889324E-002   1.7653899125503011E-002
          34   3.1263439896179593E-002   2.9830705555122281E-002
          35   1.8183249356656769E-002  -1.3504702571680788E-002
          36   3.1217594829342474E-002   2.6934327621824641E-002
          37   3.1344514081165807E-002   2.5098036783954218E-002
          38   2.8196488852827464E-002   3.9449043371506433E-002
          39   2.7118695529395876E-002   4.7405680066597733E-002
          40   1.3725877375947377E-002  -7.5692148752536138E-003
          41   3.2596298610261913E-002   1.9497673122122815E-002
          42   3.5905434591073405E-002   1.5241214872771006E-002
          43   2.6215946346462848E-002   4.1826686100049450E-002
          44   3.1971852692548069E-002   1.8367834926423143E-002
          45   1.6633947707746167E-002  -1.6115100081083567E-002
          46   1.7600113640337131E-002  -2.0562869219480747E-002
          47   2.7331721863112730E-002   2.6670644705671834E-002
          48   2.7080951761698800E-002   2.6345787558836955E-002
          49   1.5430670423450206E-002  -1.3269779727929896E-002
          50   1.8251042563713217E-002  -2.9620762089201152E-002
          51   2.4439862691013090E-002   3.9047810828424900E-002
          52   2.4318665651535253E-002   3.7430178876289494E-002
          53   1.3935568426695159E-002  -1.0350691177792694E-002
          54   2.9442839448928466E-002   1.6890647650272241E-002
          55   2.4035459095639686E-002   3.3509888572971276E-002
          56   2.2428346674454504E-002   5.0746711259734539E-002
          57   2.7043474855402289E-002   1.9476166985611953E-002
          58   2.2340035566158708E-002   4.3141532289961544E-002
          59   5.5803446935313947E-003  -2.0887858729752673E-003
          60   1.5157758514732183E-002  -1.8441594553409567E-002
          61   2.2121827337620300E-002   4.0552941937618631E-002
          62   7.4241424110536537E-003  -3.2575603874533962E-003
          63   1.3606821488050680E-002  -1.2690428568182118E-002
          64   2.4047692972798938E-002   2.4094799154299011E-002
          65   2.1112271358071623E-002   4.6410715151925387E-002
          66   2.2346797826694673E-002   3.0298599279834477E-002
          67   2.4865351601811147E-002   1.9646324466278890E-002
          68   7.7517446020911700E-003  -3.7982153340274227E-003
          69   2.2072614262355104E-002   2.8641607203039508E-002
          70   2.2848975797806217E-002   2.3846265843621213E-002
          71   1.5846452724658226E-002  -4.1788108074554985E-002
          72   1.9426453907999842E-002   5.9109374373349906E-002
          73   1.1783478492846246E-002  -1.0326033413689997E-002
          74   3.0791358812322801E-002   1.1607655536605643E-002
          75   2.4620556784505296E-002   1.6745752500465019E-002
          76   2.0043869585911329E-002   3.4393699792614266E-002
          77   1.5402976867196570E-002  -4.8292198559704486E-002
          78   2.6625229048404864E-002   1.3391517704441537E-002
          79   1.3144691896187170E-002  -1.7003896228960036E-002
          80   2.4591235736364802E-002   1.5014922245428410E-002
          81   2.3752932242966637E-002   1.5840900481482262E-002
          82   1.9628732373960320E-002   2.9792083795935911E-002
          83   1.8940540629796498E-002   3.4870994992434221E-002
          84   1.1004810377100041E-002  -1.0012617409448053E-002
          85   2.2689002393026805E-002   1.6416794815013215E-002
          86   2.2833436477122042E-002   1.5785729604119249E-002
          87   2.2563976462124331E-002   1.5860540379531638E-002
          88   2.0101184038146196E-002   2.1694915979112460E-002
          89   2.1277876899375284E-002   1.7617769010302247E-002
          90   1.7234497517827612E-002   4.7049670270565863E-002
          91   2.1361446494552565E-002   1.6705422116248283E-002
          92   4.8569148564279003E-003  -2.1824843628749312E-003
          93   1.7854736387326507E-002   3.1742049583902580E-002
          94   1.0572840483074100E-002  -1.0910264172815648E-002
          95   1.2046224872266529E-002  -1.8408698003991926E-002
          96   1.8205480953265785E-002   2.6595549069260194E-002
          97   1.9311970477121260E-002   2.0311345858555010E-002
          98   1.1919096205656380E-002  -1.8767818832713931E-002
          99   1.2468805753266879E-002  -2.4057109716359121E-002
         100   1.0531283998077366E-002  -1.1010023039365767E-002
         101   1.6746445950174566E-002   3.8136056846981764E-002
         102   1.7197148865954540E-002   3.0354005185879069E-002
         103   7.5384975504329613E-003  -4.8243997931435049E-003
         104   1.8580384577131893E-002   2.0464476939299901E-002
         105   1.1743310920080496E-002  -1.9551757881243935E-002
         106   1.0705023844522184E-002  -1.2740841684595638E-002
         107   5.2480387320945187E-003  -2.5114747221811674E-003
         108   1.0758148372733600E-002  -1.2962109764377219E-002
         109   1.6085463139498091E-002   4.0462633441845558E-002
         110   1.8787911935765650E-002   1.8005262453558039E-002
         111   9.2459422064928177E-003  -8.2147432880605355E-003
         112   1.9922677682658537E-002   1.4865182204556553E-002
         113   1.5600820456065007E-002   4.2892603064316318E-002
         114   1.9011297469016843E-002   1.6185055430479631E-002
         115   1.1048070835031924E-002  -1.7273751763584692E-002
         116   1.0988366895618858E-002  -1.6721677859586802E-002
         117   1.0492697332468862E-002  -1.3502746131591161E-002
         118   9.4151839683241402E-003  -9.0959836809822846E-003
         119   8.9267433160259649E-003  -7.7370386192135172E-003
         120   1.9477245771800544E-002   1.4194954919815249E-002
         121   1.0162339095218669E-002  -1.2071127046751702E-002
         122   1.6878833994522471E-002   2.1602295342626147E-002
         123   9.3962337262590030E-003  -9.3164001335824167E-003
         124   1.8809137898074597E-002   1.4684638973916524E-002
         125   1.0296293038112882E-002  -1.3307296151084962E-002
         126   1.0365953897449716E-002  -1.3653678832139651E-002
         127   2.4689754778071015E-002   8.8577499972208300E-003
         128   1.8951574866629722E-002   1.3573092512977477E-002
         129   1.1429660729309246E-002  -2.4799636761931636E-002
         130   7.7745923858398491E-003  -5.5936395979988797E-003
         131   1.5984132027908084E-002   2.3081870255445960E-002
         132   8.7857498987029183E-003  -7.8900716437366233E-003
         133   1.6086016548618378E-002   2.1568716344985979E-002
         134   7.6553148724890488E-003  -5.5350089114983873E-003
         135   1.7547835420230615E-002   1.5309920597744199E-002
         136   1.5222623151869842E-002   2.6676098110840377E-002
         137   1.1757468397596831E-003  -3.9161944602408253E-004
         138   1.0744873256632734E-002  -1.9366709391770813E-002
         139   8.5568052568004947E-003  -7.6180838256008094E-003
         140   1.8296695724281633E-002   1.3050966951557283E-002
         141   1.8599674990782068E-002   1.2381022366330641E-002
         142   1.5820597799983523E-002   1.9788071134659295E-002
         143   8.1395826909498974E-003  -6.8647504412544368E-003
         144   7.4196083842868387E-003  -5.3918830308252921E-003
         145   1.6456161745986200E-002   1.6473409261390973E-002
         146   1.4615691882675868E-002   2.7435006495019891E-002
         147   1.7525743052847419E-003  -6.1984787689025353E-004
         148   7.8179357824088355E-003  -6.3337925445126689E-003
         149   1.0896861500405619E-002  -2.5737656476660761E-002
         150   1.4407099485417157E-002   2.8376250780854515E-002
         151   7.9173934198549113E-003  -6.5976399806053233E-003
         152   8.3726828653426181E-003  -7.7518973729827773E-003
         153   1.6914681957201503E-002   1.3976773076030636E-002
         154   1.4464740452334902E-002   2.5365312965915224E-002
         155   1.6708767446793202E-002   1.4048364000170635E-002
         156   1.7662666081505105E-002   1.2065983776383210E-002
         157   9.0890078824628420E-003  -1.0996739838765941E-002
         158   1.0780483586357524E-002  -2.9131586323384036E-002
         159   1.0240197511067268E-002  -1.9553262781083238E-002
         160   8.7309922051673813E-003  -9.2517447205017703E-003
         161   1.5513687988122879E-002   1.6555052955481146E-002
         162   1.3504824024283156E-002   3.4123311366883825E-002
         163   1.4792619876529876E-002   1.9213893581807383E-002
         164   9.1078171277243821E-003  -1.1591969382916484E-002
         165   5.4629901911367905E-003  -3.0337235134463973E-003
         166   8.5788499076473578E-003  -9.1844924087497136E-003
         167   9.9122443025418151E-003  -1.7630608909211150E-002
         168   5.0956913356290752E-003  -2.6487852756812836E-003
         169   1.3226753684471956E-002   3.5409567746280901E-002
         170   1.4448038502670126E-002   1.9655318634177722E-002
         171   9.6214214813995242E-003  -1.5842490904302918E-002
         172   6.2271953798676213E-003  -3.9640309040456278E-003
         173   7.5879982409900798E-003  -6.3982494896098266E-003
         174   1.6849914977525863E-002   1.1597001155988215E-002
         175   3.4649925222500514E-003  -1.4724543390236056E-003
         176   5.7674722050657917E-003  -3.4008932872425313E-003
         177   1.5576211828001301E-002   1.3957226925629550E-002
         178   8.9306603233867514E-003  -1.1498826044591281E-002
         179   1.3268824921283756E-002   2.7980702604936635E-002
         180   1.7659580234105222E-002   1.0067834635761845E-002
         181   1.5753242816517229E-002   1.2881134766991126E-002
         182   9.1940180389463583E-003  -1.3970495049764588E-002
         183   8.3018876081772438E-003  -9.0272554059201253E-003
         184   9.3613088487809921E-003  -1.5310371089962792E-002
         185   7.8272469325682287E-003  -7.3512446895380159E-003
         186   1.4969971477443280E-002   1.4355119081295038E-002
         187   1.3993349345093801E-002   1.8196016139883923E-002
         188   7.9674085782317043E-003  -7.9886854493198128E-003
         189   8.0079196625908317E-003  -8.1167761917169401E-003
         190   8.8511349015442248E-003  -1.2015374423821024E-002
         191   6.9012979893697500E-003  -5.2194363209579339E-003
         192   1.4861497739264248E-002   1.3913583131950739E-002
         193   6.0229411080587221E-003  -3.8230904390451318E-003
         194   8.0729005413715492E-003  -8.4214783400185563E-003
         195   9.6996326463777201E-003  -2.0756942205719702E-002
         196   6.1699561151354063E-003  -3.9878106697014935E-003
         197   1.3933493409849181E-002   1.6863201536941753E-002
         198   1.3208961615446191E-002   2.1364494678671339E-002
         199   7.6109675074287715E-003  -7.0581273689361082E-003
         200   1.2559494988686202E-002   2.8680528328310386E-002
         201   2.9306876497403054E-003  -1.1764232577931701E-003
         202   6.2484022982473523E-003  -4.2304301448840001E-003
         203   1.6528657300829343E-002   9.8603997147078404E-003
         204   1.5142700189575638E-002   1.1952489885036381E-002
         205   1.6003378020178760E-002   1.0347895135332639E-002
         206   5.9693110903342051E-003  -3.8898844176229728E-003
         207   1.8138678326201193E-002   8.1353714199670722E-003
         208   6.6683751392625926E-003  -5.0895541908340790E-003
         209   8.3247346106236735E-003  -1.0462039907393609E-002
         210   1.3321253042724076E-002   1.7405164933194391E-002
         211   6.6403819686259892E-003  -5.0667139210105244E-003
         212   1.3229644827564642E-002   1.7541037570134081E-002
         213   1.5554714467997378E-002   1.0401190533003587E-002
         214   8.1368811115395626E-003  -9.9354820017547273E-003
         215   1.3277417158486814E-002   1.6575743253886270E-002
         216   1.2787468684707575E-002   1.9409430534186697E-002
         217   1.3830017131802496E-002   1.3835300950703270E-002
         218   6.0947277332019335E-003  -4.2700729396611022E-003
         219   1.3405108828619949E-002   1.5184200350477213E-002
         220   1.4166284385882610E-002   1.2473446446048557E-002
         221   1.2223887251255281E-002   2.2911944244172804E-002
         222   4.0709844473732146E-003  -2.0036852241595298E-003
         223   1.3436664035625337E-002   1.4411882361686112E-002
         224   8.2267728344749807E-003  -1.1651065490638643E-002
         225   1.1830539835472643E-002   2.6937462489276972E-002
         226   1.2006940913512424E-002   2.3645103334254947E-002
         227   1.3856996509191340E-002   1.2527039918451735E-002
         228   1.2036387581397519E-002   2.2260999142176215E-002
         229   7.2320753766665687E-003  -7.4553691959142977E-003
         230   1.4829640577320237E-002   1.0267353103929308E-002
         231   1.2826251271042212E-002   1.5647780853247365E-002
         232   8.0810479058697759E-003  -1.1870913141031085E-002
         233   8.7499396729564631E-003  -1.8688898725511712E-002
         234   1.2215701344067936E-002   1.8954755479326141E-002
         235   1.2440787663988446E-002   1.7090021136931654E-002
         236   7.4798123640857353E-003  -8.7352059067607492E-003
         237   7.9712048641967220E-003  -1.1406956701327759E-002
         238   2.6008920420577605E-003  -1.0658477112174265E-003
         239   1.2693255746394258E-002   1.5261455204121178E-002
         240   9.0313501942435020E-003  -2.6162821764741877E-002
         241   3.3054333490925374E-003  -1.4890421414803982E-003
         242   8.3511178200069668E-003  -1.4635621945112072E-002
         243   8.3640288612347301E-003  -1.4722049853702970E-002
         244   7.3680105856525511E-003  -8.1974442646385957E-003
         245   1.2956360335114440E-002   1.3611057507269122E-002
         246   1.1123457782470035E-002   3.1316346096394408E-002
         247   7.5804605330729450E-003  -9.4381864169380339E-003
         248   8.2264214387864094E-003  -1.3943114686678955E-002
         249   1.4223854656398536E-002   1.0111383210727964E-002
         250   2.0372591761383244E-002   5.8694942377352354E-003
         251   1.2797067827399923E-002   1.3344950516006168E-002
         252   1.3039355267166838E-002   1.2408871869895597E-002
         253   1.2861529437039006E-002   1.2836117256411836E-002
         254   1.2452038806797405E-002   1.4228500315399885E-002
         255   6.3180770596047093E-003  -5.3797452447421701E-003
         256   1.2990113463700475E-002   1.2130589790415723E-002
         257   4.8547771939662504E-003  -2.9252449144456152E-003
         258   1.2592540326988328E-003  -4.3814813675706842E-004
         259   5.2005610262082823E-003  -3.3685773132555836E-003
         260   3.8504192565557813E-003  -1.9238463299237789E-003
         261   6.7199202474529937E-003  -6.5208541382178725E-003
         262   1.2346869605055223E-002   1.4037325799160984E-002
         263   1.4503550558368409E-002   8.9400269648103447E-003
         264   5.4621481713964031E-003  -3.7872280193827039E-003
         265   7.8813845063665459E-003  -1.2749971591044941E-002
         266   7.0325263633212861E-003  -7.7264077022521620E-003
         267   1.2658671409079265E-002   1.2396807067415314E-002
         268   6.1936092984900895E-003  -5.2021732094763209E-003
         269   3.7122805419814819E-003  -1.8142773081262430E-003
         270   7.5700605504775732E-003  -1.0564700555372702E-002
         271   8.4917818390795041E-003  -2.1304254921918883E-002
         272   1.3793534736676537E-002   9.5498201605320951E-003
         273   1.1576832786656228E-002   1.6950045589895560E-002
         274   1.2723616988499631E-002   1.1648840754094241E-002
         275   1.7561507825903485E-002   6.2947805068070102E-003
         276   1.1614653438056212E-002   1.5952311040050515E-002
         277   4.3184503855753092E-003  -2.3801604062126777E-003
         278   1.1191467060474147E-002   1.8905138046626951E-002
         279   8.3684299241922177E-003  -2.1650229067771923E-002
         280   3.8699951903429408E-003  -1.9619173541471527E-003
         281   1.3082357611854325E-002   1.0278516596084718E-002
         282   1.4799353862285446E-002   7.8348958079336607E-003
         283   6.3208953572103724E-003  -5.7721712517252496E-003
         284   4.1492450526832633E-003  -2.2244911666630834E-003
         285   1.0338960807689786E-002   3.1338806914683125E-002
         286   2.8443165200469117E-003  -1.2313878486803925E-003
         287   1.1336849200033900E-002   1.6295792588300724E-002
         288   6.2306904971206013E-003  -5.6520376041508599E-003
         289   6.1935690563634160E-003  -5.5484413585054721E-003
         290   8.1862038348810978E-003  -2.0039023736300926E-002
         291   6.5396025158232689E-003  -6.5431117068928358E-003
         292   1.1199816638250150E-002   1.6726431155166043E-002
         293   7.1826153736148758E-003  -9.4471188435865591E-003
         294   4.3380403231364911E-003  -2.4326237141490204E-003
         295   1.2042996342738539E-002   1.2188087356336072E-002
         296   4.8586033385803837E-003  -3.0574556815526010E-003
         297   1.2881073844741601E-002   9.8878093518043556E-003
         298   1.2809721982072593E-002   9.9537970946820837E-003
         299   1.2250545449410778E-002   1.1190795542977177E-002
         300   6.7123158702426062E-003  -7.4664720610502153E-003
         301   1.1976773886429223E-002   1.1866585495796590E-002
         302   1.0303210468106512E-002   2.5067534580026238E-002
         303   5.9132156648355159E-003  -5.0569233849668029E-003
         304   7.1118683717506601E-003  -9.6761086416233405E-003
         305   9.9638960902644243E-003   3.2954784058057192E-002
         306   6.3807828609925938E-003  -6.4642786500022139E-003
         307   4.4412730552261248E-003  -2.6229082827401466E-003
         308   4.2320054832635356E-003  -2.3906477654933437E-003
         309   4.1071588815835098E-003  -2.2610015996123085E-003
         310   4.0061819863531252E-003  -2.1606534361382386E-003
         311   1.1154077342449937E-002   1.4709621254680111E-002
         312   7.6716123614865746E-003  -1.5146638545797286E-002
         313   4.7928312685285336E-003  -3.0629494289255276E-003
         314   6.9034782487609530E-003  -8.7431451666780818E-003
         315   6.9290181508804066E-003  -8.8722384411230506E-003
         316   6.8189941486516935E-003  -8.2909153248148567E-003
         317   5.5353026185693674E-003  -4.2607426931189100E-003
         318   5.4291994554827435E-003  -4.0540725189757328E-003
         319   7.2197821545594860E-003  -1.0718218021314837E-002
         320   1.1703157483975600E-002   1.1714646889333913E-002
         321   1.1167719830622438E-002   1.3829003634929437E-002
         322   1.1965153084457530E-002   1.0744330715360725E-002
         323   1.3802865042506860E-003  -4.8698412313125171E-004
         324   3.5959984161396900E-003  -1.7923612527762831E-003
         325   6.5841957415423381E-003  -7.4106410264439702E-003
         326   1.1840018846063316E-002   1.0930723301731029E-002
         327   1.2381923532827702E-002   9.5597341076337633E-003
         328   5.9448740625557099E-003  -5.3293359670663724E-003
         329   6.3207541347707731E-003  -6.4860231510529805E-003
         330   6.3897754118138811E-003  -6.7325493522431687E-003
         331   4.5174793467834106E-003  -2.7241938551053730E-003
         332   5.7685765654242526E-003  -4.8686005342067021E-003
         333   5.7170040090839709E-003  -4.7442834671404107E-003
         334   3.9334683778975126E-003  -2.0877130733693823E-003
         335   5.5940205242379646E-003  -4.4666162796923124E-003
         336   1.2931845980242137E-002   8.3611182068942785E-003
         337   1.3084671687644876E-002   8.1033307519861250E-003
         338   4.8864650946838445E-003  -3.2326432368341312E-003
         339   6.6007269431540882E-003  -7.7158701387970725E-003
         340   1.1052209514439786E-002   1.2947445832677915E-002
         341   6.4964942998166440E-003  -7.3105405089307221E-003
         342   1.0408468980508827E-002   1.6864134026663244E-002
         343   6.7205615695745732E-003  -8.4597431378910532E-003
         344   4.9554333936842271E-003  -3.3566976162268743E-003
         345   3.3868426379449084E-003  -1.6258466084738169E-003
         346   3.3866371501343829E-003  -1.6251458430912107E-003
         347   1.1066251923513395E-002   1.2449239324798002E-002
         348   1.4236565235471849E-003  -5.0166343609629998E-004
         349   7.5448896228429091E-003  -1.6163948001860277E-002
         350   1.2007022405127903E-002   9.4745601037592685E-003
         351   7.3435272678668640E-003  -1.3602768377950184E-002
         352   3.1740211611687272E-003  -1.4625956278932709E-003
         353   5.8055087852874731E-003  -5.0845015297643252E-003
         354   6.1712795704247838E-003  -6.1771928489705854E-003
         355   6.2348647170358635E-003  -6.3971726563975973E-003
         356   1.0423435639427806E-002   1.5487705537226133E-002
         357   3.7038146043295423E-003  -1.8871179802444141E-003
         358   1.1089050380078376E-002   1.1739363275314229E-002
         359   1.2676629043573081E-002   8.0356280245553659E-003
         360   1.0704371943863355E-002   1.3232402167444285E-002
         361   4.5148513472546142E-003  -2.7787915003524501E-003
         362   5.3449157908893171E-003  -4.1191809668505381E-003
         363   6.9823159511999420E-003  -1.0734974221126670E-002
         364   4.7992498925356801E-003  -3.1628529804038018E-003
         365   1.4014038562062018E-002   6.5395952942282577E-003
         366   9.9679843760514305E-003   1.8325347513544477E-002
         367   1.3538508493476485E-002   6.8684465136209854E-003
         368   5.4151386248791865E-003  -4.3200234025641288E-003
         369   1.1068618478004064E-002   1.1055786537096522E-002
         370   1.2415049044457477E-002   8.0307241501501713E-003
         371   1.7498277684255353E-002   4.8800126952574996E-003
         372   6.8833841548778373E-003  -1.0614897906841437E-002
         373   1.1625662336711235E-002   9.2575168499105208E-003
         374   1.4457357494249656E-002   6.0183841021742039E-003
         375   5.4904278358772511E-003  -4.5839284342993206E-003
         376   1.0633391055190533E-002   1.2126972621277482E-002
         377   1.0219361334550493E-002   1.4255904565364996E-002
         378   1.1195921883239214E-002   1.0015358267765583E-002
         379   5.2482714348050215E-003  -4.1128595798100211E-003
         380   4.1640422584614586E-003  -2.4279881805145654E-003
         381   9.8412042917945357E-003   1.6887277425248860E-002
         382   5.7754668987817434E-003  -5.4733643204456167E-003
         383   9.2734934852398004E-003   2.5601395660120117E-002
         384   6.6058507991359977E-003  -9.3173678740299127E-003
         385   1.1529275020217163E-002   8.9569705366582663E-003
         386   1.1752045614738809E-002   8.4835232147463142E-003
         387   2.3196386093089724E-003  -9.5091374799483302E-004
         388   6.7483596519689231E-003  -1.0553181817230365E-002
         389   6.1501285963115907E-003  -6.9559272280808300E-003
         390   1.2466275442294044E-002   7.3520961042806499E-003
         391   2.2317010685905564E-003  -8.9919772632346515E-004
         392   4.5048265544917285E-003  -2.9023021977733700E-003
         393   4.0771877688594756E-003  -2.3595980222043617E-003
         394   1.2985741993486117E-002   6.7432097560925584E-003
         395   1.1222584972259510E-002   9.2677431239394474E-003
         396   1.2799674937103468E-003  -4.4615571794756414E-004
         397   5.4543389034974344E-003  -4.7313659579866106E-003
         398   9.1974622629453304E-003   2.3679613991378221E-002
         399   4.4792116278817460E-003  -2.9006710043774342E-003
         400   9.3336926725346627E-003   2.0567460732873903E-002
         401   9.4427838456790179E-003   1.8672081714768914E-002
         402   9.7266689203241285E-003   1.5459656470039470E-002
         403   4.5186482822434171E-003  -3.0060940883684627E-003
         404   1.1107534972223356E-002   9.2132893782055306E-003
         405   1.0474144098824202E-002   1.1001656905017474E-002
         406   1.4649338233962193E-002   5.4716050013872272E-003
         407   5.5206613779600483E-003  -5.1332825482416078E-003
         408   1.0411708264515094E-002   1.1022675337949057E-002
         409   4.5649664962369510E-003  -3.1158886483221428E-003
         410   1.0825731760712422E-002   9.6238857092077971E-003
         411   7.0127317741088858E-003  -1.5689698193903198E-002
         412   1.2279703946062023E-002   7.0592483363894594E-003
         413   6.2346342783462828E-003  -8.1357853801704069E-003
         414   4.6289797228877549E-003  -3.2231374812819367E-003
         415   1.4431485382665175E-003  -5.2170404810279562E-004
         416   1.0379104568964313E-002   1.0767875899465292E-002
         417   1.0595836779296999E-002   9.9880342825043305E-003
         418   6.7662971614060614E-003  -1.2700840769292803E-002
         419   5.4372637403169669E-003  -4.9850967163040496E-003
         420   8.8638835102567721E-003   2.5536824109754268E-002
         421   1.0100535492095181E-002   1.1575828800880039E-002
         422   1.0203907728013897E-002   1.1065751565569897E-002
         423   6.4669204685814654E-003  -1.0135038150182523E-002
         424   1.0156985015232073E-002   1.1139895416915988E-002
         425   6.5842059565857482E-003  -1.1279111677746031E-002
         426   9.8218799367200474E-003   1.2594684246147628E-002
         427   5.1244252108662985E-003  -4.2925298534806089E-003
         428   1.2166892289517223E-002   6.8426370319082889E-003
         429   9.5647632950645600E-003   1.3929570675461942E-002
         430   1.2286638183871273E-002   6.6678495776839363E-003
         431   5.9354593858278659E-003  -7.1020415278414111E-003
         432   5.2823948719891390E-003  -4.7459433857155522E-003
         433   8.9570941999427035E-003   2.0066172305234553E-002
         434   3.6339661291654611E-003  -2.0140132095114085E-003
         435   6.1791332147340611E-003  -8.5267951253968754E-003
         436   4.5346161040768834E-003  -3.1828512948791914E-003
         437   1.0453753002665519E-002   9.5440955953433916E-003
         438   1.3782041314207663E-002   5.4698901478609811E-003
         439   9.4093227911890114E-003   1.4170926659264621E-002
         440   3.8468554275355366E-003  -2.2583939196280907E-003
         441   5.9680502567639607E-003  -7.4789043844073772E-003
         442   5.6940808249226187E-003  -6.2181061510077750E-003
         443   1.2245587807441401E-002   6.4721171603561965E-003
         444   6.1250627474066588E-003  -8.4307538744776960E-003
         445   9.9237660793719349E-003   1.0945933561454438E-002
         446   6.2492492881477124E-003  -9.3523720336380154E-003
         447   4.8432783994508833E-003  -3.7985699307378443E-003
         448   5.7133751190731894E-003  -6.3494930992755673E-003
         449   6.6123235551744505E-003  -1.2927506175799599E-002
         450   9.6922486857191209E-003   1.1775002877872113E-002
         451   1.2574064686106659E-002   6.0487956418702107E-003
         452   1.0209948613921570E-002   9.6258109779530452E-003
         453   8.9780547491802986E-003   1.6892982347718771E-002
         454   8.9353472713146285E-003   1.7222705125297385E-002
         455   9.6394899636375996E-003   1.1610387916910683E-002
         456   1.2432712463930783E-002   6.0702275942727327E-003
         457   9.9720253029772950E-003   1.0101019308571485E-002
         458   4.3217518131986720E-003  -2.9535977438230553E-003
         459   9.6939846668711842E-003   1.1088321919680726E-002
         460   5.2203477765408431E-003  -4.8908391082669155E-003
         461   9.9605002036634131E-003   9.9751694677150220E-003
         462   9.7062918314588902E-003   1.0863937242660708E-002
         463   4.3533796510530492E-003  -3.0318431695347046E-003
         464   1.0030893956479247E-002   9.6181047890624878E-003
         465   3.1929707563659484E-003  -1.6470296542008560E-003
         466   6.0779326186510725E-003  -8.9668796953098814E-003
         467   6.0949259110626422E-003  -9.0836467825291239E-003
         468   6.5996539889866777E-003  -1.4665787192921028E-002
         469   6.2909621534347239E-003  -1.0715060324060758E-002
         470   4.8518945347138954E-003  -3.9674581933080546E-003
         471   5.9217982662626491E-004  -1.9068793773028300E-004
         472   6.9545023983960093E-003  -2.3647061868498419E-002
         473   4.9431319572053800E-003  -4.1576554263403282E-003
         474   9.9489715900481657E-003   9.6157495649855339E-003
         475   1.2774907508992801E-002   5.5630986167159290E-003
         476   9.6546328237637844E-003   1.0534860757230913E-002
         477   9.0121536470124421E-003   1.4171209036406694E-002
         478   6.1772345979031387E-003  -9.9580240082812535E-003
         479   9.1431550120259688E-003   1.3025931140822044E-002
         480   5.4544838585946515E-003  -5.8162928715899094E-003
         481   5.8656322534009426E-003  -7.7739212475114432E-003
         482   1.2094230568429516E-002   5.9505872215808364E-003
         483   9.1994779972405603E-003   1.2377012136577055E-002
         484   4.9057989113321012E-003  -4.1745047132808509E-003
         485   6.2736450781798346E-003  -1.1165148575777115E-002
         486   1.1806554202858793E-002   6.1322063601105120E-003
         487   4.6942421921352768E-003  -3.6991414030215397E-003
         488   6.0232454355530962E-003  -8.9849469442989365E-003
         489   9.7500663203115515E-003   9.6323746327356616E-003
         490   5.8132968455986336E-003  -7.6395502398405859E-003
         491   1.1929642836966866E-002   5.9438881880457322E-003
         492   1.0329491712830867E-002   8.0100724806378368E-003
         493   5.3467819831401016E-003  -5.5464795798010925E-003
         494   1.1948130874540136E-002   5.8754447963672478E-003
         495   8.4000427740776352E-003   1.9625229954088101E-002
         496   2.7073913761367636E-003  -1.2581271509023084E-003
         497   6.1457059922364454E-003  -1.0420394331218360E-002
         498   9.2651190209635300E-003   1.1158638143336987E-002
         499   4.1565360754882491E-003  -2.7867452805781026E-003
         500   4.4975202195273855E-003  -3.3652826248345303E-003
         501   1.6855768053248114E-003  -6.4326429139376269E-004
         502   1.0409380763774307E-002   7.6388191247598256E-003
         503   1.0136393038846166E-002   8.1490979938623389E-003
         504   9.3435428189929566E-003   1.0533500035249617E-002
         505   9.1690656757579623E-003   1.1286291376019296E-002
         506   9.4953722247539066E-003   9.8219948820223533E-003
         507   9.0602024899791647E-003   1.1722855725646507E-002
         508   6.0789132062547390E-003  -1.0372428498773390E-002
         509   9.6030888599143542E-003   9.3318777844798861E-003
         510   5.9849798265673836E-003  -9.5726919488521404E-003
         511   1.0130231965846016E-002   7.9183087536946022E-003
         512   4.9377131535334566E-003  -4.4764752390648458E-003
         513   6.0637922380062659E-003  -1.0368341867877542E-002
         514   8.2042012143170532E-003   2.0398630407364306E-002
         515   4.8795721809128494E-003  -4.3384885628906479E-003
         516   5.4480152540083426E-003  -6.3150619942492717E-003
         517   4.8985223431840695E-003  -4.3851400427734125E-003
         518   5.9556218771811761E-003  -9.4810338646868723E-003
         519   5.2739189228655052E-003  -5.5815780554948069E-003
         520   4.5517790995422327E-003  -3.5544380129768987E-003
         521   2.3494542879364528E-003  -1.0193622587749763E-003
         522   4.5611734334387657E-003  -3.5732303371793471E-003
         523   4.7604916192239641E-003  -4.0206693576845644E-003
         524   4.6631520667534780E-003  -3.7920797807821181E-003
         525   1.0771131469819563E-002   6.6457155899676476E-003
         526   8.6848919021460212E-003   1.3312187266437837E-002
         527   8.8006266565563134E-003   1.2371515693121015E-002
         528   9.5776834534595946E-003   8.8755464303909258E-003
         529   6.1774443242370927E-003  -1.2250056394034004E-002
         530   2.4298223249876122E-003  -1.0751410907551202E-003
         531   5.4948719086439302E-003  -6.6648289647938579E-003
         532   5.4899098500741398E-003  -6.6370366890528788E-003
         533   8.6122472096178959E-003   1.3459129619078533E-002
         534   9.9864727963519494E-003   7.7389245761622840E-003
         535   8.6723238556077956E-003   1.2791037656911678E-002
         536   5.0865691051182283E-003  -5.0726852084559898E-003
         537   1.2720230179268394E-002   4.9112228827447530E-003
         538   6.1128567088679746E-003  -1.1857101446358154E-002
         539   3.4089551224757522E-003  -1.9006314330601208E-003
         540   1.2294052038040678E-002   5.1094653404100410E-003
         541   4.8160823889844290E-003  -4.2802309038594884E-003
         542   8.4991383712360712E-003   1.3713349590484683E-002
         543   5.5553249130597358E-003  -7.2145500193268233E-003
         544   5.0665872835447094E-003  -5.0548628511245808E-003
         545   9.4204926877187230E-003   8.8372116870369891E-003
         546   8.5897031583197329E-003   1.2705088655511567E-002
         547   5.3726668999111689E-003  -6.3353847241364959E-003
         548   1.5327455633639547E-003  -5.7278345569743844E-004
         549   5.2702862258352532E-003  -5.8758914661836224E-003
         550   6.1303864931097803E-003  -1.2582758340672179E-002
         551   5.3722042200980867E-003  -6.3175707892455038E-003
         552   9.7675646749644397E-003   7.7967444385063315E-003
         553   4.0229911738612180E-003  -2.6950698041759073E-003
         554   8.9586855084909829E-003   1.0269042728921606E-002
         555   2.3394755461945654E-003  -1.0190740261876113E-003
         556   5.4150932249816056E-003  -6.5943254290219671E-003
         557   3.4368435153490861E-003  -1.9399316636367937E-003
         558   1.1131230993144555E-002   5.7792772330161777E-003
         559   1.0340721199402467E-002   6.6617263900818806E-003
         560   9.5257667366123559E-003   8.1726987585846213E-003
         561   9.7753564325349009E-003   7.5734269671714326E-003
         562   5.0824095726903313E-003  -5.2620765528128234E-003
         563   3.6437356172455831E-003  -2.1944536257799793E-003
         564   2.9328249884110731E-003  -1.4634024213978981E-003
         565   4.8227683286273257E-003  -4.4196040141446817E-003
         566   5.5295675896405386E-003  -7.3770849211089026E-003
         567   3.1666460354994102E-003  -1.6710847741735896E-003
         568   8.6379919523462221E-003   1.1401210573043731E-002
         569   9.4190344743962651E-003   8.2559365033687427E-003
         570   5.6451985349718833E-003  -8.2423070406117613E-003
         571   5.2463345546802913E-003  -5.9674175297913480E-003
         572   5.4793224883314994E-003  -7.1521757431668382E-003
         573   1.4070367965334911E-002   4.1135741977728745E-003
         574   1.0439538542920145E-002   6.2932972880172773E-003
         575   8.0380606539989137E-003   1.6356549352406650E-002
         576   4.4564072267536696E-003  -3.5583216154163365E-003
         577   3.4713445262053587E-003  -2.0018585485347302E-003
         578   5.4803003399447481E-003  -7.2879208223193097E-003
         579   1.0989909751696161E-002   5.6467020347184269E-003
         580   8.1568247456561115E-003   1.4472386899534827E-002
         581   5.3108534554106258E-003  -6.4254849497414421E-003
         582   4.9542324984791124E-003  -4.9449778983773809E-003
         583   1.0169174453240341E-002   6.5175349645006150E-003
         584   5.3894703570576252E-003  -6.8694660625675452E-003
         585   2.0821867744417358E-003  -8.6269197977006690E-004
         586   7.7253976062102471E-003   2.1098804176488562E-002
         587   4.9882444280631814E-003  -5.1129853530024177E-003
         588   3.9301035875358124E-003  -2.6249727356223410E-003
         589   4.4645828281691122E-003  -3.6180745255633175E-003
         590   5.1525227468274008E-003  -5.7590095777085145E-003
         591   1.0328580337822330E-002   6.2099232378876011E-003
         592   3.8057862581432496E-003  -2.4435018132525342E-003
         593   6.1053906107738296E-003  -1.4554205702230719E-002
         594   8.9841672736617334E-003   8.9131320636441670E-003
         595   6.0820156154687164E-003  -1.4209501972300614E-002
         596   8.9101951000849378E-003   9.1095936970169260E-003
         597   2.0057406755183927E-003  -8.1750300359908698E-004
         598   4.8825401116328162E-003  -4.7790441489948248E-003
         599   4.6254344012352164E-003  -4.0218716456959756E-003
         600   9.9094658325182047E-003   6.6675411618805341E-003
         601   7.8036272186970141E-003   1.7737451716536953E-002
         602   8.5513887963358758E-003   1.0458622106244674E-002
         603   9.7442582447276344E-003   6.8763523883388425E-003
         604   2.9972090225170093E-003  -1.5400550047482218E-003
         605   1.0455561916929644E-002   5.8773990237395851E-003
         606   1.0896505494247834E-002   5.4345745606334305E-003
         607   1.0925656219585545E-003  -3.7747696192394091E-004
         608   5.4894812458453918E-003  -7.9081905255085506E-003
         609   7.8742128657114940E-003   1.5722950087268636E-002
         610   5.1550623064568254E-003  -6.0154339796264431E-003
         611   1.1352408085467310E-002   5.0421100407829844E-003
         612   5.5637751681206849E-003  -8.5789439006499785E-003
         613   5.7017981393633378E-003  -9.8381955254421422E-003
         614   4.0980460920131186E-003  -2.9520466865324531E-003
         615   7.9111814309746550E-003   1.4799047150895608E-002
         616   5.3661504126740582E-003  -7.2123958322809316E-003
         617   6.1410098540546935E-003  -1.7387104014667944E-002
         618   1.0453819517884764E-002   5.7170604182962808E-003
         619   4.7304775646875028E-003  -4.4410002424076925E-003
         620   8.5430690674461896E-003   9.8410316894128463E-003
         621   8.1340204003667021E-003   1.2234800208266273E-002
         622   5.2907018008175400E-003  -6.8452034346272320E-003
         623   8.0176613834358826E-003   1.3108896175327192E-002
         624   7.7308980940723913E-003   1.6441902973072624E-002
         625   9.6527626871935231E-003   6.6588446094366710E-003
         626   2.4634356341677443E-003  -1.1221816645874366E-003
         627   5.1296129699060456E-003  -6.0960590794185646E-003
         628   9.1420181045755080E-003   7.6262451933133109E-003
         629   1.6417789340501215E-003  -6.2838713388319826E-004
         630   5.1471212829134784E-003  -6.2083134878192971E-003
         631   8.0997964133422487E-003   1.1994412432695039E-002
         632   7.7509585997503280E-003   1.5451588398933198E-002
         633   3.8201663596550590E-003  -2.5539159930310128E-003
         634   1.0015669682720564E-002   6.0289431739210617E-003
         635   8.2131856107270380E-003   1.0992235563637411E-002
         636   8.4348776832755042E-003   9.7596427139146746E-003
         637   4.8220803333857178E-003  -4.9491744922742021E-003
         638   8.4520888092558429E-003   9.6160411859817913E-003
         639   8.4674887145722369E-003   9.5047264007817704E-003
         640   8.1646889690062379E-003   1.1029501497897620E-002
         641   2.9568894084114144E-003  -1.5435654254763681E-003
         642   8.1147074519182343E-003   1.1273212326056232E-002
         643   8.8371810100366672E-003   8.0855204686354071E-003
         644   4.6234491751249700E-003  -4.3750559643822512E-003
         645   9.3303359971391980E-003   6.9036043483375869E-003
         646   8.0667847445575550E-003   1.1375615871999050E-002
         647   1.0615688162696512E-002   5.2606574331826262E-003
         648   2.3726611608710780E-003  -1.0785281543892113E-003
         649   4.9994019447540568E-003  -5.8555983231559699E-003
         650   5.2586536806983955E-003  -7.2935355230024593E-003
         651   7.6357502209526106E-003   1.5260341561051412E-002
         652   7.4341975848770192E-003   1.8543199109828299E-002
         653   4.6898787645053763E-003  -4.6747600408184346E-003
         654   8.3108852556006384E-003   9.6981120033154851E-003
         655   5.1106154928272285E-003  -6.5219765836349048E-003
         656   9.8908867837522937E-003   5.9026728860450241E-003
         657   7.8245042556786704E-003   1.2688119664468891E-002
         658   8.8588458603896456E-003   7.6832316439990056E-003
         659   8.7941103495119584E-003   7.8251995498619577E-003
         660   8.1115404177550428E-003   1.0449134905850491E-002
         661   9.6079966783854040E-003   6.1944836467298812E-003
         662   8.8134103571231304E-003   7.6896513866740188E-003
         663   1.0020556522677511E-002   5.6524878594386768E-003
         664   4.9831514893378349E-003  -6.0629222562696801E-003
         665   8.0350940294989810E-003   1.0645187625857014E-002
         666   8.1037518255963857E-003   1.0205280454648297E-002
         667   1.0584604762314740E-002   5.0891325891567083E-003
         668   3.4887344026540840E-003  -2.2017857101183668E-003
         669   8.1378977208838681E-003   9.9080529184844644E-003
         670   5.3343519853833159E-003  -8.5218933138092000E-003
         671   7.4970260603745408E-003   1.5156011319960376E-002
         672   3.3529032911022989E-003  -2.0339004772123095E-003
         673   8.0841353945516857E-003   1.0054826639224166E-002
         674   1.1873750511774159E-003  -4.2896924490819319E-004
         675   8.5928981880450776E-003   8.0155643356045574E-003
         676   7.9284111772790298E-003   1.0842168751818405E-002
         677   8.2609899272056593E-003   9.1032066283814102E-003
         678   5.6254322213179584E-003  -1.2332722645183602E-002
         679   4.2050568089028878E-003  -3.5183057461448349E-003
         680   5.5518562461059455E-003  -1.1221227600698375E-002
         681   7.2377911850525362E-003   1.8886230490729915E-002
         682   9.3106309020502594E-003   6.3477550578022457E-003
         683   7.3457203169736167E-003   1.6418140493306331E-002
         684   3.5565987455126987E-003  -2.3374238729198600E-003
         685   8.7552782246084135E-003   7.3769491061389395E-003
         686   9.7436912487669503E-003   5.7113170764116544E-003
         687   4.9040627859123697E-003  -6.0274895185839280E-003
         688   5.3395108529549276E-003  -9.1041358138424459E-003
         689   1.3021876671631207E-002   3.7953255186140350E-003
         690   5.1342608584800118E-003  -7.4311691914237896E-003
         691   7.3929561977417223E-003   1.4991036684245939E-002
         692   5.0187405934649437E-003  -6.7144708991727000E-003
         693   4.4326619149833773E-003  -4.2002771289432871E-003
         694   1.0489407035227721E-002   4.9339716844702206E-003
         695   2.3318827159828940E-003  -1.0809702276579291E-003
         696   5.5407256466772168E-003  -1.1792012973519186E-002
         697   4.4907286746092281E-003  -4.3864439254648205E-003
         698   4.5310919373662030E-003  -4.5188401460762410E-003
         699   8.8344086292103229E-003   6.9629180731448932E-003
         700   9.0268593095490287E-003   6.5677382769916684E-003

   k   test 
         700   1.5738526218635890E-005
